Time sep (ms?), Charge (C)
0.0, -6.51e-10
2.002, -7.53e-10
4.004, -8.56e-10
6.006, -9.59e-10
8.008, -1.056e-09
10.01, -1.158e-09
12.012, -1.26e-09
14.014, -1.355e-09
16.016, -1.451e-09
18.018, -1.548e-09
20.02, -1.64e-09
22.022, -1.733e-09
24.024, -1.828e-09
26.026, -1.92e-09
28.028, -2.02e-09
30.03, -2.113e-09
32.032, -2.206e-09
34.034, -2.308e-09
36.036, -2.41e-09
38.038, -2.511e-09
40.04, -2.607e-09
42.042, -2.699e-09
44.044, -2.795e-09
46.046, -2.89e-09
48.048, -2.99e-09
50.05, -3.083e-09
52.052, -3.177e-09
54.054, -3.271e-09
56.056, -3.356e-09
58.058, -3.451e-09
60.06, -3.542e-09
62.062, -3.632e-09
64.064, -3.727e-09
66.066, -3.822e-09
68.068, -3.92e-09
70.07, -4.018e-09
72.072, -4.114e-09
74.074, -4.212e-09
76.076, -4.311e-09
78.078, -4.409e-09
80.08, -4.504e-09
82.082, -4.604e-09
84.084, -4.703e-09
86.086, -4.803e-09
88.088, -4.9e-09
90.09, -4.999e-09
92.092, -5.095e-09
94.094, -5.189e-09
96.096, -5.287e-09
98.098, -5.381e-09
100.1, -5.475e-09
102.1, -5.57e-09
104.1, -5.664e-09
106.11, -5.758e-09
108.11, -5.852e-09
110.11, -5.943e-09
112.11, -6.037e-09
114.11, -6.133e-09
116.12, -6.232e-09
118.12, -6.324e-09
120.12, -6.417e-09
122.12, -6.514e-09
124.12, -6.612e-09
126.13, -6.708e-09
128.13, -6.805e-09
130.13, -6.901e-09
132.13, -6.997e-09
134.13, -7.099e-09
136.14, -7.198e-09
138.14, -7.297e-09
140.14, -7.393e-09
142.14, -7.492e-09
144.14, -7.593e-09
146.15, -7.69e-09
148.15, -7.793e-09
150.15, -7.895e-09
152.15, -7.996e-09
154.15, -8.099e-09
156.16, -8.199e-09
158.16, -8.297e-09
160.16, -8.395e-09
162.16, -8.495e-09
164.16, -8.592e-09
166.17, -8.695e-09
168.17, -8.79e-09
170.17, -8.892e-09
172.17, -8.995e-09
174.17, -9.101e-09
176.18, -9.207e-09
178.18, -9.309e-09
180.18, -9.405e-09
182.18, -9.508e-09
184.18, -9.61e-09
186.19, -9.71e-09
188.19, -9.811e-09
190.19, -9.909e-09
192.19, -1.0009e-08
194.19, -1.0106e-08
196.2, -1.0201e-08
198.2, -1.029e-08
200.2, -1.0386e-08
202.2, -1.0485e-08
204.2, -1.0584e-08
206.21, -1.0676e-08
208.21, -1.0777e-08
210.21, -1.088e-08
212.21, -1.0979e-08
214.21, -1.1078e-08
216.22, -1.1177e-08
218.22, -1.1278e-08
220.22, -1.1382e-08
222.22, -1.1484e-08
224.22, -1.1579e-08
226.23, -1.1673e-08
228.23, -1.1772e-08
230.23, -1.187e-08
232.23, -1.1963e-08
234.23, -1.2059e-08
236.24, -1.2157e-08
238.24, -1.2252e-08
240.24, -1.2339e-08
242.24, -1.2428e-08
244.24, -1.2519e-08
246.25, -1.2607e-08
248.25, -1.2697e-08
250.25, -1.2788e-08
252.25, -1.2881e-08
254.25, -1.2971e-08
256.26, -1.3062e-08
258.26, -1.3156e-08
260.26, -1.3254e-08
262.26, -1.3351e-08
264.26, -1.3445e-08
266.27, -1.3537e-08
268.27, -1.3635e-08
270.27, -1.373e-08
272.27, -1.3824e-08
274.27, -1.3919e-08
276.28, -1.4005e-08
278.28, -1.4089e-08
280.28, -1.4175e-08
282.28, -1.4265e-08
284.28, -1.4353e-08
286.29, -1.4438e-08
288.29, -1.4529e-08
290.29, -1.4618e-08
292.29, -1.4712e-08
294.29, -1.4804e-08
296.3, -1.4893e-08
298.3, -1.4985e-08
300.3, -1.5077e-08
302.3, -1.5171e-08
304.3, -1.5265e-08
306.31, -1.5354e-08
308.31, -1.5446e-08
310.31, -1.554e-08
312.31, -1.563e-08
314.31, -1.5726e-08
316.32, -1.5825e-08
318.32, -1.5926e-08
320.32, -1.602e-08
322.32, -1.6111e-08
324.32, -1.6201e-08
326.33, -1.6287e-08
328.33, -1.6375e-08
330.33, -1.6465e-08
332.33, -1.6559e-08
334.33, -1.6652e-08
336.34, -1.6748e-08
338.34, -1.6844e-08
340.34, -1.6936e-08
342.34, -1.703e-08
344.34, -1.7126e-08
346.35, -1.7218e-08
348.35, -1.7314e-08
350.35, -1.741e-08
352.35, -1.7505e-08
354.35, -1.7596e-08
356.36, -1.7689e-08
358.36, -1.7785e-08
360.36, -1.7882e-08
362.36, -1.7981e-08
364.36, -1.8078e-08
366.37, -1.8176e-08
368.37, -1.8273e-08
370.37, -1.837e-08
372.37, -1.8469e-08
374.37, -1.8567e-08
376.38, -1.8666e-08
378.38, -1.8759e-08
380.38, -1.8855e-08
382.38, -1.8949e-08
384.38, -1.9051e-08
386.39, -1.9149e-08
388.39, -1.9246e-08
390.39, -1.9341e-08
392.39, -1.9437e-08
394.39, -1.9535e-08
396.4, -1.9631e-08
398.4, -1.973e-08
400.4, -1.9828e-08
402.4, -1.9929e-08
404.4, -2.0021e-08
406.41, -2.011e-08
408.41, -2.0203e-08
410.41, -2.0298e-08
412.41, -2.0394e-08
414.41, -2.0492e-08
416.42, -2.0593e-08
418.42, -2.0691e-08
420.42, -2.0792e-08
422.42, -2.0888e-08
424.42, -2.0987e-08
426.43, -2.1084e-08
428.43, -2.1183e-08
430.43, -2.1276e-08
432.43, -2.1375e-08
434.43, -2.1472e-08
436.44, -2.1563e-08
438.44, -2.1655e-08
440.44, -2.1745e-08
442.44, -2.1844e-08
444.44, -2.1938e-08
446.45, -2.2033e-08
448.45, -2.2125e-08
450.45, -2.2227e-08
452.45, -2.2327e-08
454.45, -2.2424e-08
456.46, -2.2526e-08
458.46, -2.2628e-08
460.46, -2.2732e-08
462.46, -2.283e-08
464.46, -2.2929e-08
466.47, -2.3024e-08
468.47, -2.3123e-08
470.47, -2.322e-08
472.47, -2.3317e-08
474.47, -2.3414e-08
476.48, -2.3506e-08
478.48, -2.3595e-08
480.48, -2.3692e-08
482.48, -2.3793e-08
484.48, -2.3893e-08
486.49, -2.3986e-08
488.49, -2.4082e-08
490.49, -2.4179e-08
492.49, -2.4274e-08
494.49, -2.4371e-08
496.5, -2.4467e-08
498.5, -2.4559e-08
500.5, -2.4653e-08
502.5, -2.4747e-08
504.5, -2.484e-08
506.51, -2.4938e-08
508.51, -2.5034e-08
510.51, -2.5125e-08
512.51, -2.5211e-08
514.51, -2.5296e-08
516.52, -2.5384e-08
518.52, -2.5475e-08
520.52, -2.5574e-08
522.52, -2.5668e-08
524.52, -2.5759e-08
526.53, -2.5853e-08
528.53, -2.5944e-08
530.53, -2.6039e-08
532.53, -2.6128e-08
534.53, -2.6222e-08
536.54, -2.6317e-08
538.54, -2.6407e-08
540.54, -2.6501e-08
542.54, -2.6596e-08
544.54, -2.6693e-08
546.55, -2.6784e-08
548.55, -2.6875e-08
550.55, -2.6971e-08
552.55, -2.7069e-08
554.55, -2.7165e-08
556.56, -2.726e-08
558.56, -2.7356e-08
560.56, -2.7451e-08
562.56, -2.7552e-08
564.56, -2.7648e-08
566.57, -2.7741e-08
568.57, -2.7837e-08
570.57, -2.7928e-08
572.57, -2.8012e-08
574.57, -2.8103e-08
576.58, -2.8198e-08
578.58, -2.8287e-08
580.58, -2.8377e-08
582.58, -2.8467e-08
584.58, -2.8555e-08
586.59, -2.8642e-08
588.59, -2.8727e-08
590.59, -2.8814e-08
592.59, -2.8902e-08
594.59, -2.8993e-08
596.6, -2.9081e-08
598.6, -2.9176e-08
600.6, -2.9266e-08
602.6, -2.9362e-08
604.6, -2.9456e-08
606.61, -2.9548e-08
608.61, -2.9641e-08
610.61, -2.9731e-08
612.61, -2.9818e-08
614.61, -2.9908e-08
616.62, -2.9995e-08
618.62, -3.0081e-08
620.62, -3.0171e-08
622.62, -3.0257e-08
624.62, -3.035e-08
626.63, -3.0442e-08
628.63, -3.0533e-08
630.63, -3.0627e-08
632.63, -3.072e-08
634.63, -3.0813e-08
636.64, -3.0909e-08
638.64, -3.1004e-08
640.64, -3.1096e-08
642.64, -3.1187e-08
644.64, -3.1278e-08
646.65, -3.1374e-08
648.65, -3.1467e-08
650.65, -3.1561e-08
652.65, -3.1659e-08
654.65, -3.1756e-08
656.66, -3.1853e-08
658.66, -3.1946e-08
660.66, -3.2043e-08
662.66, -3.214e-08
664.66, -3.2239e-08
666.67, -3.2334e-08
668.67, -3.2432e-08
670.67, -3.2525e-08
672.67, -3.2622e-08
674.67, -3.2716e-08
676.68, -3.2808e-08
678.68, -3.2899e-08
680.68, -3.2986e-08
682.68, -3.3073e-08
684.68, -3.3166e-08
686.69, -3.3263e-08
688.69, -3.3355e-08
690.69, -3.3453e-08
692.69, -3.3543e-08
694.69, -3.3637e-08
696.7, -3.3729e-08
698.7, -3.3821e-08
700.7, -3.391e-08
702.7, -3.4003e-08
704.7, -3.4097e-08
706.71, -3.4193e-08
708.71, -3.4287e-08
710.71, -3.4387e-08
712.71, -3.448e-08
714.71, -3.4577e-08
716.72, -3.467e-08
718.72, -3.4764e-08
720.72, -3.4854e-08
722.72, -3.4945e-08
724.72, -3.5038e-08
726.73, -3.5129e-08
728.73, -3.522e-08
730.73, -3.5318e-08
732.73, -3.5407e-08
734.73, -3.5501e-08
736.74, -3.5597e-08
738.74, -3.5687e-08
740.74, -3.5779e-08
742.74, -3.5874e-08
744.74, -3.5966e-08
746.75, -3.6059e-08
748.75, -3.6149e-08
750.75, -3.6246e-08
752.75, -3.634e-08
754.75, -3.6436e-08
756.76, -3.6531e-08
758.76, -3.6626e-08
760.76, -3.6724e-08
762.76, -3.6817e-08
764.76, -3.6909e-08
766.77, -3.7e-08
768.77, -3.7094e-08
770.77, -3.7184e-08
772.77, -3.7276e-08
774.77, -3.7362e-08
776.78, -3.7452e-08
778.78, -3.7548e-08
780.78, -3.7645e-08
782.78, -3.7744e-08
784.78, -3.7842e-08
786.79, -3.7933e-08
788.79, -3.8026e-08
790.79, -3.8125e-08
792.79, -3.8223e-08
794.79, -3.8322e-08
796.8, -3.8417e-08
798.8, -3.8515e-08
800.8, -3.8619e-08
802.8, -3.872e-08
804.8, -3.8822e-08
806.81, -3.8919e-08
808.81, -3.9012e-08
810.81, -3.9103e-08
812.81, -3.9194e-08
814.81, -3.9286e-08
816.82, -3.9379e-08
818.82, -3.9469e-08
820.82, -3.9558e-08
822.82, -3.9645e-08
824.82, -3.9737e-08
826.83, -3.9829e-08
828.83, -3.9916e-08
830.83, -4.001e-08
832.83, -4.0103e-08
834.83, -4.0197e-08
836.84, -4.0289e-08
838.84, -4.0384e-08
840.84, -4.0477e-08
842.84, -4.0569e-08
844.84, -4.0663e-08
846.85, -4.0753e-08
848.85, -4.0848e-08
850.85, -4.0943e-08
852.85, -4.1036e-08
854.85, -4.1134e-08
856.86, -4.1232e-08
858.86, -4.1325e-08
860.86, -4.1421e-08
862.86, -4.1521e-08
864.86, -4.1621e-08
866.87, -4.1715e-08
868.87, -4.1809e-08
870.87, -4.1909e-08
872.87, -4.2009e-08
874.87, -4.2106e-08
876.88, -4.2198e-08
878.88, -4.2293e-08
880.88, -4.2387e-08
882.88, -4.2478e-08
884.88, -4.2572e-08
886.89, -4.2671e-08
888.89, -4.2773e-08
890.89, -4.2874e-08
892.89, -4.2974e-08
894.89, -4.3068e-08
896.9, -4.3157e-08
898.9, -4.3243e-08
900.9, -4.3344e-08
902.9, -4.3445e-08
904.9, -4.3547e-08
906.91, -4.3647e-08
908.91, -4.3746e-08
910.91, -4.3846e-08
912.91, -4.3946e-08
914.91, -4.4042e-08
916.92, -4.4137e-08
918.92, -4.4238e-08
920.92, -4.4341e-08
922.92, -4.4442e-08
924.92, -4.4542e-08
926.93, -4.4642e-08
928.93, -4.4734e-08
930.93, -4.4835e-08
932.93, -4.4931e-08
934.93, -4.5033e-08
936.94, -4.5131e-08
938.94, -4.5236e-08
940.94, -4.5334e-08
942.94, -4.5435e-08
944.94, -4.5535e-08
946.95, -4.5632e-08
948.95, -4.573e-08
950.95, -4.5831e-08
952.95, -4.5931e-08
954.95, -4.6027e-08
956.96, -4.6121e-08
958.96, -4.6218e-08
960.96, -4.6312e-08
962.96, -4.641e-08
964.96, -4.6508e-08
966.97, -4.6606e-08
968.97, -4.67e-08
970.97, -4.6794e-08
972.97, -4.6894e-08
974.97, -4.6988e-08
976.98, -4.7078e-08
978.98, -4.7173e-08
980.98, -4.7273e-08
982.98, -4.7372e-08
984.98, -4.7469e-08
986.99, -4.7568e-08
988.99, -4.7662e-08
990.99, -4.7757e-08
992.99, -4.7848e-08
994.99, -4.7943e-08
997.0, -4.8037e-08
999.0, -4.8131e-08
1001.0, -4.8225e-08
1003.0, -4.8317e-08
1005.0, -4.8407e-08
1007.0, -4.8489e-08
1009.0, -4.8577e-08
1011.0, -4.8658e-08
1013.0, -4.8739e-08
1015.0, -4.8817e-08
1017.0, -4.89e-08
1019.0, -4.899e-08
1021.0, -4.9077e-08
1023.0, -4.9162e-08
1025.0, -4.9245e-08
1027.0, -4.933e-08
1029.0, -4.9412e-08
1031.0, -4.9504e-08
1033.0, -4.9601e-08
1035.0, -4.9687e-08
1037.0, -4.9771e-08
1039.0, -4.9857e-08
1041.0, -4.9942e-08
1043.0, -5.0034e-08
1045.0, -5.0112e-08
1047.0, -5.0195e-08
1049.0, -5.0279e-08
1051.0, -5.036e-08
1053.1, -5.045e-08
1055.1, -5.0527e-08
1057.1, -5.06e-08
1059.1, -5.0671e-08
1061.1, -5.0749e-08
1063.1, -5.0838e-08
1065.1, -5.0919e-08
1067.1, -5.1004e-08
1069.1, -5.1093e-08
1071.1, -5.1179e-08
1073.1, -5.1265e-08
1075.1, -5.135e-08
1077.1, -5.1434e-08
1079.1, -5.152e-08
1081.1, -5.1611e-08
1083.1, -5.17e-08
1085.1, -5.1787e-08
1087.1, -5.1878e-08
1089.1, -5.1963e-08
1091.1, -5.2035e-08
1093.1, -5.2122e-08
1095.1, -5.2217e-08
1097.1, -5.231e-08
1099.1, -5.2402e-08
1101.1, -5.2496e-08
1103.1, -5.2579e-08
1105.1, -5.2655e-08
1107.1, -5.274e-08
1109.1, -5.2829e-08
1111.1, -5.292e-08
1113.1, -5.3007e-08
1115.1, -5.309e-08
1117.1, -5.317e-08
1119.1, -5.3264e-08
1121.1, -5.3349e-08
1123.1, -5.3428e-08
1125.1, -5.3516e-08
1127.1, -5.3598e-08
1129.1, -5.3671e-08
1131.1, -5.3753e-08
1133.1, -5.3842e-08
1135.1, -5.3926e-08
1137.1, -5.4015e-08
1139.1, -5.4099e-08
1141.1, -5.4184e-08
1143.1, -5.4275e-08
1145.1, -5.4358e-08
1147.1, -5.445e-08
1149.1, -5.4539e-08
1151.1, -5.4624e-08
1153.2, -5.4705e-08
1155.2, -5.4784e-08
1157.2, -5.4864e-08
1159.2, -5.4942e-08
1161.2, -5.5015e-08
1163.2, -5.5099e-08
1165.2, -5.5183e-08
1167.2, -5.5259e-08
1169.2, -5.5337e-08
1171.2, -5.5417e-08
1173.2, -5.5511e-08
1175.2, -5.5602e-08
1177.2, -5.5692e-08
1179.2, -5.5778e-08
1181.2, -5.5861e-08
1183.2, -5.5943e-08
1185.2, -5.6029e-08
1187.2, -5.6122e-08
1189.2, -5.6208e-08
1191.2, -5.6294e-08
1193.2, -5.6385e-08
1195.2, -5.6467e-08
1197.2, -5.654e-08
1199.2, -5.6621e-08
1201.2, -5.6697e-08
1203.2, -5.6781e-08
1205.2, -5.6879e-08
1207.2, -5.6967e-08
1209.2, -5.7052e-08
1211.2, -5.7138e-08
1213.2, -5.7205e-08
1215.2, -5.7282e-08
1217.2, -5.7376e-08
1219.2, -5.7461e-08
1221.2, -5.7547e-08
1223.2, -5.7622e-08
1225.2, -5.7702e-08
1227.2, -5.7789e-08
1229.2, -5.7873e-08
1231.2, -5.7968e-08
1233.2, -5.8058e-08
1235.2, -5.815e-08
1237.2, -5.8231e-08
1239.2, -5.8309e-08
1241.2, -5.8389e-08
1243.2, -5.8465e-08
1245.2, -5.8553e-08
1247.2, -5.8635e-08
1249.2, -5.8714e-08
1251.2, -5.8785e-08
1253.3, -5.8871e-08
1255.3, -5.8952e-08
1257.3, -5.9036e-08
1259.3, -5.912e-08
1261.3, -5.9206e-08
1263.3, -5.9296e-08
1265.3, -5.9383e-08
1267.3, -5.9472e-08
1269.3, -5.9555e-08
1271.3, -5.9632e-08
1273.3, -5.9719e-08
1275.3, -5.9797e-08
1277.3, -5.9876e-08
1279.3, -5.9953e-08
1281.3, -6.0037e-08
1283.3, -6.0122e-08
1285.3, -6.0203e-08
1287.3, -6.0282e-08
1289.3, -6.0374e-08
1291.3, -6.0466e-08
1293.3, -6.0551e-08
1295.3, -6.0635e-08
1297.3, -6.072e-08
1299.3, -6.0811e-08
1301.3, -6.09e-08
1303.3, -6.0988e-08
1305.3, -6.1078e-08
1307.3, -6.1163e-08
1309.3, -6.124e-08
1311.3, -6.1321e-08
1313.3, -6.1408e-08
1315.3, -6.1495e-08
1317.3, -6.1574e-08
1319.3, -6.1653e-08
1321.3, -6.1736e-08
1323.3, -6.1816e-08
1325.3, -6.1892e-08
1327.3, -6.1971e-08
1329.3, -6.2044e-08
1331.3, -6.2121e-08
1333.3, -6.2196e-08
1335.3, -6.2288e-08
1337.3, -6.2363e-08
1339.3, -6.2437e-08
1341.3, -6.2516e-08
1343.3, -6.2602e-08
1345.3, -6.2685e-08
1347.3, -6.2764e-08
1349.3, -6.2837e-08
1351.3, -6.2919e-08
1353.4, -6.2992e-08
1355.4, -6.3064e-08
1357.4, -6.314e-08
1359.4, -6.3227e-08
1361.4, -6.3315e-08
1363.4, -6.34e-08
1365.4, -6.3479e-08
1367.4, -6.3555e-08
1369.4, -6.3632e-08
1371.4, -6.3707e-08
1373.4, -6.3782e-08
1375.4, -6.385e-08
1377.4, -6.3924e-08
1379.4, -6.3994e-08
1381.4, -6.4072e-08
1383.4, -6.4144e-08
1385.4, -6.4222e-08
1387.4, -6.431e-08
1389.4, -6.4386e-08
1391.4, -6.4462e-08
1393.4, -6.4535e-08
1395.4, -6.4611e-08
1397.4, -6.4696e-08
1399.4, -6.4774e-08
1401.4, -6.4861e-08
1403.4, -6.4951e-08
1405.4, -6.5042e-08
1407.4, -6.5121e-08
1409.4, -6.5195e-08
1411.4, -6.5277e-08
1413.4, -6.5351e-08
1415.4, -6.5428e-08
1417.4, -6.5503e-08
1419.4, -6.5582e-08
1421.4, -6.5656e-08
1423.4, -6.5729e-08
1425.4, -6.5809e-08
1427.4, -6.5893e-08
1429.4, -6.5972e-08
1431.4, -6.6049e-08
1433.4, -6.6141e-08
1435.4, -6.6217e-08
1437.4, -6.6291e-08
1439.4, -6.6371e-08
1441.4, -6.6448e-08
1443.4, -6.6536e-08
1445.4, -6.6618e-08
1447.4, -6.6694e-08
1449.4, -6.6781e-08
1451.4, -6.6867e-08
1453.5, -6.6946e-08
1455.5, -6.703e-08
1457.5, -6.7113e-08
1459.5, -6.7198e-08
1461.5, -6.7276e-08
1463.5, -6.7357e-08
1465.5, -6.7431e-08
1467.5, -6.7517e-08
1469.5, -6.7602e-08
1471.5, -6.7673e-08
1473.5, -6.7757e-08
1475.5, -6.7848e-08
1477.5, -6.7928e-08
1479.5, -6.8003e-08
1481.5, -6.8078e-08
1483.5, -6.8164e-08
1485.5, -6.8244e-08
1487.5, -6.8319e-08
1489.5, -6.8398e-08
1491.5, -6.8471e-08
1493.5, -6.854e-08
1495.5, -6.8628e-08
1497.5, -6.8714e-08
1499.5, -6.8783e-08
1501.5, -6.8868e-08
1503.5, -6.8954e-08
1505.5, -6.9034e-08
1507.5, -6.9113e-08
1509.5, -6.9199e-08
1511.5, -6.9274e-08
1513.5, -6.9357e-08
1515.5, -6.9441e-08
1517.5, -6.9522e-08
1519.5, -6.9602e-08
1521.5, -6.969e-08
1523.5, -6.978e-08
1525.5, -6.9874e-08
1527.5, -6.995e-08
1529.5, -7.0033e-08
1531.5, -7.0113e-08
1533.5, -7.0196e-08
1535.5, -7.0281e-08
1537.5, -7.0369e-08
1539.5, -7.0449e-08
1541.5, -7.0526e-08
1543.5, -7.0593e-08
1545.5, -7.0656e-08
1547.5, -7.0722e-08
1549.5, -7.0807e-08
1551.5, -7.0893e-08
1553.6, -7.0972e-08
1555.6, -7.105e-08
1557.6, -7.1115e-08
1559.6, -7.1175e-08
1561.6, -7.1252e-08
1563.6, -7.1327e-08
1565.6, -7.14e-08
1567.6, -7.1476e-08
1569.6, -7.1546e-08
1571.6, -7.1611e-08
1573.6, -7.1678e-08
1575.6, -7.1758e-08
1577.6, -7.1835e-08
1579.6, -7.1908e-08
1581.6, -7.1989e-08
1583.6, -7.2069e-08
1585.6, -7.2144e-08
1587.6, -7.2221e-08
1589.6, -7.2293e-08
1591.6, -7.2361e-08
1593.6, -7.2436e-08
1595.6, -7.2512e-08
1597.6, -7.2587e-08
1599.6, -7.2652e-08
1601.6, -7.2729e-08
1603.6, -7.2814e-08
1605.6, -7.2889e-08
1607.6, -7.2965e-08
1609.6, -7.3049e-08
1611.6, -7.314e-08
1613.6, -7.322e-08
1615.6, -7.3289e-08
1617.6, -7.3362e-08
1619.6, -7.3445e-08
1621.6, -7.353e-08
1623.6, -7.3611e-08
1625.6, -7.3701e-08
1627.6, -7.3788e-08
1629.6, -7.3873e-08
1631.6, -7.3946e-08
1633.6, -7.4033e-08
1635.6, -7.4115e-08
1637.6, -7.4194e-08
1639.6, -7.4279e-08
1641.6, -7.4359e-08
1643.6, -7.4454e-08
1645.6, -7.4538e-08
1647.6, -7.4619e-08
1649.6, -7.4698e-08
1651.6, -7.4787e-08
1653.7, -7.4869e-08
1655.7, -7.4953e-08
1657.7, -7.5028e-08
1659.7, -7.5107e-08
1661.7, -7.518e-08
1663.7, -7.5261e-08
1665.7, -7.5349e-08
1667.7, -7.5437e-08
1669.7, -7.5512e-08
1671.7, -7.5582e-08
1673.7, -7.5652e-08
1675.7, -7.5731e-08
1677.7, -7.5815e-08
1679.7, -7.5892e-08
1681.7, -7.5973e-08
1683.7, -7.6038e-08
1685.7, -7.6114e-08
1687.7, -7.6191e-08
1689.7, -7.6269e-08
1691.7, -7.6349e-08
1693.7, -7.6424e-08
1695.7, -7.651e-08
1697.7, -7.6593e-08
1699.7, -7.6676e-08
1701.7, -7.6759e-08
1703.7, -7.684e-08
1705.7, -7.692e-08
1707.7, -7.6993e-08
1709.7, -7.7077e-08
1711.7, -7.7154e-08
1713.7, -7.7228e-08
1715.7, -7.7307e-08
1717.7, -7.7381e-08
1719.7, -7.746e-08
1721.7, -7.7547e-08
1723.7, -7.763e-08
1725.7, -7.7715e-08
1727.7, -7.7794e-08
1729.7, -7.7863e-08
1731.7, -7.7927e-08
1733.7, -7.8002e-08
1735.7, -7.8089e-08
1737.7, -7.8175e-08
1739.7, -7.8255e-08
1741.7, -7.8331e-08
1743.7, -7.8418e-08
1745.7, -7.8516e-08
1747.7, -7.8616e-08
1749.7, -7.8707e-08
1751.7, -7.8794e-08
1753.8, -7.8886e-08
1755.8, -7.8981e-08
1757.8, -7.9076e-08
1759.8, -7.917e-08
1761.8, -7.9261e-08
1763.8, -7.9363e-08
1765.8, -7.9464e-08
1767.8, -7.9562e-08
1769.8, -7.9655e-08
1771.8, -7.975e-08
1773.8, -7.9843e-08
1775.8, -7.9936e-08
1777.8, -8.0031e-08
1779.8, -8.0128e-08
1781.8, -8.0224e-08
1783.8, -8.0319e-08
1785.8, -8.0417e-08
1787.8, -8.0511e-08
1789.8, -8.0611e-08
1791.8, -8.0715e-08
1793.8, -8.082e-08
1795.8, -8.0927e-08
1797.8, -8.1028e-08
1799.8, -8.1123e-08
1801.8, -8.122e-08
1803.8, -8.1318e-08
1805.8, -8.1414e-08
1807.8, -8.1504e-08
1809.8, -8.1604e-08
1811.8, -8.1701e-08
1813.8, -8.1795e-08
1815.8, -8.189e-08
1817.8, -8.1983e-08
1819.8, -8.2077e-08
1821.8, -8.2172e-08
1823.8, -8.2267e-08
1825.8, -8.2355e-08
1827.8, -8.2441e-08
1829.8, -8.2534e-08
1831.8, -8.2625e-08
1833.8, -8.2715e-08
1835.8, -8.281e-08
1837.8, -8.2903e-08
1839.8, -8.3e-08
1841.8, -8.3098e-08
1843.8, -8.3196e-08
1845.8, -8.329e-08
1847.8, -8.339e-08
1849.8, -8.3484e-08
1851.8, -8.3578e-08
1853.9, -8.3672e-08
1855.9, -8.3766e-08
1857.9, -8.3864e-08
1859.9, -8.3958e-08
1861.9, -8.4058e-08
1863.9, -8.4153e-08
1865.9, -8.4249e-08
1867.9, -8.4341e-08
1869.9, -8.4433e-08
1871.9, -8.4527e-08
1873.9, -8.4616e-08
1875.9, -8.47e-08
1877.9, -8.4791e-08
1879.9, -8.4875e-08
1881.9, -8.4967e-08
1883.9, -8.5063e-08
1885.9, -8.5157e-08
1887.9, -8.5251e-08
1889.9, -8.5349e-08
1891.9, -8.5443e-08
1893.9, -8.5532e-08
1895.9, -8.5623e-08
1897.9, -8.5716e-08
1899.9, -8.5807e-08
1901.9, -8.5898e-08
1903.9, -8.5992e-08
1905.9, -8.6088e-08
1907.9, -8.6183e-08
1909.9, -8.6278e-08
1911.9, -8.6371e-08
1913.9, -8.6473e-08
1915.9, -8.6568e-08
1917.9, -8.666e-08
1919.9, -8.6754e-08
1921.9, -8.6847e-08
1923.9, -8.6943e-08
1925.9, -8.7036e-08
1927.9, -8.7128e-08
1929.9, -8.7221e-08
1931.9, -8.7317e-08
1933.9, -8.7415e-08
1935.9, -8.751e-08
1937.9, -8.7603e-08
1939.9, -8.7698e-08
1941.9, -8.7788e-08
1943.9, -8.7881e-08
1945.9, -8.798e-08
1947.9, -8.8074e-08
1949.9, -8.8167e-08
1951.9, -8.8264e-08
1954.0, -8.8359e-08
1956.0, -8.8457e-08
1958.0, -8.8556e-08
1960.0, -8.8653e-08
1962.0, -8.8751e-08
1964.0, -8.8856e-08
1966.0, -8.8954e-08
1968.0, -8.905e-08
1970.0, -8.9148e-08
1972.0, -8.9247e-08
1974.0, -8.9345e-08
1976.0, -8.9439e-08
1978.0, -8.9537e-08
1980.0, -8.9637e-08
1982.0, -8.974e-08
1984.0, -8.9847e-08
1986.0, -8.9946e-08
1988.0, -9.0044e-08
1990.0, -9.0143e-08
1992.0, -9.024e-08
1994.0, -9.0333e-08
1996.0, -9.0432e-08
1998.0, -9.0534e-08
2000.0, -9.0628e-08
2002.0, -9.0726e-08
2004.0, -9.0822e-08
2006.0, -9.0922e-08
2008.0, -9.1019e-08
2010.0, -9.1121e-08
2012.0, -9.1218e-08
2014.0, -9.1318e-08
2016.0, -9.1419e-08
2018.0, -9.1519e-08
2020.0, -9.1619e-08
2022.0, -9.1715e-08
2024.0, -9.1809e-08
2026.0, -9.1907e-08
2028.0, -9.2007e-08
2030.0, -9.2104e-08
2032.0, -9.2198e-08
2034.0, -9.2297e-08
2036.0, -9.2396e-08
2038.0, -9.2501e-08
2040.0, -9.2602e-08
2042.0, -9.2701e-08
2044.0, -9.28e-08
2046.0, -9.2895e-08
2048.0, -9.2997e-08
2050.0, -9.3099e-08
2052.0, -9.32e-08
2054.1, -9.3303e-08
2056.1, -9.3409e-08
2058.1, -9.3516e-08
2060.1, -9.3614e-08
2062.1, -9.3718e-08
2064.1, -9.3816e-08
2066.1, -9.3916e-08
2068.1, -9.4018e-08
2070.1, -9.4113e-08
2072.1, -9.4214e-08
2074.1, -9.4313e-08
2076.1, -9.4411e-08
2078.1, -9.4509e-08
2080.1, -9.4612e-08
2082.1, -9.4712e-08
2084.1, -9.4811e-08
2086.1, -9.4908e-08
2088.1, -9.5005e-08
2090.1, -9.5098e-08
2092.1, -9.5192e-08
2094.1, -9.5287e-08
2096.1, -9.5382e-08
2098.1, -9.5482e-08
2100.1, -9.5581e-08
2102.1, -9.5672e-08
2104.1, -9.5763e-08
2106.1, -9.5854e-08
2108.1, -9.5948e-08
2110.1, -9.6048e-08
2112.1, -9.6142e-08
2114.1, -9.6236e-08
2116.1, -9.6334e-08
2118.1, -9.6433e-08
2120.1, -9.6527e-08
2122.1, -9.6624e-08
2124.1, -9.6723e-08
2126.1, -9.6822e-08
2128.1, -9.692e-08
2130.1, -9.7019e-08
2132.1, -9.7117e-08
2134.1, -9.7209e-08
2136.1, -9.731e-08
2138.1, -9.741e-08
2140.1, -9.7505e-08
2142.1, -9.7599e-08
2144.1, -9.7686e-08
2146.1, -9.7777e-08
2148.1, -9.7862e-08
2150.1, -9.7946e-08
2152.1, -9.8041e-08
2154.2, -9.8135e-08
2156.2, -9.8228e-08
2158.2, -9.8323e-08
2160.2, -9.8415e-08
2162.2, -9.8505e-08
2164.2, -9.8594e-08
2166.2, -9.8687e-08
2168.2, -9.8775e-08
2170.2, -9.8865e-08
2172.2, -9.896e-08
2174.2, -9.9055e-08
2176.2, -9.9148e-08
2178.2, -9.9246e-08
2180.2, -9.9346e-08
2182.2, -9.9444e-08
2184.2, -9.9535e-08
2186.2, -9.9626e-08
2188.2, -9.9717e-08
2190.2, -9.9813e-08
2192.2, -9.9909e-08
2194.2, -1e-07
2196.2, -1.0009e-07
2198.2, -1.0019e-07
2200.2, -1.0028e-07
2202.2, -1.0037e-07
2204.2, -1.0047e-07
2206.2, -1.0057e-07
2208.2, -1.0066e-07
2210.2, -1.0076e-07
2212.2, -1.0085e-07
2214.2, -1.0095e-07
2216.2, -1.0105e-07
2218.2, -1.0114e-07
2220.2, -1.0123e-07
2222.2, -1.0133e-07
2224.2, -1.0142e-07
2226.2, -1.0152e-07
2228.2, -1.0162e-07
2230.2, -1.0171e-07
2232.2, -1.018e-07
2234.2, -1.019e-07
2236.2, -1.0199e-07
2238.2, -1.021e-07
2240.2, -1.022e-07
2242.2, -1.023e-07
2244.2, -1.0239e-07
2246.2, -1.0248e-07
2248.2, -1.0258e-07
2250.2, -1.0267e-07
2252.2, -1.0277e-07
2254.3, -1.0286e-07
2256.3, -1.0295e-07
2258.3, -1.0304e-07
2260.3, -1.0314e-07
2262.3, -1.0324e-07
2264.3, -1.0334e-07
2266.3, -1.0343e-07
2268.3, -1.0353e-07
2270.3, -1.0363e-07
2272.3, -1.0372e-07
2274.3, -1.0382e-07
2276.3, -1.0392e-07
2278.3, -1.0402e-07
2280.3, -1.0411e-07
2282.3, -1.042e-07
2284.3, -1.0431e-07
2286.3, -1.0441e-07
2288.3, -1.0451e-07
2290.3, -1.0461e-07
2292.3, -1.0471e-07
2294.3, -1.048e-07
2296.3, -1.049e-07
2298.3, -1.0499e-07
2300.3, -1.0508e-07
2302.3, -1.0517e-07
2304.3, -1.0527e-07
2306.3, -1.0536e-07
2308.3, -1.0546e-07
2310.3, -1.0555e-07
2312.3, -1.0565e-07
2314.3, -1.0574e-07
2316.3, -1.0583e-07
2318.3, -1.0592e-07
2320.3, -1.0601e-07
2322.3, -1.061e-07
2324.3, -1.0621e-07
2326.3, -1.063e-07
2328.3, -1.0639e-07
2330.3, -1.0649e-07
2332.3, -1.0659e-07
2334.3, -1.0669e-07
2336.3, -1.0679e-07
2338.3, -1.0689e-07
2340.3, -1.0699e-07
2342.3, -1.0709e-07
2344.3, -1.0719e-07
2346.3, -1.0729e-07
2348.3, -1.074e-07
2350.3, -1.0749e-07
2352.3, -1.0758e-07
2354.4, -1.0768e-07
2356.4, -1.0777e-07
2358.4, -1.0786e-07
2360.4, -1.0796e-07
2362.4, -1.0806e-07
2364.4, -1.0815e-07
2366.4, -1.0825e-07
2368.4, -1.0835e-07
2370.4, -1.0845e-07
2372.4, -1.0854e-07
2374.4, -1.0865e-07
2376.4, -1.0875e-07
2378.4, -1.0885e-07
2380.4, -1.0895e-07
2382.4, -1.0905e-07
2384.4, -1.0915e-07
2386.4, -1.0925e-07
2388.4, -1.0935e-07
2390.4, -1.0945e-07
2392.4, -1.0955e-07
2394.4, -1.0965e-07
2396.4, -1.0974e-07
2398.4, -1.0984e-07
2400.4, -1.0994e-07
2402.4, -1.1004e-07
2404.4, -1.1014e-07
2406.4, -1.1023e-07
2408.4, -1.1033e-07
2410.4, -1.1042e-07
2412.4, -1.1051e-07
2414.4, -1.1061e-07
2416.4, -1.107e-07
2418.4, -1.1081e-07
2420.4, -1.1091e-07
2422.4, -1.11e-07
2424.4, -1.111e-07
2426.4, -1.112e-07
2428.4, -1.113e-07
2430.4, -1.114e-07
2432.4, -1.115e-07
2434.4, -1.116e-07
2436.4, -1.1171e-07
2438.4, -1.1181e-07
2440.4, -1.1192e-07
2442.4, -1.1202e-07
2444.4, -1.1213e-07
2446.4, -1.1223e-07
2448.4, -1.1234e-07
2450.4, -1.1245e-07
2452.4, -1.1256e-07
2454.5, -1.1266e-07
2456.5, -1.1277e-07
2458.5, -1.1288e-07
2460.5, -1.1298e-07
2462.5, -1.1309e-07
2464.5, -1.1319e-07
2466.5, -1.1329e-07
2468.5, -1.1339e-07
2470.5, -1.1349e-07
2472.5, -1.1359e-07
2474.5, -1.1369e-07
2476.5, -1.1379e-07
2478.5, -1.1389e-07
2480.5, -1.1399e-07
2482.5, -1.1409e-07
2484.5, -1.142e-07
2486.5, -1.1431e-07
2488.5, -1.1441e-07
2490.5, -1.1452e-07
2492.5, -1.1462e-07
2494.5, -1.1473e-07
2496.5, -1.1483e-07
2498.5, -1.1493e-07
2500.5, -1.1503e-07
2502.5, -1.1514e-07
2504.5, -1.1524e-07
2506.5, -1.1534e-07
2508.5, -1.1545e-07
2510.5, -1.1556e-07
2512.5, -1.1565e-07
2514.5, -1.1575e-07
2516.5, -1.1586e-07
2518.5, -1.1595e-07
2520.5, -1.1606e-07
2522.5, -1.1616e-07
2524.5, -1.1627e-07
2526.5, -1.1637e-07
2528.5, -1.1648e-07
2530.5, -1.1658e-07
2532.5, -1.1668e-07
2534.5, -1.1679e-07
2536.5, -1.169e-07
2538.5, -1.17e-07
2540.5, -1.1711e-07
2542.5, -1.1721e-07
2544.5, -1.1731e-07
2546.5, -1.1741e-07
2548.5, -1.1751e-07
2550.5, -1.1761e-07
2552.5, -1.1771e-07
2554.6, -1.1781e-07
2556.6, -1.1791e-07
2558.6, -1.1802e-07
2560.6, -1.1811e-07
2562.6, -1.1821e-07
2564.6, -1.1831e-07
2566.6, -1.1841e-07
2568.6, -1.185e-07
2570.6, -1.186e-07
2572.6, -1.1871e-07
2574.6, -1.1881e-07
2576.6, -1.1891e-07
2578.6, -1.1901e-07
2580.6, -1.1911e-07
2582.6, -1.1921e-07
2584.6, -1.1931e-07
2586.6, -1.1941e-07
2588.6, -1.1951e-07
2590.6, -1.196e-07
2592.6, -1.197e-07
2594.6, -1.1979e-07
2596.6, -1.1989e-07
2598.6, -1.1999e-07
2600.6, -1.2009e-07
2602.6, -1.2019e-07
2604.6, -1.2029e-07
2606.6, -1.2038e-07
2608.6, -1.2048e-07
2610.6, -1.2059e-07
2612.6, -1.2069e-07
2614.6, -1.2079e-07
2616.6, -1.209e-07
2618.6, -1.21e-07
2620.6, -1.2111e-07
2622.6, -1.2122e-07
2624.6, -1.2132e-07
2626.6, -1.2143e-07
2628.6, -1.2153e-07
2630.6, -1.2164e-07
2632.6, -1.2174e-07
2634.6, -1.2185e-07
2636.6, -1.2196e-07
2638.6, -1.2207e-07
2640.6, -1.2218e-07
2642.6, -1.2229e-07
2644.6, -1.2241e-07
2646.6, -1.2252e-07
2648.6, -1.2263e-07
2650.6, -1.2274e-07
2652.6, -1.2285e-07
2654.7, -1.2296e-07
2656.7, -1.2308e-07
2658.7, -1.2319e-07
2660.7, -1.233e-07
2662.7, -1.2341e-07
2664.7, -1.2352e-07
2666.7, -1.2363e-07
2668.7, -1.2374e-07
2670.7, -1.2384e-07
2672.7, -1.2395e-07
2674.7, -1.2406e-07
2676.7, -1.2417e-07
2678.7, -1.2427e-07
2680.7, -1.2439e-07
2682.7, -1.245e-07
2684.7, -1.246e-07
2686.7, -1.2471e-07
2688.7, -1.2482e-07
2690.7, -1.2492e-07
2692.7, -1.2503e-07
2694.7, -1.2514e-07
2696.7, -1.2525e-07
2698.7, -1.2535e-07
2700.7, -1.2546e-07
2702.7, -1.2557e-07
2704.7, -1.2567e-07
2706.7, -1.2578e-07
2708.7, -1.2588e-07
2710.7, -1.2598e-07
2712.7, -1.2609e-07
2714.7, -1.2618e-07
2716.7, -1.2629e-07
2718.7, -1.2639e-07
2720.7, -1.2649e-07
2722.7, -1.2659e-07
2724.7, -1.2669e-07
2726.7, -1.2679e-07
2728.7, -1.2689e-07
2730.7, -1.2699e-07
2732.7, -1.271e-07
2734.7, -1.2721e-07
2736.7, -1.2731e-07
2738.7, -1.2741e-07
2740.7, -1.2751e-07
2742.7, -1.2761e-07
2744.7, -1.2771e-07
2746.7, -1.2781e-07
2748.7, -1.279e-07
2750.7, -1.28e-07
2752.7, -1.281e-07
2754.8, -1.2821e-07
2756.8, -1.2831e-07
2758.8, -1.2842e-07
2760.8, -1.2853e-07
2762.8, -1.2863e-07
2764.8, -1.2874e-07
2766.8, -1.2884e-07
2768.8, -1.2895e-07
2770.8, -1.2905e-07
2772.8, -1.2916e-07
2774.8, -1.2926e-07
2776.8, -1.2937e-07
2778.8, -1.2948e-07
2780.8, -1.2959e-07
2782.8, -1.2969e-07
2784.8, -1.298e-07
2786.8, -1.2991e-07
2788.8, -1.3001e-07
2790.8, -1.3012e-07
2792.8, -1.3022e-07
2794.8, -1.3033e-07
2796.8, -1.3043e-07
2798.8, -1.3053e-07
2800.8, -1.3063e-07
2802.8, -1.3074e-07
2804.8, -1.3084e-07
2806.8, -1.3094e-07
2808.8, -1.3104e-07
2810.8, -1.3114e-07
2812.8, -1.3123e-07
2814.8, -1.3133e-07
2816.8, -1.3143e-07
2818.8, -1.3153e-07
2820.8, -1.3163e-07
2822.8, -1.3173e-07
2824.8, -1.3182e-07
2826.8, -1.3193e-07
2828.8, -1.3203e-07
2830.8, -1.3213e-07
2832.8, -1.3223e-07
2834.8, -1.3233e-07
2836.8, -1.3242e-07
2838.8, -1.3253e-07
2840.8, -1.3262e-07
2842.8, -1.3272e-07
2844.8, -1.3283e-07
2846.8, -1.3293e-07
2848.8, -1.3304e-07
2850.8, -1.3315e-07
2852.8, -1.3326e-07
2854.9, -1.3336e-07
2856.9, -1.3346e-07
2858.9, -1.3357e-07
2860.9, -1.3367e-07
2862.9, -1.3377e-07
2864.9, -1.3387e-07
2866.9, -1.3398e-07
2868.9, -1.3408e-07
2870.9, -1.3418e-07
2872.9, -1.3429e-07
2874.9, -1.3439e-07
2876.9, -1.3449e-07
2878.9, -1.3459e-07
2880.9, -1.3469e-07
2882.9, -1.3479e-07
2884.9, -1.3489e-07
2886.9, -1.3499e-07
2888.9, -1.3509e-07
2890.9, -1.3519e-07
2892.9, -1.3529e-07
2894.9, -1.3539e-07
2896.9, -1.3548e-07
2898.9, -1.3557e-07
2900.9, -1.3567e-07
2902.9, -1.3576e-07
2904.9, -1.3586e-07
2906.9, -1.3596e-07
2908.9, -1.3605e-07
2910.9, -1.3614e-07
2912.9, -1.3624e-07
2914.9, -1.3633e-07
2916.9, -1.3643e-07
2918.9, -1.3652e-07
2920.9, -1.3662e-07
2922.9, -1.3671e-07
2924.9, -1.3681e-07
2926.9, -1.369e-07
2928.9, -1.3699e-07
2930.9, -1.3709e-07
2932.9, -1.3718e-07
2934.9, -1.3728e-07
2936.9, -1.3739e-07
2938.9, -1.3749e-07
2940.9, -1.3759e-07
2942.9, -1.3769e-07
2944.9, -1.3779e-07
2946.9, -1.3789e-07
2948.9, -1.3799e-07
2950.9, -1.3809e-07
2952.9, -1.3818e-07
2955.0, -1.3828e-07
2957.0, -1.3837e-07
2959.0, -1.3847e-07
2961.0, -1.3857e-07
2963.0, -1.3867e-07
2965.0, -1.3877e-07
2967.0, -1.3886e-07
2969.0, -1.3896e-07
2971.0, -1.3905e-07
2973.0, -1.3915e-07
2975.0, -1.3924e-07
2977.0, -1.3934e-07
2979.0, -1.3943e-07
2981.0, -1.3953e-07
2983.0, -1.3963e-07
2985.0, -1.3973e-07
2987.0, -1.3983e-07
2989.0, -1.3993e-07
2991.0, -1.4003e-07
2993.0, -1.4012e-07
2995.0, -1.4022e-07
2997.0, -1.4032e-07
2999.0, -1.4042e-07
3001.0, -1.4051e-07
3003.0, -1.406e-07
3005.0, -1.407e-07
3007.0, -1.4081e-07
3009.0, -1.4091e-07
3011.0, -1.41e-07
3013.0, -1.411e-07
3015.0, -1.4119e-07
3017.0, -1.4129e-07
3019.0, -1.4138e-07
3021.0, -1.4147e-07
3023.0, -1.4157e-07
3025.0, -1.4166e-07
3027.0, -1.4176e-07
3029.0, -1.4186e-07
3031.0, -1.4196e-07
3033.0, -1.4204e-07
3035.0, -1.4213e-07
3037.0, -1.422e-07
3039.0, -1.4229e-07
3041.0, -1.4237e-07
3043.0, -1.4246e-07
3045.0, -1.4256e-07
3047.0, -1.4264e-07
3049.0, -1.4273e-07
3051.0, -1.4281e-07
3053.0, -1.4289e-07
3055.1, -1.4297e-07
3057.1, -1.4306e-07
3059.1, -1.4315e-07
3061.1, -1.4323e-07
3063.1, -1.4332e-07
3065.1, -1.434e-07
3067.1, -1.4349e-07
3069.1, -1.4357e-07
3071.1, -1.4364e-07
3073.1, -1.4372e-07
3075.1, -1.438e-07
3077.1, -1.4389e-07
3079.1, -1.4397e-07
3081.1, -1.4405e-07
3083.1, -1.4413e-07
3085.1, -1.442e-07
3087.1, -1.4429e-07
3089.1, -1.4437e-07
3091.1, -1.4445e-07
3093.1, -1.4452e-07
3095.1, -1.4461e-07
3097.1, -1.4468e-07
3099.1, -1.4477e-07
3101.1, -1.4486e-07
3103.1, -1.4495e-07
3105.1, -1.4504e-07
3107.1, -1.4512e-07
3109.1, -1.4521e-07
3111.1, -1.4529e-07
3113.1, -1.4538e-07
3115.1, -1.4548e-07
3117.1, -1.4556e-07
3119.1, -1.4564e-07
3121.1, -1.4572e-07
3123.1, -1.4581e-07
3125.1, -1.4589e-07
3127.1, -1.4597e-07
3129.1, -1.4605e-07
3131.1, -1.4614e-07
3133.1, -1.4622e-07
3135.1, -1.4631e-07
3137.1, -1.464e-07
3139.1, -1.4649e-07
3141.1, -1.4657e-07
3143.1, -1.4666e-07
3145.1, -1.4673e-07
3147.1, -1.4682e-07
3149.1, -1.469e-07
3151.1, -1.4696e-07
3153.1, -1.4704e-07
3155.2, -1.4712e-07
3157.2, -1.4721e-07
3159.2, -1.4729e-07
3161.2, -1.4738e-07
3163.2, -1.4746e-07
3165.2, -1.4754e-07
3167.2, -1.4763e-07
3169.2, -1.4771e-07
3171.2, -1.4779e-07
3173.2, -1.4786e-07
3175.2, -1.4794e-07
3177.2, -1.4802e-07
3179.2, -1.481e-07
3181.2, -1.4818e-07
3183.2, -1.4827e-07
3185.2, -1.4836e-07
3187.2, -1.4844e-07
3189.2, -1.4853e-07
3191.2, -1.4862e-07
3193.2, -1.487e-07
3195.2, -1.4878e-07
3197.2, -1.4887e-07
3199.2, -1.4895e-07
3201.2, -1.4902e-07
3203.2, -1.4911e-07
3205.2, -1.4919e-07
3207.2, -1.4927e-07
3209.2, -1.4934e-07
3211.2, -1.4942e-07
3213.2, -1.4951e-07
3215.2, -1.4959e-07
3217.2, -1.4966e-07
3219.2, -1.4975e-07
3221.2, -1.4983e-07
3223.2, -1.4992e-07
3225.2, -1.5001e-07
3227.2, -1.5009e-07
3229.2, -1.5016e-07
3231.2, -1.5024e-07
3233.2, -1.5032e-07
3235.2, -1.504e-07
3237.2, -1.5048e-07
3239.2, -1.5055e-07
3241.2, -1.5063e-07
3243.2, -1.5071e-07
3245.2, -1.5079e-07
3247.2, -1.5087e-07
3249.2, -1.5095e-07
3251.2, -1.5102e-07
3253.2, -1.5111e-07
3255.3, -1.5119e-07
3257.3, -1.5128e-07
3259.3, -1.5136e-07
3261.3, -1.5144e-07
3263.3, -1.5151e-07
3265.3, -1.5159e-07
3267.3, -1.5167e-07
3269.3, -1.5175e-07
3271.3, -1.5184e-07
3273.3, -1.5191e-07
3275.3, -1.5199e-07
3277.3, -1.5207e-07
3279.3, -1.5214e-07
3281.3, -1.5222e-07
3283.3, -1.523e-07
3285.3, -1.5237e-07
3287.3, -1.5244e-07
3289.3, -1.5252e-07
3291.3, -1.5259e-07
3293.3, -1.5266e-07
3295.3, -1.5273e-07
3297.3, -1.5281e-07
3299.3, -1.5288e-07
3301.3, -1.5295e-07
3303.3, -1.5303e-07
3305.3, -1.5311e-07
3307.3, -1.5319e-07
3309.3, -1.5327e-07
3311.3, -1.5336e-07
3313.3, -1.5344e-07
3315.3, -1.5352e-07
3317.3, -1.5361e-07
3319.3, -1.5369e-07
3321.3, -1.5378e-07
3323.3, -1.5386e-07
3325.3, -1.5394e-07
3327.3, -1.5402e-07
3329.3, -1.5409e-07
3331.3, -1.5417e-07
3333.3, -1.5425e-07
3335.3, -1.5434e-07
3337.3, -1.5443e-07
3339.3, -1.5451e-07
3341.3, -1.5457e-07
3343.3, -1.5466e-07
3345.3, -1.5475e-07
3347.3, -1.5483e-07
3349.3, -1.549e-07
3351.3, -1.5498e-07
3353.3, -1.5505e-07
3355.4, -1.5512e-07
3357.4, -1.5519e-07
3359.4, -1.5527e-07
3361.4, -1.5535e-07
3363.4, -1.5541e-07
3365.4, -1.5548e-07
3367.4, -1.5556e-07
3369.4, -1.5563e-07
3371.4, -1.5571e-07
3373.4, -1.5578e-07
3375.4, -1.5586e-07
3377.4, -1.5594e-07
3379.4, -1.5602e-07
3381.4, -1.561e-07
3383.4, -1.5618e-07
3385.4, -1.5625e-07
3387.4, -1.5634e-07
3389.4, -1.5641e-07
3391.4, -1.5649e-07
3393.4, -1.5655e-07
3395.4, -1.5662e-07
3397.4, -1.5669e-07
3399.4, -1.5676e-07
3401.4, -1.5683e-07
3403.4, -1.569e-07
3405.4, -1.5697e-07
3407.4, -1.5705e-07
3409.4, -1.5712e-07
3411.4, -1.5718e-07
3413.4, -1.5725e-07
3415.4, -1.5732e-07
3417.4, -1.5739e-07
3419.4, -1.5747e-07
3421.4, -1.5754e-07
3423.4, -1.5762e-07
3425.4, -1.577e-07
3427.4, -1.5779e-07
3429.4, -1.5786e-07
3431.4, -1.5793e-07
3433.4, -1.58e-07
3435.4, -1.5808e-07
3437.4, -1.5816e-07
3439.4, -1.5824e-07
3441.4, -1.5831e-07
3443.4, -1.584e-07
3445.4, -1.5848e-07
3447.4, -1.5856e-07
3449.4, -1.5864e-07
3451.4, -1.5872e-07
3453.4, -1.588e-07
3455.5, -1.5887e-07
3457.5, -1.5894e-07
3459.5, -1.5903e-07
3461.5, -1.5911e-07
3463.5, -1.5919e-07
3465.5, -1.5926e-07
3467.5, -1.5935e-07
3469.5, -1.5943e-07
3471.5, -1.595e-07
3473.5, -1.5959e-07
3475.5, -1.5968e-07
3477.5, -1.5976e-07
3479.5, -1.5984e-07
3481.5, -1.5992e-07
3483.5, -1.6e-07
3485.5, -1.6008e-07
3487.5, -1.6015e-07
3489.5, -1.6023e-07
3491.5, -1.6032e-07
3493.5, -1.6041e-07
3495.5, -1.6048e-07
3497.5, -1.6057e-07
3499.5, -1.6065e-07
3501.5, -1.6072e-07
3503.5, -1.6079e-07
3505.5, -1.6087e-07
3507.5, -1.6096e-07
3509.5, -1.6103e-07
3511.5, -1.6111e-07
3513.5, -1.6119e-07
3515.5, -1.6128e-07
3517.5, -1.6136e-07
3519.5, -1.6144e-07
3521.5, -1.6151e-07
3523.5, -1.6158e-07
3525.5, -1.6166e-07
3527.5, -1.6174e-07
3529.5, -1.6183e-07
3531.5, -1.6191e-07
3533.5, -1.6199e-07
3535.5, -1.6208e-07
3537.5, -1.6216e-07
3539.5, -1.6225e-07
3541.5, -1.6234e-07
3543.5, -1.6242e-07
3545.5, -1.625e-07
3547.5, -1.6258e-07
3549.5, -1.6267e-07
3551.5, -1.6275e-07
3553.5, -1.6283e-07
3555.6, -1.629e-07
3557.6, -1.6299e-07
3559.6, -1.6307e-07
3561.6, -1.6315e-07
3563.6, -1.6323e-07
3565.6, -1.6331e-07
3567.6, -1.6339e-07
3569.6, -1.6346e-07
3571.6, -1.6354e-07
3573.6, -1.6362e-07
3575.6, -1.6371e-07
3577.6, -1.6379e-07
3579.6, -1.6387e-07
3581.6, -1.6395e-07
3583.6, -1.6404e-07
3585.6, -1.6413e-07
3587.6, -1.6421e-07
3589.6, -1.643e-07
3591.6, -1.6438e-07
3593.6, -1.6446e-07
3595.6, -1.6454e-07
3597.6, -1.6462e-07
3599.6, -1.647e-07
3601.6, -1.6478e-07
3603.6, -1.6486e-07
3605.6, -1.6493e-07
3607.6, -1.65e-07
3609.6, -1.6508e-07
3611.6, -1.6515e-07
3613.6, -1.6523e-07
3615.6, -1.6531e-07
3617.6, -1.6538e-07
3619.6, -1.6546e-07
3621.6, -1.6555e-07
3623.6, -1.6563e-07
3625.6, -1.6571e-07
3627.6, -1.6579e-07
3629.6, -1.6587e-07
3631.6, -1.6595e-07
3633.6, -1.6603e-07
3635.6, -1.661e-07
3637.6, -1.6618e-07
3639.6, -1.6625e-07
3641.6, -1.6634e-07
3643.6, -1.6642e-07
3645.6, -1.665e-07
3647.6, -1.6659e-07
3649.6, -1.6666e-07
3651.6, -1.6674e-07
3653.6, -1.6682e-07
3655.7, -1.669e-07
3657.7, -1.6697e-07
3659.7, -1.6705e-07
3661.7, -1.6714e-07
3663.7, -1.6722e-07
3665.7, -1.6728e-07
3667.7, -1.6736e-07
3669.7, -1.6744e-07
3671.7, -1.6752e-07
3673.7, -1.676e-07
3675.7, -1.6768e-07
3677.7, -1.6777e-07
3679.7, -1.6784e-07
3681.7, -1.6791e-07
3683.7, -1.6799e-07
3685.7, -1.6807e-07
3687.7, -1.6813e-07
3689.7, -1.682e-07
3691.7, -1.6828e-07
3693.7, -1.6836e-07
3695.7, -1.6843e-07
3697.7, -1.6851e-07
3699.7, -1.686e-07
3701.7, -1.6866e-07
3703.7, -1.6873e-07
3705.7, -1.6879e-07
3707.7, -1.6886e-07
3709.7, -1.6893e-07
3711.7, -1.6901e-07
3713.7, -1.691e-07
3715.7, -1.6917e-07
3717.7, -1.6925e-07
3719.7, -1.6932e-07
3721.7, -1.694e-07
3723.7, -1.6948e-07
3725.7, -1.6956e-07
3727.7, -1.6964e-07
3729.7, -1.6972e-07
3731.7, -1.698e-07
3733.7, -1.6987e-07
3735.7, -1.6994e-07
3737.7, -1.7002e-07
3739.7, -1.701e-07
3741.7, -1.7018e-07
3743.7, -1.7026e-07
3745.7, -1.7034e-07
3747.7, -1.7042e-07
3749.7, -1.7051e-07
3751.7, -1.7058e-07
3753.7, -1.7067e-07
3755.8, -1.7076e-07
3757.8, -1.7084e-07
3759.8, -1.7091e-07
3761.8, -1.71e-07
3763.8, -1.7108e-07
3765.8, -1.7116e-07
3767.8, -1.7125e-07
3769.8, -1.7133e-07
3771.8, -1.7141e-07
3773.8, -1.7151e-07
3775.8, -1.7162e-07
3777.8, -1.7172e-07
3779.8, -1.7182e-07
3781.8, -1.7192e-07
3783.8, -1.7202e-07
3785.8, -1.7212e-07
3787.8, -1.7222e-07
3789.8, -1.7231e-07
3791.8, -1.7241e-07
3793.8, -1.725e-07
3795.8, -1.726e-07
3797.8, -1.727e-07
3799.8, -1.728e-07
3801.8, -1.7289e-07
3803.8, -1.73e-07
3805.8, -1.731e-07
3807.8, -1.732e-07
3809.8, -1.7329e-07
3811.8, -1.7339e-07
3813.8, -1.7349e-07
3815.8, -1.7359e-07
3817.8, -1.7369e-07
3819.8, -1.7379e-07
3821.8, -1.7389e-07
3823.8, -1.7399e-07
3825.8, -1.7409e-07
3827.8, -1.742e-07
3829.8, -1.7429e-07
3831.8, -1.7439e-07
3833.8, -1.7449e-07
3835.8, -1.7459e-07
3837.8, -1.7468e-07
3839.8, -1.7478e-07
3841.8, -1.7488e-07
3843.8, -1.7498e-07
3845.8, -1.7507e-07
3847.8, -1.7517e-07
3849.8, -1.7527e-07
3851.8, -1.7537e-07
3853.8, -1.7547e-07
3855.9, -1.7557e-07
3857.9, -1.7567e-07
3859.9, -1.7577e-07
3861.9, -1.7587e-07
3863.9, -1.7597e-07
3865.9, -1.7607e-07
3867.9, -1.7617e-07
3869.9, -1.7627e-07
3871.9, -1.7636e-07
3873.9, -1.7647e-07
3875.9, -1.7656e-07
3877.9, -1.7666e-07
3879.9, -1.7675e-07
3881.9, -1.7685e-07
3883.9, -1.7694e-07
3885.9, -1.7704e-07
3887.9, -1.7714e-07
3889.9, -1.7723e-07
3891.9, -1.7733e-07
3893.9, -1.7742e-07
3895.9, -1.7752e-07
3897.9, -1.7761e-07
3899.9, -1.777e-07
3901.9, -1.778e-07
3903.9, -1.779e-07
3905.9, -1.78e-07
3907.9, -1.7809e-07
3909.9, -1.7817e-07
3911.9, -1.7826e-07
3913.9, -1.7836e-07
3915.9, -1.7845e-07
3917.9, -1.7855e-07
3919.9, -1.7864e-07
3921.9, -1.7874e-07
3923.9, -1.7884e-07
3925.9, -1.7893e-07
3927.9, -1.7903e-07
3929.9, -1.7913e-07
3931.9, -1.7922e-07
3933.9, -1.7931e-07
3935.9, -1.7941e-07
3937.9, -1.795e-07
3939.9, -1.796e-07
3941.9, -1.7969e-07
3943.9, -1.7979e-07
3945.9, -1.7989e-07
3947.9, -1.7999e-07
3949.9, -1.8009e-07
3951.9, -1.802e-07
3953.9, -1.803e-07
3956.0, -1.804e-07
3958.0, -1.805e-07
3960.0, -1.806e-07
3962.0, -1.807e-07
3964.0, -1.8079e-07
3966.0, -1.809e-07
3968.0, -1.81e-07
3970.0, -1.811e-07
3972.0, -1.812e-07
3974.0, -1.8131e-07
3976.0, -1.8141e-07
3978.0, -1.8152e-07
3980.0, -1.8162e-07
3982.0, -1.8173e-07
3984.0, -1.8183e-07
3986.0, -1.8193e-07
3988.0, -1.8203e-07
3990.0, -1.8214e-07
3992.0, -1.8224e-07
3994.0, -1.8234e-07
3996.0, -1.8244e-07
3998.0, -1.8254e-07
4000.0, -1.8264e-07
4002.0, -1.8274e-07
4004.0, -1.8284e-07
4006.0, -1.8293e-07
4008.0, -1.8301e-07
4010.0, -1.8311e-07
4012.0, -1.832e-07
4014.0, -1.833e-07
4016.0, -1.834e-07
4018.0, -1.835e-07
4020.0, -1.8359e-07
4022.0, -1.8368e-07
4024.0, -1.8377e-07
4026.0, -1.8387e-07
4028.0, -1.8396e-07
4030.0, -1.8405e-07
4032.0, -1.8414e-07
4034.0, -1.8423e-07
4036.0, -1.8432e-07
4038.0, -1.8441e-07
4040.0, -1.845e-07
4042.0, -1.8459e-07
4044.0, -1.8468e-07
4046.0, -1.8477e-07
4048.0, -1.8485e-07
4050.0, -1.8495e-07
4052.0, -1.8503e-07
4054.0, -1.8512e-07
4056.1, -1.8521e-07
4058.1, -1.8531e-07
4060.1, -1.8539e-07
4062.1, -1.8548e-07
4064.1, -1.8557e-07
4066.1, -1.8566e-07
4068.1, -1.8575e-07
4070.1, -1.8584e-07
4072.1, -1.8594e-07
4074.1, -1.8602e-07
4076.1, -1.8612e-07
4078.1, -1.8621e-07
4080.1, -1.863e-07
4082.1, -1.8639e-07
4084.1, -1.8649e-07
4086.1, -1.8658e-07
4088.1, -1.8667e-07
4090.1, -1.8676e-07
4092.1, -1.8685e-07
4094.1, -1.8695e-07
4096.1, -1.8704e-07
4098.1, -1.8715e-07
4100.1, -1.8725e-07
4102.1, -1.8735e-07
4104.1, -1.8744e-07
4106.1, -1.8754e-07
4108.1, -1.8764e-07
4110.1, -1.8774e-07
4112.1, -1.8783e-07
4114.1, -1.8792e-07
4116.1, -1.8802e-07
4118.1, -1.8811e-07
4120.1, -1.882e-07
4122.1, -1.883e-07
4124.1, -1.8839e-07
4126.1, -1.8849e-07
4128.1, -1.8858e-07
4130.1, -1.8868e-07
4132.1, -1.8877e-07
4134.1, -1.8886e-07
4136.1, -1.8894e-07
4138.1, -1.8902e-07
4140.1, -1.8911e-07
4142.1, -1.892e-07
4144.1, -1.8929e-07
4146.1, -1.8938e-07
4148.1, -1.8946e-07
4150.1, -1.8955e-07
4152.1, -1.8964e-07
4154.1, -1.8973e-07
4156.2, -1.8982e-07
4158.2, -1.8992e-07
4160.2, -1.9001e-07
4162.2, -1.901e-07
4164.2, -1.902e-07
4166.2, -1.9029e-07
4168.2, -1.9038e-07
4170.2, -1.9047e-07
4172.2, -1.9057e-07
4174.2, -1.9066e-07
4176.2, -1.9075e-07
4178.2, -1.9085e-07
4180.2, -1.9095e-07
4182.2, -1.9103e-07
4184.2, -1.9112e-07
4186.2, -1.9122e-07
4188.2, -1.9131e-07
4190.2, -1.9141e-07
4192.2, -1.9151e-07
4194.2, -1.9161e-07
4196.2, -1.9171e-07
4198.2, -1.918e-07
4200.2, -1.919e-07
4202.2, -1.9199e-07
4204.2, -1.9209e-07
4206.2, -1.9219e-07
4208.2, -1.9228e-07
4210.2, -1.9237e-07
4212.2, -1.9246e-07
4214.2, -1.9256e-07
4216.2, -1.9266e-07
4218.2, -1.9276e-07
4220.2, -1.9286e-07
4222.2, -1.9296e-07
4224.2, -1.9306e-07
4226.2, -1.9316e-07
4228.2, -1.9326e-07
4230.2, -1.9336e-07
4232.2, -1.9346e-07
4234.2, -1.9356e-07
4236.2, -1.9366e-07
4238.2, -1.9376e-07
4240.2, -1.9387e-07
4242.2, -1.9397e-07
4244.2, -1.9407e-07
4246.2, -1.9417e-07
4248.2, -1.9426e-07
4250.2, -1.9435e-07
4252.2, -1.9445e-07
4254.2, -1.9454e-07
4256.3, -1.9464e-07
4258.3, -1.9474e-07
4260.3, -1.9484e-07
4262.3, -1.9493e-07
4264.3, -1.9502e-07
4266.3, -1.9512e-07
4268.3, -1.9521e-07
4270.3, -1.953e-07
4272.3, -1.9539e-07
4274.3, -1.9549e-07
4276.3, -1.9558e-07
4278.3, -1.9567e-07
4280.3, -1.9577e-07
4282.3, -1.9586e-07
4284.3, -1.9596e-07
4286.3, -1.9605e-07
4288.3, -1.9615e-07
4290.3, -1.9624e-07
4292.3, -1.9633e-07
4294.3, -1.9643e-07
4296.3, -1.9652e-07
4298.3, -1.9662e-07
4300.3, -1.9671e-07
4302.3, -1.9681e-07
4304.3, -1.9691e-07
4306.3, -1.97e-07
4308.3, -1.971e-07
4310.3, -1.9719e-07
4312.3, -1.9728e-07
4314.3, -1.9737e-07
4316.3, -1.9747e-07
4318.3, -1.9756e-07
4320.3, -1.9765e-07
4322.3, -1.9774e-07
4324.3, -1.9783e-07
4326.3, -1.9793e-07
4328.3, -1.9803e-07
4330.3, -1.9812e-07
4332.3, -1.9821e-07
4334.3, -1.9831e-07
4336.3, -1.984e-07
4338.3, -1.9849e-07
4340.3, -1.9858e-07
4342.3, -1.9867e-07
4344.3, -1.9876e-07
4346.3, -1.9886e-07
4348.3, -1.9895e-07
4350.3, -1.9905e-07
4352.3, -1.9914e-07
4354.3, -1.9924e-07
4356.4, -1.9934e-07
4358.4, -1.9944e-07
4360.4, -1.9954e-07
4362.4, -1.9963e-07
4364.4, -1.9973e-07
4366.4, -1.9982e-07
4368.4, -1.9992e-07
4370.4, -2.0001e-07
4372.4, -2.001e-07
4374.4, -2.002e-07
4376.4, -2.0029e-07
4378.4, -2.0039e-07
4380.4, -2.0049e-07
4382.4, -2.006e-07
4384.4, -2.007e-07
4386.4, -2.0079e-07
4388.4, -2.0088e-07
4390.4, -2.0098e-07
4392.4, -2.0107e-07
4394.4, -2.0115e-07
4396.4, -2.0124e-07
4398.4, -2.0133e-07
4400.4, -2.0142e-07
4402.4, -2.0152e-07
4404.4, -2.0161e-07
4406.4, -2.0171e-07
4408.4, -2.018e-07
4410.4, -2.0189e-07
4412.4, -2.0198e-07
4414.4, -2.0207e-07
4416.4, -2.0216e-07
4418.4, -2.0225e-07
4420.4, -2.0234e-07
4422.4, -2.0244e-07
4424.4, -2.0252e-07
4426.4, -2.0262e-07
4428.4, -2.0271e-07
4430.4, -2.0281e-07
4432.4, -2.029e-07
4434.4, -2.0299e-07
4436.4, -2.0309e-07
4438.4, -2.0318e-07
4440.4, -2.0328e-07
4442.4, -2.0337e-07
4444.4, -2.0347e-07
4446.4, -2.0356e-07
4448.4, -2.0366e-07
4450.4, -2.0376e-07
4452.4, -2.0385e-07
4454.4, -2.0395e-07
4456.5, -2.0405e-07
4458.5, -2.0414e-07
4460.5, -2.0424e-07
4462.5, -2.0434e-07
4464.5, -2.0444e-07
4466.5, -2.0453e-07
4468.5, -2.0463e-07
4470.5, -2.0473e-07
4472.5, -2.0483e-07
4474.5, -2.0493e-07
4476.5, -2.0502e-07
4478.5, -2.0512e-07
4480.5, -2.0521e-07
4482.5, -2.0531e-07
4484.5, -2.054e-07
4486.5, -2.055e-07
4488.5, -2.0559e-07
4490.5, -2.0569e-07
4492.5, -2.0578e-07
4494.5, -2.0587e-07
4496.5, -2.0597e-07
4498.5, -2.0606e-07
4500.5, -2.0615e-07
4502.5, -2.0625e-07
4504.5, -2.0633e-07
4506.5, -2.0643e-07
4508.5, -2.0652e-07
4510.5, -2.0661e-07
4512.5, -2.067e-07
4514.5, -2.068e-07
4516.5, -2.069e-07
4518.5, -2.07e-07
4520.5, -2.0709e-07
4522.5, -2.0719e-07
4524.5, -2.0728e-07
4526.5, -2.0738e-07
4528.5, -2.0747e-07
4530.5, -2.0757e-07
4532.5, -2.0766e-07
4534.5, -2.0775e-07
4536.5, -2.0784e-07
4538.5, -2.0793e-07
4540.5, -2.0802e-07
4542.5, -2.0811e-07
4544.5, -2.082e-07
4546.5, -2.0829e-07
4548.5, -2.0838e-07
4550.5, -2.0847e-07
4552.5, -2.0856e-07
4554.5, -2.0866e-07
4556.6, -2.0875e-07
4558.6, -2.0884e-07
4560.6, -2.0893e-07
4562.6, -2.0902e-07
4564.6, -2.0911e-07
4566.6, -2.092e-07
4568.6, -2.0929e-07
4570.6, -2.0937e-07
4572.6, -2.0947e-07
4574.6, -2.0956e-07
4576.6, -2.0965e-07
4578.6, -2.0975e-07
4580.6, -2.0983e-07
4582.6, -2.0993e-07
4584.6, -2.1003e-07
4586.6, -2.1013e-07
4588.6, -2.1022e-07
4590.6, -2.1032e-07
4592.6, -2.1041e-07
4594.6, -2.105e-07
4596.6, -2.1059e-07
4598.6, -2.1068e-07
4600.6, -2.1077e-07
4602.6, -2.1087e-07
4604.6, -2.1097e-07
4606.6, -2.1106e-07
4608.6, -2.1116e-07
4610.6, -2.1126e-07
4612.6, -2.1135e-07
4614.6, -2.1145e-07
4616.6, -2.1155e-07
4618.6, -2.1164e-07
4620.6, -2.1174e-07
4622.6, -2.1184e-07
4624.6, -2.1194e-07
4626.6, -2.1205e-07
4628.6, -2.1215e-07
4630.6, -2.1225e-07
4632.6, -2.1234e-07
4634.6, -2.1244e-07
4636.6, -2.1253e-07
4638.6, -2.1262e-07
4640.6, -2.1272e-07
4642.6, -2.1281e-07
4644.6, -2.129e-07
4646.6, -2.1299e-07
4648.6, -2.1309e-07
4650.6, -2.1318e-07
4652.6, -2.1327e-07
4654.6, -2.1336e-07
4656.7, -2.1346e-07
4658.7, -2.1355e-07
4660.7, -2.1364e-07
4662.7, -2.1374e-07
4664.7, -2.1383e-07
4666.7, -2.1393e-07
4668.7, -2.1403e-07
4670.7, -2.1412e-07
4672.7, -2.1421e-07
4674.7, -2.143e-07
4676.7, -2.1439e-07
4678.7, -2.1447e-07
4680.7, -2.1456e-07
4682.7, -2.1464e-07
4684.7, -2.1472e-07
4686.7, -2.1481e-07
4688.7, -2.149e-07
4690.7, -2.1498e-07
4692.7, -2.1507e-07
4694.7, -2.1516e-07
4696.7, -2.1525e-07
4698.7, -2.1533e-07
4700.7, -2.1542e-07
4702.7, -2.1551e-07
4704.7, -2.156e-07
4706.7, -2.1568e-07
4708.7, -2.1577e-07
4710.7, -2.1585e-07
4712.7, -2.1594e-07
4714.7, -2.1603e-07
4716.7, -2.1611e-07
4718.7, -2.162e-07
4720.7, -2.1629e-07
4722.7, -2.1638e-07
4724.7, -2.1647e-07
4726.7, -2.1656e-07
4728.7, -2.1664e-07
4730.7, -2.1673e-07
4732.7, -2.1682e-07
4734.7, -2.1691e-07
4736.7, -2.17e-07
4738.7, -2.1709e-07
4740.7, -2.1718e-07
4742.7, -2.1727e-07
4744.7, -2.1736e-07
4746.7, -2.1744e-07
4748.7, -2.1753e-07
4750.7, -2.1761e-07
4752.7, -2.177e-07
4754.7, -2.1779e-07
4756.8, -2.1787e-07
4758.8, -2.1796e-07
4760.8, -2.1804e-07
4762.8, -2.1813e-07
4764.8, -2.1821e-07
4766.8, -2.1829e-07
4768.8, -2.1837e-07
4770.8, -2.1846e-07
4772.8, -2.1854e-07
4774.8, -2.1863e-07
4776.8, -2.1872e-07
4778.8, -2.1881e-07
4780.8, -2.189e-07
4782.8, -2.1899e-07
4784.8, -2.1908e-07
4786.8, -2.1916e-07
4788.8, -2.1925e-07
4790.8, -2.1934e-07
4792.8, -2.1942e-07
4794.8, -2.195e-07
4796.8, -2.1959e-07
4798.8, -2.1967e-07
4800.8, -2.1976e-07
4802.8, -2.1984e-07
4804.8, -2.1993e-07
4806.8, -2.2002e-07
4808.8, -2.201e-07
4810.8, -2.2018e-07
4812.8, -2.2027e-07
4814.8, -2.2035e-07
4816.8, -2.2043e-07
4818.8, -2.2052e-07
4820.8, -2.2061e-07
4822.8, -2.2069e-07
4824.8, -2.2077e-07
4826.8, -2.2086e-07
4828.8, -2.2094e-07
4830.8, -2.2103e-07
4832.8, -2.2112e-07
4834.8, -2.212e-07
4836.8, -2.213e-07
4838.8, -2.2139e-07
4840.8, -2.2148e-07
4842.8, -2.2157e-07
4844.8, -2.2166e-07
4846.8, -2.2175e-07
4848.8, -2.2183e-07
4850.8, -2.2193e-07
4852.8, -2.2201e-07
4854.8, -2.2211e-07
4856.9, -2.222e-07
4858.9, -2.2229e-07
4860.9, -2.2238e-07
4862.9, -2.2247e-07
4864.9, -2.2255e-07
4866.9, -2.2264e-07
4868.9, -2.2273e-07
4870.9, -2.2282e-07
4872.9, -2.2291e-07
4874.9, -2.23e-07
4876.9, -2.2309e-07
4878.9, -2.2318e-07
4880.9, -2.2327e-07
4882.9, -2.2335e-07
4884.9, -2.2344e-07
4886.9, -2.2353e-07
4888.9, -2.2362e-07
4890.9, -2.2371e-07
4892.9, -2.2379e-07
4894.9, -2.2389e-07
4896.9, -2.2398e-07
4898.9, -2.2407e-07
4900.9, -2.2416e-07
4902.9, -2.2425e-07
4904.9, -2.2433e-07
4906.9, -2.2442e-07
4908.9, -2.245e-07
4910.9, -2.2459e-07
4912.9, -2.2467e-07
4914.9, -2.2476e-07
4916.9, -2.2484e-07
4918.9, -2.2493e-07
4920.9, -2.2502e-07
4922.9, -2.251e-07
4924.9, -2.2519e-07
4926.9, -2.2528e-07
4928.9, -2.2536e-07
4930.9, -2.2545e-07
4932.9, -2.2553e-07
4934.9, -2.2561e-07
4936.9, -2.257e-07
4938.9, -2.2579e-07
4940.9, -2.2588e-07
4942.9, -2.2596e-07
4944.9, -2.2605e-07
4946.9, -2.2613e-07
4948.9, -2.2622e-07
4950.9, -2.2631e-07
4952.9, -2.264e-07
4954.9, -2.2648e-07
4957.0, -2.2657e-07
4959.0, -2.2666e-07
4961.0, -2.2675e-07
4963.0, -2.2684e-07
4965.0, -2.2693e-07
4967.0, -2.2702e-07
4969.0, -2.2711e-07
4971.0, -2.2719e-07
4973.0, -2.2728e-07
4975.0, -2.2738e-07
4977.0, -2.2747e-07
4979.0, -2.2756e-07
4981.0, -2.2765e-07
4983.0, -2.2775e-07
4985.0, -2.2784e-07
4987.0, -2.2793e-07
4989.0, -2.2802e-07
4991.0, -2.2811e-07
4993.0, -2.282e-07
4995.0, -2.2829e-07
4997.0, -2.2838e-07
4999.0, -2.2848e-07
5001.0, -2.2857e-07
5003.0, -2.2866e-07
5005.0, -2.2877e-07
5007.0, -2.2886e-07
5009.0, -2.2895e-07
5011.0, -2.2904e-07
5013.0, -2.2913e-07
5015.0, -2.2922e-07
5017.0, -2.2931e-07
5019.0, -2.2941e-07
5021.0, -2.295e-07
5023.0, -2.2959e-07
5025.0, -2.2968e-07
5027.0, -2.2977e-07
5029.0, -2.2986e-07
5031.0, -2.2995e-07
5033.0, -2.3004e-07
5035.0, -2.3013e-07
5037.0, -2.3022e-07
5039.0, -2.3031e-07
5041.0, -2.304e-07
5043.0, -2.3049e-07
5045.0, -2.3058e-07
5047.0, -2.3068e-07
5049.0, -2.3076e-07
5051.0, -2.3086e-07
5053.0, -2.3095e-07
5055.0, -2.3104e-07
5057.1, -2.3112e-07
5059.1, -2.3121e-07
5061.1, -2.3129e-07
5063.1, -2.3138e-07
5065.1, -2.3147e-07
5067.1, -2.3156e-07
5069.1, -2.3165e-07
5071.1, -2.3175e-07
5073.1, -2.3184e-07
5075.1, -2.3193e-07
5077.1, -2.3202e-07
5079.1, -2.3211e-07
5081.1, -2.322e-07
5083.1, -2.3229e-07
5085.1, -2.3237e-07
5087.1, -2.3245e-07
5089.1, -2.3252e-07
5091.1, -2.326e-07
5093.1, -2.3269e-07
5095.1, -2.3277e-07
5097.1, -2.3285e-07
5099.1, -2.3293e-07
5101.1, -2.3301e-07
5103.1, -2.3309e-07
5105.1, -2.3317e-07
5107.1, -2.3324e-07
5109.1, -2.3331e-07
5111.1, -2.3339e-07
5113.1, -2.3346e-07
5115.1, -2.3353e-07
5117.1, -2.3361e-07
5119.1, -2.3368e-07
5121.1, -2.3375e-07
5123.1, -2.3382e-07
5125.1, -2.3391e-07
5127.1, -2.3397e-07
5129.1, -2.3404e-07
5131.1, -2.3412e-07
5133.1, -2.3418e-07
5135.1, -2.3426e-07
5137.1, -2.3434e-07
5139.1, -2.3442e-07
5141.1, -2.3451e-07
5143.1, -2.3458e-07
5145.1, -2.3467e-07
5147.1, -2.3476e-07
5149.1, -2.3484e-07
5151.1, -2.3491e-07
5153.1, -2.3499e-07
5155.1, -2.3508e-07
5157.2, -2.3516e-07
5159.2, -2.3525e-07
5161.2, -2.3531e-07
5163.2, -2.3538e-07
5165.2, -2.3547e-07
5167.2, -2.3555e-07
5169.2, -2.3563e-07
5171.2, -2.357e-07
5173.2, -2.3579e-07
5175.2, -2.3587e-07
5177.2, -2.3596e-07
5179.2, -2.3603e-07
5181.2, -2.3612e-07
5183.2, -2.362e-07
5185.2, -2.3629e-07
5187.2, -2.3635e-07
5189.2, -2.3642e-07
5191.2, -2.3652e-07
5193.2, -2.3659e-07
5195.2, -2.3667e-07
5197.2, -2.3675e-07
5199.2, -2.3684e-07
5201.2, -2.3692e-07
5203.2, -2.37e-07
5205.2, -2.3707e-07
5207.2, -2.3715e-07
5209.2, -2.3723e-07
5211.2, -2.3731e-07
5213.2, -2.374e-07
5215.2, -2.3749e-07
5217.2, -2.3757e-07
5219.2, -2.3765e-07
5221.2, -2.3772e-07
5223.2, -2.3779e-07
5225.2, -2.3786e-07
5227.2, -2.3793e-07
5229.2, -2.3801e-07
5231.2, -2.3808e-07
5233.2, -2.3816e-07
5235.2, -2.3824e-07
5237.2, -2.3832e-07
5239.2, -2.384e-07
5241.2, -2.3848e-07
5243.2, -2.3856e-07
5245.2, -2.3864e-07
5247.2, -2.3871e-07
5249.2, -2.3878e-07
5251.2, -2.3885e-07
5253.2, -2.3893e-07
5255.2, -2.3901e-07
5257.3, -2.3909e-07
5259.3, -2.3916e-07
5261.3, -2.3924e-07
5263.3, -2.3931e-07
5265.3, -2.3938e-07
5267.3, -2.3944e-07
5269.3, -2.3951e-07
5271.3, -2.3958e-07
5273.3, -2.3965e-07
5275.3, -2.3973e-07
5277.3, -2.3981e-07
5279.3, -2.3989e-07
5281.3, -2.3996e-07
5283.3, -2.4004e-07
5285.3, -2.4012e-07
5287.3, -2.4019e-07
5289.3, -2.4026e-07
5291.3, -2.4034e-07
5293.3, -2.4042e-07
5295.3, -2.4049e-07
5297.3, -2.4058e-07
5299.3, -2.4065e-07
5301.3, -2.4073e-07
5303.3, -2.408e-07
5305.3, -2.4088e-07
5307.3, -2.4094e-07
5309.3, -2.4102e-07
5311.3, -2.4109e-07
5313.3, -2.4117e-07
5315.3, -2.4125e-07
5317.3, -2.4133e-07
5319.3, -2.414e-07
5321.3, -2.4148e-07
5323.3, -2.4155e-07
5325.3, -2.4163e-07
5327.3, -2.417e-07
5329.3, -2.4176e-07
5331.3, -2.4184e-07
5333.3, -2.4191e-07
5335.3, -2.4198e-07
5337.3, -2.4206e-07
5339.3, -2.4214e-07
5341.3, -2.4222e-07
5343.3, -2.4228e-07
5345.3, -2.4236e-07
5347.3, -2.4243e-07
5349.3, -2.4251e-07
5351.3, -2.4258e-07
5353.3, -2.4266e-07
5355.3, -2.4273e-07
5357.4, -2.4282e-07
5359.4, -2.4291e-07
5361.4, -2.4298e-07
5363.4, -2.4306e-07
5365.4, -2.4313e-07
5367.4, -2.4321e-07
5369.4, -2.4329e-07
5371.4, -2.4337e-07
5373.4, -2.4344e-07
5375.4, -2.4352e-07
5377.4, -2.436e-07
5379.4, -2.4367e-07
5381.4, -2.4374e-07
5383.4, -2.4381e-07
5385.4, -2.4389e-07
5387.4, -2.4397e-07
5389.4, -2.4404e-07
5391.4, -2.4412e-07
5393.4, -2.4418e-07
5395.4, -2.4425e-07
5397.4, -2.4433e-07
5399.4, -2.4441e-07
5401.4, -2.4448e-07
5403.4, -2.4456e-07
5405.4, -2.4464e-07
5407.4, -2.4472e-07
5409.4, -2.4479e-07
5411.4, -2.4487e-07
5413.4, -2.4494e-07
5415.4, -2.4503e-07
5417.4, -2.451e-07
5419.4, -2.4518e-07
5421.4, -2.4526e-07
5423.4, -2.4533e-07
5425.4, -2.454e-07
5427.4, -2.4547e-07
5429.4, -2.4555e-07
5431.4, -2.4563e-07
5433.4, -2.457e-07
5435.4, -2.4578e-07
5437.4, -2.4585e-07
5439.4, -2.4593e-07
5441.4, -2.46e-07
5443.4, -2.4607e-07
5445.4, -2.4614e-07
5447.4, -2.4623e-07
5449.4, -2.4631e-07
5451.4, -2.4638e-07
5453.4, -2.4646e-07
5455.4, -2.4654e-07
5457.5, -2.4663e-07
5459.5, -2.4672e-07
5461.5, -2.468e-07
5463.5, -2.4687e-07
5465.5, -2.4694e-07
5467.5, -2.4702e-07
5469.5, -2.4709e-07
5471.5, -2.4718e-07
5473.5, -2.4726e-07
5475.5, -2.4734e-07
5477.5, -2.4742e-07
5479.5, -2.475e-07
5481.5, -2.4758e-07
5483.5, -2.4765e-07
5485.5, -2.4771e-07
5487.5, -2.4778e-07
5489.5, -2.4786e-07
5491.5, -2.4794e-07
5493.5, -2.4801e-07
5495.5, -2.4809e-07
5497.5, -2.4816e-07
5499.5, -2.4823e-07
5501.5, -2.483e-07
5503.5, -2.4837e-07
5505.5, -2.4844e-07
5507.5, -2.4852e-07
5509.5, -2.4859e-07
5511.5, -2.4867e-07
5513.5, -2.4875e-07
5515.5, -2.4883e-07
5517.5, -2.4891e-07
5519.5, -2.4898e-07
5521.5, -2.4906e-07
5523.5, -2.4913e-07
5525.5, -2.4921e-07
5527.5, -2.4928e-07
5529.5, -2.4936e-07
5531.5, -2.4943e-07
5533.5, -2.4952e-07
5535.5, -2.4959e-07
5537.5, -2.4967e-07
5539.5, -2.4975e-07
5541.5, -2.4982e-07
5543.5, -2.499e-07
5545.5, -2.4997e-07
5547.5, -2.5004e-07
5549.5, -2.5012e-07
5551.5, -2.5019e-07
5553.5, -2.5026e-07
5555.5, -2.5034e-07
5557.6, -2.5041e-07
5559.6, -2.5049e-07
5561.6, -2.5057e-07
5563.6, -2.5064e-07
5565.6, -2.5072e-07
5567.6, -2.508e-07
5569.6, -2.5086e-07
5571.6, -2.5094e-07
5573.6, -2.5103e-07
5575.6, -2.511e-07
5577.6, -2.5117e-07
5579.6, -2.5124e-07
5581.6, -2.5132e-07
5583.6, -2.5139e-07
5585.6, -2.5146e-07
5587.6, -2.5153e-07
5589.6, -2.516e-07
5591.6, -2.5167e-07
5593.6, -2.5175e-07
5595.6, -2.5183e-07
5597.6, -2.5189e-07
5599.6, -2.5197e-07
5601.6, -2.5204e-07
5603.6, -2.5211e-07
5605.6, -2.5219e-07
5607.6, -2.5226e-07
5609.6, -2.5232e-07
5611.6, -2.5239e-07
5613.6, -2.5246e-07
5615.6, -2.5252e-07
5617.6, -2.5258e-07
5619.6, -2.5265e-07
5621.6, -2.5273e-07
5623.6, -2.528e-07
5625.6, -2.5286e-07
5627.6, -2.5292e-07
5629.6, -2.5298e-07
5631.6, -2.5304e-07
5633.6, -2.531e-07
5635.6, -2.5317e-07
5637.6, -2.5323e-07
5639.6, -2.5331e-07
5641.6, -2.5337e-07
5643.6, -2.5345e-07
5645.6, -2.5353e-07
5647.6, -2.5359e-07
5649.6, -2.5365e-07
5651.6, -2.5373e-07
5653.6, -2.538e-07
5655.6, -2.5387e-07
5657.7, -2.5394e-07
5659.7, -2.5401e-07
5661.7, -2.5408e-07
5663.7, -2.5415e-07
5665.7, -2.5422e-07
5667.7, -2.5429e-07
5669.7, -2.5436e-07
5671.7, -2.5445e-07
5673.7, -2.5453e-07
5675.7, -2.5459e-07
5677.7, -2.5467e-07
5679.7, -2.5475e-07
5681.7, -2.5482e-07
5683.7, -2.5491e-07
5685.7, -2.5499e-07
5687.7, -2.5506e-07
5689.7, -2.5514e-07
5691.7, -2.5521e-07
5693.7, -2.5529e-07
5695.7, -2.5536e-07
5697.7, -2.5542e-07
5699.7, -2.5549e-07
5701.7, -2.5555e-07
5703.7, -2.5561e-07
5705.7, -2.5567e-07
5707.7, -2.5575e-07
5709.7, -2.5582e-07
5711.7, -2.559e-07
5713.7, -2.5596e-07
5715.7, -2.5603e-07
5717.7, -2.5609e-07
5719.7, -2.5617e-07
5721.7, -2.5625e-07
5723.7, -2.5631e-07
5725.7, -2.5638e-07
5727.7, -2.5645e-07
5729.7, -2.5651e-07
5731.7, -2.5659e-07
5733.7, -2.5665e-07
5735.7, -2.5673e-07
5737.7, -2.5682e-07
5739.7, -2.5689e-07
5741.7, -2.5696e-07
5743.7, -2.5702e-07
5745.7, -2.571e-07
5747.7, -2.5718e-07
5749.7, -2.5725e-07
5751.7, -2.5732e-07
5753.7, -2.5739e-07
5755.7, -2.5748e-07
5757.8, -2.5754e-07
5759.8, -2.5761e-07
5761.8, -2.5768e-07
5763.8, -2.5776e-07
5765.8, -2.5783e-07
5767.8, -2.5789e-07
5769.8, -2.5794e-07
5771.8, -2.5802e-07
5773.8, -2.5808e-07
5775.8, -2.5815e-07
5777.8, -2.5823e-07
5779.8, -2.583e-07
5781.8, -2.5837e-07
5783.8, -2.5845e-07
5785.8, -2.5852e-07
5787.8, -2.5858e-07
5789.8, -2.5865e-07
5791.8, -2.5872e-07
5793.8, -2.5879e-07
5795.8, -2.5885e-07
5797.8, -2.5893e-07
5799.8, -2.5901e-07
5801.8, -2.5908e-07
5803.8, -2.5915e-07
5805.8, -2.5921e-07
5807.8, -2.5929e-07
5809.8, -2.5936e-07
5811.8, -2.5943e-07
5813.8, -2.5949e-07
5815.8, -2.5955e-07
5817.8, -2.5963e-07
5819.8, -2.597e-07
5821.8, -2.5976e-07
5823.8, -2.5985e-07
5825.8, -2.5995e-07
5827.8, -2.6004e-07
5829.8, -2.6012e-07
5831.8, -2.6021e-07
5833.8, -2.603e-07
5835.8, -2.6039e-07
5837.8, -2.6047e-07
5839.8, -2.6056e-07
5841.8, -2.6065e-07
5843.8, -2.6073e-07
5845.8, -2.6082e-07
5847.8, -2.6091e-07
5849.8, -2.61e-07
5851.8, -2.6109e-07
5853.8, -2.6118e-07
5855.8, -2.6127e-07
5857.9, -2.6136e-07
5859.9, -2.6145e-07
5861.9, -2.6154e-07
5863.9, -2.6163e-07
5865.9, -2.6172e-07
5867.9, -2.6181e-07
5869.9, -2.619e-07
5871.9, -2.6199e-07
5873.9, -2.6208e-07
5875.9, -2.6217e-07
5877.9, -2.6226e-07
5879.9, -2.6235e-07
5881.9, -2.6245e-07
5883.9, -2.6254e-07
5885.9, -2.6263e-07
5887.9, -2.6273e-07
5889.9, -2.6283e-07
5891.9, -2.6292e-07
5893.9, -2.6302e-07
5895.9, -2.6312e-07
5897.9, -2.6321e-07
5899.9, -2.6331e-07
5901.9, -2.634e-07
5903.9, -2.6349e-07
5905.9, -2.6359e-07
5907.9, -2.6368e-07
5909.9, -2.6378e-07
5911.9, -2.6387e-07
5913.9, -2.6396e-07
5915.9, -2.6405e-07
5917.9, -2.6415e-07
5919.9, -2.6424e-07
5921.9, -2.6433e-07
5923.9, -2.6442e-07
5925.9, -2.6452e-07
5927.9, -2.6462e-07
5929.9, -2.6472e-07
5931.9, -2.6481e-07
5933.9, -2.6491e-07
5935.9, -2.65e-07
5937.9, -2.651e-07
5939.9, -2.6519e-07
5941.9, -2.6528e-07
5943.9, -2.6537e-07
5945.9, -2.6546e-07
5947.9, -2.6555e-07
5949.9, -2.6563e-07
5951.9, -2.6572e-07
5953.9, -2.6581e-07
5955.9, -2.6591e-07
5958.0, -2.66e-07
5960.0, -2.661e-07
5962.0, -2.6618e-07
5964.0, -2.6628e-07
5966.0, -2.6637e-07
5968.0, -2.6647e-07
5970.0, -2.6656e-07
5972.0, -2.6665e-07
5974.0, -2.6674e-07
5976.0, -2.6683e-07
5978.0, -2.6692e-07
5980.0, -2.67e-07
5982.0, -2.6709e-07
5984.0, -2.6718e-07
5986.0, -2.6727e-07
5988.0, -2.6737e-07
5990.0, -2.6746e-07
5992.0, -2.6755e-07
5994.0, -2.6764e-07
5996.0, -2.6773e-07
5998.0, -2.6782e-07
6000.0, -2.6791e-07
6002.0, -2.68e-07
6004.0, -2.681e-07
6006.0, -2.682e-07
6008.0, -2.6829e-07
6010.0, -2.6839e-07
6012.0, -2.6848e-07
6014.0, -2.6857e-07
6016.0, -2.6866e-07
6018.0, -2.6875e-07
6020.0, -2.6884e-07
6022.0, -2.6893e-07
6024.0, -2.6902e-07
6026.0, -2.6912e-07
6028.0, -2.6921e-07
6030.0, -2.693e-07
6032.0, -2.6939e-07
6034.0, -2.6949e-07
6036.0, -2.6958e-07
6038.0, -2.6967e-07
6040.0, -2.6976e-07
6042.0, -2.6985e-07
6044.0, -2.6994e-07
6046.0, -2.7003e-07
6048.0, -2.7013e-07
6050.0, -2.7022e-07
6052.0, -2.7031e-07
6054.0, -2.704e-07
6056.0, -2.705e-07
6058.1, -2.7059e-07
6060.1, -2.7069e-07
6062.1, -2.7079e-07
6064.1, -2.7088e-07
6066.1, -2.7098e-07
6068.1, -2.7107e-07
6070.1, -2.7116e-07
6072.1, -2.7125e-07
6074.1, -2.7134e-07
6076.1, -2.7143e-07
6078.1, -2.7151e-07
6080.1, -2.7159e-07
6082.1, -2.7168e-07
6084.1, -2.7176e-07
6086.1, -2.7185e-07
6088.1, -2.7193e-07
6090.1, -2.7202e-07
6092.1, -2.7211e-07
6094.1, -2.722e-07
6096.1, -2.7229e-07
6098.1, -2.7238e-07
6100.1, -2.7247e-07
6102.1, -2.7256e-07
6104.1, -2.7266e-07
6106.1, -2.7275e-07
6108.1, -2.7285e-07
6110.1, -2.7294e-07
6112.1, -2.7304e-07
6114.1, -2.7314e-07
6116.1, -2.7324e-07
6118.1, -2.7334e-07
6120.1, -2.7344e-07
6122.1, -2.7354e-07
6124.1, -2.7365e-07
6126.1, -2.7374e-07
6128.1, -2.7384e-07
6130.1, -2.7394e-07
6132.1, -2.7403e-07
6134.1, -2.7412e-07
6136.1, -2.7422e-07
6138.1, -2.7431e-07
6140.1, -2.7441e-07
6142.1, -2.745e-07
6144.1, -2.7459e-07
6146.1, -2.7469e-07
6148.1, -2.7479e-07
6150.1, -2.7488e-07
6152.1, -2.7498e-07
6154.1, -2.7508e-07
6156.1, -2.7517e-07
6158.2, -2.7527e-07
6160.2, -2.7536e-07
6162.2, -2.7546e-07
6164.2, -2.7556e-07
6166.2, -2.7566e-07
6168.2, -2.7576e-07
6170.2, -2.7585e-07
6172.2, -2.7595e-07
6174.2, -2.7604e-07
6176.2, -2.7614e-07
6178.2, -2.7623e-07
6180.2, -2.7634e-07
6182.2, -2.7643e-07
6184.2, -2.7653e-07
6186.2, -2.7662e-07
6188.2, -2.7671e-07
6190.2, -2.7681e-07
6192.2, -2.769e-07
6194.2, -2.77e-07
6196.2, -2.7709e-07
6198.2, -2.7719e-07
6200.2, -2.7727e-07
6202.2, -2.7736e-07
6204.2, -2.7745e-07
6206.2, -2.7754e-07
6208.2, -2.7762e-07
6210.2, -2.7771e-07
6212.2, -2.778e-07
6214.2, -2.7789e-07
6216.2, -2.7798e-07
6218.2, -2.7808e-07
6220.2, -2.7817e-07
6222.2, -2.7827e-07
6224.2, -2.7836e-07
6226.2, -2.7845e-07
6228.2, -2.7855e-07
6230.2, -2.7864e-07
6232.2, -2.7873e-07
6234.2, -2.7882e-07
6236.2, -2.7892e-07
6238.2, -2.7901e-07
6240.2, -2.7911e-07
6242.2, -2.792e-07
6244.2, -2.7929e-07
6246.2, -2.7938e-07
6248.2, -2.7947e-07
6250.2, -2.7957e-07
6252.2, -2.7967e-07
6254.2, -2.7976e-07
6256.2, -2.7985e-07
6258.3, -2.7994e-07
6260.3, -2.8003e-07
6262.3, -2.8012e-07
6264.3, -2.8022e-07
6266.3, -2.8031e-07
6268.3, -2.804e-07
6270.3, -2.8049e-07
6272.3, -2.8058e-07
6274.3, -2.8068e-07
6276.3, -2.8077e-07
6278.3, -2.8086e-07
6280.3, -2.8096e-07
6282.3, -2.8105e-07
6284.3, -2.8113e-07
6286.3, -2.8123e-07
6288.3, -2.8132e-07
6290.3, -2.8141e-07
6292.3, -2.815e-07
6294.3, -2.816e-07
6296.3, -2.8168e-07
6298.3, -2.8178e-07
6300.3, -2.8187e-07
6302.3, -2.8197e-07
6304.3, -2.8206e-07
6306.3, -2.8216e-07
6308.3, -2.8225e-07
6310.3, -2.8234e-07
6312.3, -2.8243e-07
6314.3, -2.8252e-07
6316.3, -2.8262e-07
6318.3, -2.8271e-07
6320.3, -2.8281e-07
6322.3, -2.8291e-07
6324.3, -2.8301e-07
6326.3, -2.8311e-07
6328.3, -2.832e-07
6330.3, -2.833e-07
6332.3, -2.8339e-07
6334.3, -2.8348e-07
6336.3, -2.8358e-07
6338.3, -2.8367e-07
6340.3, -2.8375e-07
6342.3, -2.8384e-07
6344.3, -2.8393e-07
6346.3, -2.8402e-07
6348.3, -2.8411e-07
6350.3, -2.842e-07
6352.3, -2.843e-07
6354.3, -2.8439e-07
6356.3, -2.8449e-07
6358.4, -2.8459e-07
6360.4, -2.8469e-07
6362.4, -2.8478e-07
6364.4, -2.8488e-07
6366.4, -2.8497e-07
6368.4, -2.8506e-07
6370.4, -2.8515e-07
6372.4, -2.8524e-07
6374.4, -2.8533e-07
6376.4, -2.8541e-07
6378.4, -2.855e-07
6380.4, -2.8559e-07
6382.4, -2.8568e-07
6384.4, -2.8576e-07
6386.4, -2.8585e-07
6388.4, -2.8594e-07
6390.4, -2.8603e-07
6392.4, -2.8612e-07
6394.4, -2.8621e-07
6396.4, -2.863e-07
6398.4, -2.8639e-07
6400.4, -2.8649e-07
6402.4, -2.8659e-07
6404.4, -2.8668e-07
6406.4, -2.8677e-07
6408.4, -2.8686e-07
6410.4, -2.8696e-07
6412.4, -2.8705e-07
6414.4, -2.8714e-07
6416.4, -2.8723e-07
6418.4, -2.8732e-07
6420.4, -2.8742e-07
6422.4, -2.8751e-07
6424.4, -2.876e-07
6426.4, -2.8769e-07
6428.4, -2.8779e-07
6430.4, -2.8789e-07
6432.4, -2.8797e-07
6434.4, -2.8806e-07
6436.4, -2.8815e-07
6438.4, -2.8823e-07
6440.4, -2.8832e-07
6442.4, -2.8841e-07
6444.4, -2.885e-07
6446.4, -2.8859e-07
6448.4, -2.8867e-07
6450.4, -2.8877e-07
6452.4, -2.8886e-07
6454.4, -2.8895e-07
6456.4, -2.8904e-07
6458.5, -2.8913e-07
6460.5, -2.8921e-07
6462.5, -2.893e-07
6464.5, -2.8938e-07
6466.5, -2.8947e-07
6468.5, -2.8955e-07
6470.5, -2.8963e-07
6472.5, -2.8971e-07
6474.5, -2.898e-07
6476.5, -2.899e-07
6478.5, -2.8998e-07
6480.5, -2.9007e-07
6482.5, -2.9016e-07
6484.5, -2.9025e-07
6486.5, -2.9035e-07
6488.5, -2.9044e-07
6490.5, -2.9054e-07
6492.5, -2.9063e-07
6494.5, -2.9073e-07
6496.5, -2.9082e-07
6498.5, -2.9092e-07
6500.5, -2.9101e-07
6502.5, -2.9111e-07
6504.5, -2.912e-07
6506.5, -2.913e-07
6508.5, -2.9139e-07
6510.5, -2.9148e-07
6512.5, -2.9157e-07
6514.5, -2.9167e-07
6516.5, -2.9176e-07
6518.5, -2.9186e-07
6520.5, -2.9195e-07
6522.5, -2.9205e-07
6524.5, -2.9214e-07
6526.5, -2.9223e-07
6528.5, -2.9233e-07
6530.5, -2.9242e-07
6532.5, -2.9252e-07
6534.5, -2.9261e-07
6536.5, -2.927e-07
6538.5, -2.9281e-07
6540.5, -2.9291e-07
6542.5, -2.93e-07
6544.5, -2.9309e-07
6546.5, -2.9318e-07
6548.5, -2.9328e-07
6550.5, -2.9337e-07
6552.5, -2.9347e-07
6554.5, -2.9356e-07
6556.5, -2.9365e-07
6558.6, -2.9375e-07
6560.6, -2.9384e-07
6562.6, -2.9393e-07
6564.6, -2.9403e-07
6566.6, -2.9412e-07
6568.6, -2.9422e-07
6570.6, -2.9431e-07
6572.6, -2.9441e-07
6574.6, -2.945e-07
6576.6, -2.9459e-07
6578.6, -2.9469e-07
6580.6, -2.9478e-07
6582.6, -2.9488e-07
6584.6, -2.9497e-07
6586.6, -2.9506e-07
6588.6, -2.9516e-07
6590.6, -2.9524e-07
6592.6, -2.9533e-07
6594.6, -2.9543e-07
6596.6, -2.9552e-07
6598.6, -2.9561e-07
6600.6, -2.957e-07
6602.6, -2.9579e-07
6604.6, -2.9588e-07
6606.6, -2.9597e-07
6608.6, -2.9607e-07
6610.6, -2.9616e-07
6612.6, -2.9624e-07
6614.6, -2.9633e-07
6616.6, -2.9642e-07
6618.6, -2.9651e-07
6620.6, -2.966e-07
6622.6, -2.9668e-07
6624.6, -2.9677e-07
6626.6, -2.9686e-07
6628.6, -2.9694e-07
6630.6, -2.9703e-07
6632.6, -2.9712e-07
6634.6, -2.9721e-07
6636.6, -2.973e-07
6638.6, -2.974e-07
6640.6, -2.9749e-07
6642.6, -2.9758e-07
6644.6, -2.9767e-07
6646.6, -2.9776e-07
6648.6, -2.9785e-07
6650.6, -2.9795e-07
6652.6, -2.9804e-07
6654.6, -2.9813e-07
6656.6, -2.9822e-07
6658.7, -2.9832e-07
6660.7, -2.9841e-07
6662.7, -2.985e-07
6664.7, -2.9858e-07
6666.7, -2.9868e-07
6668.7, -2.9876e-07
6670.7, -2.9885e-07
6672.7, -2.9894e-07
6674.7, -2.9903e-07
6676.7, -2.9912e-07
6678.7, -2.9921e-07
6680.7, -2.993e-07
6682.7, -2.9939e-07
6684.7, -2.9948e-07
6686.7, -2.9957e-07
6688.7, -2.9965e-07
6690.7, -2.9974e-07
6692.7, -2.9984e-07
6694.7, -2.9992e-07
6696.7, -3.0002e-07
6698.7, -3.0011e-07
6700.7, -3.002e-07
6702.7, -3.0029e-07
6704.7, -3.0038e-07
6706.7, -3.0047e-07
6708.7, -3.0056e-07
6710.7, -3.0065e-07
6712.7, -3.0073e-07
6714.7, -3.0082e-07
6716.7, -3.009e-07
6718.7, -3.0099e-07
6720.7, -3.0108e-07
6722.7, -3.0117e-07
6724.7, -3.0126e-07
6726.7, -3.0135e-07
6728.7, -3.0145e-07
6730.7, -3.0154e-07
6732.7, -3.0163e-07
6734.7, -3.0172e-07
6736.7, -3.0181e-07
6738.7, -3.019e-07
6740.7, -3.02e-07
6742.7, -3.0209e-07
6744.7, -3.0218e-07
6746.7, -3.0227e-07
6748.7, -3.0236e-07
6750.7, -3.0246e-07
6752.7, -3.0254e-07
6754.7, -3.0263e-07
6756.7, -3.0273e-07
6758.8, -3.0282e-07
6760.8, -3.0292e-07
6762.8, -3.0302e-07
6764.8, -3.0311e-07
6766.8, -3.032e-07
6768.8, -3.0329e-07
6770.8, -3.0339e-07
6772.8, -3.0348e-07
6774.8, -3.0357e-07
6776.8, -3.0366e-07
6778.8, -3.0376e-07
6780.8, -3.0384e-07
6782.8, -3.0394e-07
6784.8, -3.0403e-07
6786.8, -3.0412e-07
6788.8, -3.0422e-07
6790.8, -3.0431e-07
6792.8, -3.044e-07
6794.8, -3.0449e-07
6796.8, -3.0458e-07
6798.8, -3.0466e-07
6800.8, -3.0475e-07
6802.8, -3.0484e-07
6804.8, -3.0493e-07
6806.8, -3.0502e-07
6808.8, -3.0511e-07
6810.8, -3.052e-07
6812.8, -3.0529e-07
6814.8, -3.0538e-07
6816.8, -3.0547e-07
6818.8, -3.0556e-07
6820.8, -3.0565e-07
6822.8, -3.0574e-07
6824.8, -3.0582e-07
6826.8, -3.0591e-07
6828.8, -3.06e-07
6830.8, -3.0609e-07
6832.8, -3.0618e-07
6834.8, -3.0627e-07
6836.8, -3.0637e-07
6838.8, -3.0646e-07
6840.8, -3.0656e-07
6842.8, -3.0666e-07
6844.8, -3.0676e-07
6846.8, -3.0685e-07
6848.8, -3.0694e-07
6850.8, -3.0703e-07
6852.8, -3.0713e-07
6854.8, -3.0722e-07
6856.8, -3.0731e-07
6858.9, -3.074e-07
6860.9, -3.0749e-07
6862.9, -3.0758e-07
6864.9, -3.0767e-07
6866.9, -3.0777e-07
6868.9, -3.0787e-07
6870.9, -3.0797e-07
6872.9, -3.0807e-07
6874.9, -3.0817e-07
6876.9, -3.0827e-07
6878.9, -3.0837e-07
6880.9, -3.0847e-07
6882.9, -3.0856e-07
6884.9, -3.0865e-07
6886.9, -3.0875e-07
6888.9, -3.0884e-07
6890.9, -3.0893e-07
6892.9, -3.0903e-07
6894.9, -3.0912e-07
6896.9, -3.0922e-07
6898.9, -3.0932e-07
6900.9, -3.0942e-07
6902.9, -3.0951e-07
6904.9, -3.0962e-07
6906.9, -3.0972e-07
6908.9, -3.0981e-07
6910.9, -3.0991e-07
6912.9, -3.1e-07
6914.9, -3.101e-07
6916.9, -3.1021e-07
6918.9, -3.1031e-07
6920.9, -3.1041e-07
6922.9, -3.105e-07
6924.9, -3.106e-07
6926.9, -3.1069e-07
6928.9, -3.1079e-07
6930.9, -3.1088e-07
6932.9, -3.1098e-07
6934.9, -3.1107e-07
6936.9, -3.1117e-07
6938.9, -3.1126e-07
6940.9, -3.1135e-07
6942.9, -3.1144e-07
6944.9, -3.1154e-07
6946.9, -3.1163e-07
6948.9, -3.1172e-07
6950.9, -3.1181e-07
6952.9, -3.119e-07
6954.9, -3.1199e-07
6956.9, -3.1209e-07
6959.0, -3.1218e-07
6961.0, -3.1228e-07
6963.0, -3.1237e-07
6965.0, -3.1246e-07
6967.0, -3.1256e-07
6969.0, -3.1265e-07
6971.0, -3.1274e-07
6973.0, -3.1283e-07
6975.0, -3.1291e-07
6977.0, -3.13e-07
6979.0, -3.1308e-07
6981.0, -3.1317e-07
6983.0, -3.1325e-07
6985.0, -3.1334e-07
6987.0, -3.1342e-07
6989.0, -3.1351e-07
6991.0, -3.136e-07
6993.0, -3.1369e-07
6995.0, -3.1377e-07
6997.0, -3.1386e-07
6999.0, -3.1395e-07
7001.0, -3.1403e-07
7003.0, -3.1412e-07
7005.0, -3.142e-07
7007.0, -3.1429e-07
7009.0, -3.1437e-07
7011.0, -3.1446e-07
7013.0, -3.1455e-07
7015.0, -3.1464e-07
7017.0, -3.1472e-07
7019.0, -3.1481e-07
7021.0, -3.149e-07
7023.0, -3.15e-07
7025.0, -3.1509e-07
7027.0, -3.1519e-07
7029.0, -3.1529e-07
7031.0, -3.1538e-07
7033.0, -3.1546e-07
7035.0, -3.1556e-07
7037.0, -3.1565e-07
7039.0, -3.1575e-07
7041.0, -3.1584e-07
7043.0, -3.1593e-07
7045.0, -3.1603e-07
7047.0, -3.1611e-07
7049.0, -3.162e-07
7051.0, -3.1629e-07
7053.0, -3.1639e-07
7055.0, -3.1648e-07
7057.0, -3.1657e-07
7059.1, -3.1666e-07
7061.1, -3.1676e-07
7063.1, -3.1685e-07
7065.1, -3.1694e-07
7067.1, -3.1704e-07
7069.1, -3.1713e-07
7071.1, -3.1722e-07
7073.1, -3.1732e-07
7075.1, -3.1741e-07
7077.1, -3.1751e-07
7079.1, -3.1761e-07
7081.1, -3.177e-07
7083.1, -3.1779e-07
7085.1, -3.1789e-07
7087.1, -3.1799e-07
7089.1, -3.1809e-07
7091.1, -3.1819e-07
7093.1, -3.1828e-07
7095.1, -3.1837e-07
7097.1, -3.1846e-07
7099.1, -3.1855e-07
7101.1, -3.1865e-07
7103.1, -3.1874e-07
7105.1, -3.1883e-07
7107.1, -3.1893e-07
7109.1, -3.1902e-07
7111.1, -3.1911e-07
7113.1, -3.192e-07
7115.1, -3.1929e-07
7117.1, -3.1938e-07
7119.1, -3.1947e-07
7121.1, -3.1955e-07
7123.1, -3.1964e-07
7125.1, -3.1972e-07
7127.1, -3.1981e-07
7129.1, -3.199e-07
7131.1, -3.1999e-07
7133.1, -3.2008e-07
7135.1, -3.2017e-07
7137.1, -3.2026e-07
7139.1, -3.2034e-07
7141.1, -3.2042e-07
7143.1, -3.2051e-07
7145.1, -3.206e-07
7147.1, -3.2068e-07
7149.1, -3.2078e-07
7151.1, -3.2087e-07
7153.1, -3.2096e-07
7155.1, -3.2104e-07
7157.1, -3.2113e-07
7159.2, -3.2122e-07
7161.2, -3.213e-07
7163.2, -3.2139e-07
7165.2, -3.2149e-07
7167.2, -3.2158e-07
7169.2, -3.2167e-07
7171.2, -3.2175e-07
7173.2, -3.2184e-07
7175.2, -3.2192e-07
7177.2, -3.22e-07
7179.2, -3.2208e-07
7181.2, -3.2216e-07
7183.2, -3.2224e-07
7185.2, -3.2232e-07
7187.2, -3.2241e-07
7189.2, -3.2249e-07
7191.2, -3.2257e-07
7193.2, -3.2266e-07
7195.2, -3.2275e-07
7197.2, -3.2284e-07
7199.2, -3.2293e-07
7201.2, -3.2302e-07
7203.2, -3.231e-07
7205.2, -3.2319e-07
7207.2, -3.2328e-07
7209.2, -3.2337e-07
7211.2, -3.2346e-07
7213.2, -3.2355e-07
7215.2, -3.2364e-07
7217.2, -3.2372e-07
7219.2, -3.238e-07
7221.2, -3.2388e-07
7223.2, -3.2395e-07
7225.2, -3.2403e-07
7227.2, -3.241e-07
7229.2, -3.2418e-07
7231.2, -3.2426e-07
7233.2, -3.2434e-07
7235.2, -3.2441e-07
7237.2, -3.2448e-07
7239.2, -3.2455e-07
7241.2, -3.2462e-07
7243.2, -3.2468e-07
7245.2, -3.2476e-07
7247.2, -3.2483e-07
7249.2, -3.2489e-07
7251.2, -3.2496e-07
7253.2, -3.2503e-07
7255.2, -3.2512e-07
7257.2, -3.2519e-07
7259.3, -3.2526e-07
7261.3, -3.2533e-07
7263.3, -3.2541e-07
7265.3, -3.2549e-07
7267.3, -3.2558e-07
7269.3, -3.2565e-07
7271.3, -3.2573e-07
7273.3, -3.2581e-07
7275.3, -3.2588e-07
7277.3, -3.2597e-07
7279.3, -3.2605e-07
7281.3, -3.2613e-07
7283.3, -3.2621e-07
7285.3, -3.2629e-07
7287.3, -3.2636e-07
7289.3, -3.2645e-07
7291.3, -3.2652e-07
7293.3, -3.266e-07
7295.3, -3.2667e-07
7297.3, -3.2675e-07
7299.3, -3.2683e-07
7301.3, -3.269e-07
7303.3, -3.2699e-07
7305.3, -3.2706e-07
7307.3, -3.2715e-07
7309.3, -3.2723e-07
7311.3, -3.2731e-07
7313.3, -3.274e-07
7315.3, -3.2749e-07
7317.3, -3.2756e-07
7319.3, -3.2764e-07
7321.3, -3.2772e-07
7323.3, -3.278e-07
7325.3, -3.2788e-07
7327.3, -3.2794e-07
7329.3, -3.2803e-07
7331.3, -3.281e-07
7333.3, -3.2817e-07
7335.3, -3.2825e-07
7337.3, -3.2834e-07
7339.3, -3.2841e-07
7341.3, -3.2849e-07
7343.3, -3.2855e-07
7345.3, -3.2862e-07
7347.3, -3.2869e-07
7349.3, -3.2877e-07
7351.3, -3.2885e-07
7353.3, -3.2893e-07
7355.3, -3.2899e-07
7357.3, -3.2907e-07
7359.4, -3.2914e-07
7361.4, -3.2922e-07
7363.4, -3.293e-07
7365.4, -3.2938e-07
7367.4, -3.2945e-07
7369.4, -3.2951e-07
7371.4, -3.2957e-07
7373.4, -3.2965e-07
7375.4, -3.2974e-07
7377.4, -3.2982e-07
7379.4, -3.2989e-07
7381.4, -3.2997e-07
7383.4, -3.3003e-07
7385.4, -3.301e-07
7387.4, -3.3018e-07
7389.4, -3.3025e-07
7391.4, -3.3033e-07
7393.4, -3.3039e-07
7395.4, -3.3046e-07
7397.4, -3.3052e-07
7399.4, -3.3059e-07
7401.4, -3.3066e-07
7403.4, -3.3073e-07
7405.4, -3.3081e-07
7407.4, -3.309e-07
7409.4, -3.3097e-07
7411.4, -3.3104e-07
7413.4, -3.3111e-07
7415.4, -3.3119e-07
7417.4, -3.3127e-07
7419.4, -3.3136e-07
7421.4, -3.3144e-07
7423.4, -3.3152e-07
7425.4, -3.3159e-07
7427.4, -3.3167e-07
7429.4, -3.3174e-07
7431.4, -3.3181e-07
7433.4, -3.3188e-07
7435.4, -3.3195e-07
7437.4, -3.3203e-07
7439.4, -3.3211e-07
7441.4, -3.3218e-07
7443.4, -3.3225e-07
7445.4, -3.3233e-07
7447.4, -3.3241e-07
7449.4, -3.325e-07
7451.4, -3.3258e-07
7453.4, -3.3264e-07
7455.4, -3.3273e-07
7457.4, -3.3281e-07
7459.5, -3.3289e-07
7461.5, -3.3297e-07
7463.5, -3.3305e-07
7465.5, -3.3311e-07
7467.5, -3.332e-07
7469.5, -3.3328e-07
7471.5, -3.3335e-07
7473.5, -3.3342e-07
7475.5, -3.335e-07
7477.5, -3.3358e-07
7479.5, -3.3367e-07
7481.5, -3.3374e-07
7483.5, -3.3383e-07
7485.5, -3.3391e-07
7487.5, -3.34e-07
7489.5, -3.3407e-07
7491.5, -3.3414e-07
7493.5, -3.3421e-07
7495.5, -3.3429e-07
7497.5, -3.3436e-07
7499.5, -3.3444e-07
7501.5, -3.3453e-07
7503.5, -3.3461e-07
7505.5, -3.3469e-07
7507.5, -3.3475e-07
7509.5, -3.3483e-07
7511.5, -3.3492e-07
7513.5, -3.3501e-07
7515.5, -3.3507e-07
7517.5, -3.3514e-07
7519.5, -3.3522e-07
7521.5, -3.353e-07
7523.5, -3.3538e-07
7525.5, -3.3545e-07
7527.5, -3.3554e-07
7529.5, -3.356e-07
7531.5, -3.3568e-07
7533.5, -3.3575e-07
7535.5, -3.3582e-07
7537.5, -3.3589e-07
7539.5, -3.3597e-07
7541.5, -3.3605e-07
7543.5, -3.3612e-07
7545.5, -3.362e-07
7547.5, -3.3629e-07
7549.5, -3.3639e-07
7551.5, -3.3647e-07
7553.5, -3.3655e-07
7555.5, -3.3663e-07
7557.5, -3.3672e-07
7559.6, -3.368e-07
7561.6, -3.3689e-07
7563.6, -3.3697e-07
7565.6, -3.3705e-07
7567.6, -3.3713e-07
7569.6, -3.3721e-07
7571.6, -3.3727e-07
7573.6, -3.3734e-07
7575.6, -3.3741e-07
7577.6, -3.3748e-07
7579.6, -3.3755e-07
7581.6, -3.3762e-07
7583.6, -3.3769e-07
7585.6, -3.3777e-07
7587.6, -3.3784e-07
7589.6, -3.3791e-07
7591.6, -3.3798e-07
7593.6, -3.3805e-07
7595.6, -3.3812e-07
7597.6, -3.3818e-07
7599.6, -3.3826e-07
7601.6, -3.3834e-07
7603.6, -3.384e-07
7605.6, -3.3848e-07
7607.6, -3.3857e-07
7609.6, -3.3864e-07
7611.6, -3.3872e-07
7613.6, -3.3878e-07
7615.6, -3.3885e-07
7617.6, -3.3892e-07
7619.6, -3.39e-07
7621.6, -3.3908e-07
7623.6, -3.3915e-07
7625.6, -3.3922e-07
7627.6, -3.3929e-07
7629.6, -3.3936e-07
7631.6, -3.3944e-07
7633.6, -3.3952e-07
7635.6, -3.3959e-07
7637.6, -3.3966e-07
7639.6, -3.3973e-07
7641.6, -3.3981e-07
7643.6, -3.399e-07
7645.6, -3.3998e-07
7647.6, -3.4005e-07
7649.6, -3.4012e-07
7651.6, -3.4019e-07
7653.6, -3.4026e-07
7655.6, -3.4034e-07
7657.6, -3.4042e-07
7659.7, -3.4049e-07
7661.7, -3.4055e-07
7663.7, -3.4062e-07
7665.7, -3.4069e-07
7667.7, -3.4076e-07
7669.7, -3.4084e-07
7671.7, -3.4091e-07
7673.7, -3.4099e-07
7675.7, -3.4108e-07
7677.7, -3.4115e-07
7679.7, -3.4124e-07
7681.7, -3.4132e-07
7683.7, -3.4139e-07
7685.7, -3.4147e-07
7687.7, -3.4154e-07
7689.7, -3.4162e-07
7691.7, -3.4169e-07
7693.7, -3.4177e-07
7695.7, -3.4186e-07
7697.7, -3.4193e-07
7699.7, -3.4202e-07
7701.7, -3.4209e-07
7703.7, -3.4217e-07
7705.7, -3.4225e-07
7707.7, -3.4232e-07
7709.7, -3.424e-07
7711.7, -3.4247e-07
7713.7, -3.4255e-07
7715.7, -3.4263e-07
7717.7, -3.427e-07
7719.7, -3.4279e-07
7721.7, -3.4288e-07
7723.7, -3.4296e-07
7725.7, -3.4303e-07
7727.7, -3.431e-07
7729.7, -3.4318e-07
7731.7, -3.4324e-07
7733.7, -3.4332e-07
7735.7, -3.4339e-07
7737.7, -3.4347e-07
7739.7, -3.4354e-07
7741.7, -3.4362e-07
7743.7, -3.4371e-07
7745.7, -3.4378e-07
7747.7, -3.4386e-07
7749.7, -3.4393e-07
7751.7, -3.4399e-07
7753.7, -3.4407e-07
7755.7, -3.4414e-07
7757.7, -3.442e-07
7759.8, -3.4427e-07
7761.8, -3.4434e-07
7763.8, -3.4442e-07
7765.8, -3.4449e-07
7767.8, -3.4457e-07
7769.8, -3.4464e-07
7771.8, -3.4471e-07
7773.8, -3.4479e-07
7775.8, -3.4487e-07
7777.8, -3.4494e-07
7779.8, -3.4501e-07
7781.8, -3.4508e-07
7783.8, -3.4516e-07
7785.8, -3.4523e-07
7787.8, -3.453e-07
7789.8, -3.4538e-07
7791.8, -3.4545e-07
7793.8, -3.4552e-07
7795.8, -3.4559e-07
7797.8, -3.4567e-07
7799.8, -3.4574e-07
7801.8, -3.4581e-07
7803.8, -3.4589e-07
7805.8, -3.4597e-07
7807.8, -3.4604e-07
7809.8, -3.4611e-07
7811.8, -3.4618e-07
7813.8, -3.4624e-07
7815.8, -3.4632e-07
7817.8, -3.4638e-07
7819.8, -3.4646e-07
7821.8, -3.4653e-07
7823.8, -3.4661e-07
7825.8, -3.4668e-07
7827.8, -3.4676e-07
7829.8, -3.4683e-07
7831.8, -3.4691e-07
7833.8, -3.4699e-07
7835.8, -3.4707e-07
7837.8, -3.4715e-07
7839.8, -3.4722e-07
7841.8, -3.473e-07
7843.8, -3.4738e-07
7845.8, -3.4746e-07
7847.8, -3.4755e-07
7849.8, -3.4763e-07
7851.8, -3.4771e-07
7853.8, -3.4778e-07
7855.8, -3.4785e-07
7857.8, -3.4792e-07
7859.9, -3.4802e-07
7861.9, -3.4812e-07
7863.9, -3.4821e-07
7865.9, -3.4831e-07
7867.9, -3.484e-07
7869.9, -3.4849e-07
7871.9, -3.4858e-07
7873.9, -3.4867e-07
7875.9, -3.4876e-07
7877.9, -3.4885e-07
7879.9, -3.4895e-07
7881.9, -3.4903e-07
7883.9, -3.4913e-07
7885.9, -3.4922e-07
7887.9, -3.4931e-07
7889.9, -3.4941e-07
7891.9, -3.495e-07
7893.9, -3.496e-07
7895.9, -3.4969e-07
7897.9, -3.4977e-07
7899.9, -3.4987e-07
7901.9, -3.4997e-07
7903.9, -3.5006e-07
7905.9, -3.5015e-07
7907.9, -3.5025e-07
7909.9, -3.5034e-07
7911.9, -3.5044e-07
7913.9, -3.5053e-07
7915.9, -3.5063e-07
7917.9, -3.5072e-07
7919.9, -3.5081e-07
7921.9, -3.5091e-07
7923.9, -3.51e-07
7925.9, -3.5109e-07
7927.9, -3.5118e-07
7929.9, -3.5128e-07
7931.9, -3.5137e-07
7933.9, -3.5146e-07
7935.9, -3.5156e-07
7937.9, -3.5165e-07
7939.9, -3.5175e-07
7941.9, -3.5184e-07
7943.9, -3.5194e-07
7945.9, -3.5204e-07
7947.9, -3.5214e-07
7949.9, -3.5223e-07
7951.9, -3.5233e-07
7953.9, -3.5243e-07
7955.9, -3.5252e-07
7957.9, -3.5261e-07
7960.0, -3.5271e-07
7962.0, -3.5281e-07
7964.0, -3.529e-07
7966.0, -3.5299e-07
7968.0, -3.5309e-07
7970.0, -3.5319e-07
7972.0, -3.5329e-07
7974.0, -3.5339e-07
7976.0, -3.5349e-07
7978.0, -3.5359e-07
7980.0, -3.5369e-07
7982.0, -3.5379e-07
7984.0, -3.5389e-07
7986.0, -3.5398e-07
7988.0, -3.5408e-07
7990.0, -3.5418e-07
7992.0, -3.5428e-07
7994.0, -3.5438e-07
7996.0, -3.5448e-07
7998.0, -3.5458e-07
8000.0, -3.5469e-07
8002.0, -3.548e-07
8004.0, -3.5491e-07
8006.0, -3.55e-07
8008.0, -3.551e-07
8010.0, -3.552e-07
8012.0, -3.553e-07
8014.0, -3.554e-07
8016.0, -3.555e-07
8018.0, -3.556e-07
8020.0, -3.557e-07
8022.0, -3.558e-07
8024.0, -3.5589e-07
8026.0, -3.5599e-07
8028.0, -3.5609e-07
8030.0, -3.5619e-07
8032.0, -3.5629e-07
8034.0, -3.564e-07
8036.0, -3.565e-07
8038.0, -3.566e-07
8040.0, -3.5671e-07
8042.0, -3.5682e-07
8044.0, -3.5692e-07
8046.0, -3.5702e-07
8048.0, -3.5713e-07
8050.0, -3.5723e-07
8052.0, -3.5733e-07
8054.0, -3.5742e-07
8056.0, -3.5752e-07
8058.0, -3.5763e-07
8060.1, -3.5773e-07
8062.1, -3.5783e-07
8064.1, -3.5793e-07
8066.1, -3.5802e-07
8068.1, -3.5812e-07
8070.1, -3.5822e-07
8072.1, -3.5832e-07
8074.1, -3.5842e-07
8076.1, -3.5852e-07
8078.1, -3.5862e-07
8080.1, -3.5872e-07
8082.1, -3.5881e-07
8084.1, -3.5891e-07
8086.1, -3.5901e-07
8088.1, -3.5911e-07
8090.1, -3.5921e-07
8092.1, -3.593e-07
8094.1, -3.594e-07
8096.1, -3.595e-07
8098.1, -3.596e-07
8100.1, -3.5969e-07
8102.1, -3.5979e-07
8104.1, -3.5989e-07
8106.1, -3.5999e-07
8108.1, -3.6008e-07
8110.1, -3.6018e-07
8112.1, -3.6028e-07
8114.1, -3.6038e-07
8116.1, -3.6047e-07
8118.1, -3.6056e-07
8120.1, -3.6066e-07
8122.1, -3.6075e-07
8124.1, -3.6085e-07
8126.1, -3.6095e-07
8128.1, -3.6104e-07
8130.1, -3.6114e-07
8132.1, -3.6124e-07
8134.1, -3.6134e-07
8136.1, -3.6144e-07
8138.1, -3.6154e-07
8140.1, -3.6164e-07
8142.1, -3.6174e-07
8144.1, -3.6184e-07
8146.1, -3.6194e-07
8148.1, -3.6204e-07
8150.1, -3.6213e-07
8152.1, -3.6223e-07
8154.1, -3.6233e-07
8156.1, -3.6242e-07
8158.1, -3.6252e-07
8160.2, -3.6262e-07
8162.2, -3.6272e-07
8164.2, -3.6281e-07
8166.2, -3.6291e-07
8168.2, -3.63e-07
8170.2, -3.6309e-07
8172.2, -3.6319e-07
8174.2, -3.6328e-07
8176.2, -3.6338e-07
8178.2, -3.6348e-07
8180.2, -3.6358e-07
8182.2, -3.6368e-07
8184.2, -3.6377e-07
8186.2, -3.6387e-07
8188.2, -3.6397e-07
8190.2, -3.6407e-07
8192.2, -3.6416e-07
8194.2, -3.6426e-07
8196.2, -3.6435e-07
8198.2, -3.6444e-07
8200.2, -3.6453e-07
8202.2, -3.6463e-07
8204.2, -3.6473e-07
8206.2, -3.6483e-07
8208.2, -3.6494e-07
8210.2, -3.6504e-07
8212.2, -3.6514e-07
8214.2, -3.6525e-07
8216.2, -3.6535e-07
8218.2, -3.6545e-07
8220.2, -3.6556e-07
8222.2, -3.6566e-07
8224.2, -3.6576e-07
8226.2, -3.6586e-07
8228.2, -3.6597e-07
8230.2, -3.6607e-07
8232.2, -3.6617e-07
8234.2, -3.6627e-07
8236.2, -3.6637e-07
8238.2, -3.6646e-07
8240.2, -3.6657e-07
8242.2, -3.6667e-07
8244.2, -3.6676e-07
8246.2, -3.6687e-07
8248.2, -3.6697e-07
8250.2, -3.6707e-07
8252.2, -3.6717e-07
8254.2, -3.6727e-07
8256.2, -3.6737e-07
8258.2, -3.6747e-07
8260.3, -3.6758e-07
8262.3, -3.6769e-07
8264.3, -3.678e-07
8266.3, -3.6791e-07
8268.3, -3.6802e-07
8270.3, -3.6813e-07
8272.3, -3.6823e-07
8274.3, -3.6833e-07
8276.3, -3.6843e-07
8278.3, -3.6853e-07
8280.3, -3.6863e-07
8282.3, -3.6874e-07
8284.3, -3.6884e-07
8286.3, -3.6894e-07
8288.3, -3.6905e-07
8290.3, -3.6915e-07
8292.3, -3.6925e-07
8294.3, -3.6935e-07
8296.3, -3.6945e-07
8298.3, -3.6955e-07
8300.3, -3.6965e-07
8302.3, -3.6975e-07
8304.3, -3.6985e-07
8306.3, -3.6995e-07
8308.3, -3.7004e-07
8310.3, -3.7014e-07
8312.3, -3.7023e-07
8314.3, -3.7033e-07
8316.3, -3.7042e-07
8318.3, -3.7051e-07
8320.3, -3.7061e-07
8322.3, -3.7071e-07
8324.3, -3.708e-07
8326.3, -3.709e-07
8328.3, -3.7101e-07
8330.3, -3.711e-07
8332.3, -3.712e-07
8334.3, -3.713e-07
8336.3, -3.714e-07
8338.3, -3.7149e-07
8340.3, -3.7159e-07
8342.3, -3.7169e-07
8344.3, -3.7178e-07
8346.3, -3.7188e-07
8348.3, -3.7199e-07
8350.3, -3.7209e-07
8352.3, -3.722e-07
8354.3, -3.723e-07
8356.3, -3.724e-07
8358.3, -3.725e-07
8360.4, -3.7259e-07
8362.4, -3.7268e-07
8364.4, -3.7277e-07
8366.4, -3.7287e-07
8368.4, -3.7297e-07
8370.4, -3.7306e-07
8372.4, -3.7316e-07
8374.4, -3.7325e-07
8376.4, -3.7334e-07
8378.4, -3.7344e-07
8380.4, -3.7353e-07
8382.4, -3.7363e-07
8384.4, -3.7373e-07
8386.4, -3.7383e-07
8388.4, -3.7393e-07
8390.4, -3.7403e-07
8392.4, -3.7413e-07
8394.4, -3.7422e-07
8396.4, -3.7432e-07
8398.4, -3.7442e-07
8400.4, -3.7452e-07
8402.4, -3.7462e-07
8404.4, -3.7471e-07
8406.4, -3.7481e-07
8408.4, -3.749e-07
8410.4, -3.75e-07
8412.4, -3.751e-07
8414.4, -3.752e-07
8416.4, -3.753e-07
8418.4, -3.7541e-07
8420.4, -3.7551e-07
8422.4, -3.7561e-07
8424.4, -3.757e-07
8426.4, -3.758e-07
8428.4, -3.7591e-07
8430.4, -3.7602e-07
8432.4, -3.7611e-07
8434.4, -3.7621e-07
8436.4, -3.7631e-07
8438.4, -3.764e-07
8440.4, -3.7649e-07
8442.4, -3.7658e-07
8444.4, -3.7667e-07
8446.4, -3.7676e-07
8448.4, -3.7685e-07
8450.4, -3.7695e-07
8452.4, -3.7704e-07
8454.4, -3.7714e-07
8456.4, -3.7724e-07
8458.4, -3.7734e-07
8460.5, -3.7743e-07
8462.5, -3.7752e-07
8464.5, -3.7762e-07
8466.5, -3.7771e-07
8468.5, -3.778e-07
8470.5, -3.779e-07
8472.5, -3.7799e-07
8474.5, -3.7808e-07
8476.5, -3.7818e-07
8478.5, -3.7827e-07
8480.5, -3.7837e-07
8482.5, -3.7847e-07
8484.5, -3.7857e-07
8486.5, -3.7868e-07
8488.5, -3.7878e-07
8490.5, -3.7888e-07
8492.5, -3.7897e-07
8494.5, -3.7907e-07
8496.5, -3.7916e-07
8498.5, -3.7926e-07
8500.5, -3.7935e-07
8502.5, -3.7945e-07
8504.5, -3.7954e-07
8506.5, -3.7964e-07
8508.5, -3.7974e-07
8510.5, -3.7984e-07
8512.5, -3.7994e-07
8514.5, -3.8004e-07
8516.5, -3.8015e-07
8518.5, -3.8025e-07
8520.5, -3.8035e-07
8522.5, -3.8046e-07
8524.5, -3.8056e-07
8526.5, -3.8066e-07
8528.5, -3.8077e-07
8530.5, -3.8087e-07
8532.5, -3.8098e-07
8534.5, -3.8108e-07
8536.5, -3.8119e-07
8538.5, -3.8129e-07
8540.5, -3.814e-07
8542.5, -3.815e-07
8544.5, -3.8161e-07
8546.5, -3.8171e-07
8548.5, -3.8181e-07
8550.5, -3.8192e-07
8552.5, -3.8202e-07
8554.5, -3.8212e-07
8556.5, -3.8222e-07
8558.5, -3.8232e-07
8560.6, -3.8243e-07
8562.6, -3.8254e-07
8564.6, -3.8264e-07
8566.6, -3.8274e-07
8568.6, -3.8284e-07
8570.6, -3.8295e-07
8572.6, -3.8304e-07
8574.6, -3.8315e-07
8576.6, -3.8325e-07
8578.6, -3.8335e-07
8580.6, -3.8345e-07
8582.6, -3.8356e-07
8584.6, -3.8366e-07
8586.6, -3.8376e-07
8588.6, -3.8386e-07
8590.6, -3.8396e-07
8592.6, -3.8406e-07
8594.6, -3.8416e-07
8596.6, -3.8426e-07
8598.6, -3.8436e-07
8600.6, -3.8446e-07
8602.6, -3.8456e-07
8604.6, -3.8466e-07
8606.6, -3.8475e-07
8608.6, -3.8486e-07
8610.6, -3.8496e-07
8612.6, -3.8507e-07
8614.6, -3.8518e-07
8616.6, -3.8528e-07
8618.6, -3.8538e-07
8620.6, -3.8549e-07
8622.6, -3.8559e-07
8624.6, -3.857e-07
8626.6, -3.8579e-07
8628.6, -3.859e-07
8630.6, -3.86e-07
8632.6, -3.8609e-07
8634.6, -3.8619e-07
8636.6, -3.8628e-07
8638.6, -3.8638e-07
8640.6, -3.8647e-07
8642.6, -3.8657e-07
8644.6, -3.8667e-07
8646.6, -3.8677e-07
8648.6, -3.8686e-07
8650.6, -3.8696e-07
8652.6, -3.8705e-07
8654.6, -3.8715e-07
8656.6, -3.8724e-07
8658.6, -3.8734e-07
8660.7, -3.8744e-07
8662.7, -3.8754e-07
8664.7, -3.8764e-07
8666.7, -3.8773e-07
8668.7, -3.8784e-07
8670.7, -3.8795e-07
8672.7, -3.8805e-07
8674.7, -3.8815e-07
8676.7, -3.8825e-07
8678.7, -3.8835e-07
8680.7, -3.8844e-07
8682.7, -3.8854e-07
8684.7, -3.8864e-07
8686.7, -3.8874e-07
8688.7, -3.8884e-07
8690.7, -3.8894e-07
8692.7, -3.8903e-07
8694.7, -3.8913e-07
8696.7, -3.8922e-07
8698.7, -3.8932e-07
8700.7, -3.8942e-07
8702.7, -3.8952e-07
8704.7, -3.8961e-07
8706.7, -3.8971e-07
8708.7, -3.898e-07
8710.7, -3.899e-07
8712.7, -3.8999e-07
8714.7, -3.9009e-07
8716.7, -3.9018e-07
8718.7, -3.9028e-07
8720.7, -3.9037e-07
8722.7, -3.9047e-07
8724.7, -3.9056e-07
8726.7, -3.9066e-07
8728.7, -3.9077e-07
8730.7, -3.9086e-07
8732.7, -3.9096e-07
8734.7, -3.9105e-07
8736.7, -3.9115e-07
8738.7, -3.9125e-07
8740.7, -3.9135e-07
8742.7, -3.9145e-07
8744.7, -3.9154e-07
8746.7, -3.9164e-07
8748.7, -3.9173e-07
8750.7, -3.9182e-07
8752.7, -3.9191e-07
8754.7, -3.92e-07
8756.7, -3.921e-07
8758.7, -3.922e-07
8760.8, -3.923e-07
8762.8, -3.9239e-07
8764.8, -3.9249e-07
8766.8, -3.9258e-07
8768.8, -3.9268e-07
8770.8, -3.9278e-07
8772.8, -3.9288e-07
8774.8, -3.9298e-07
8776.8, -3.9309e-07
8778.8, -3.9319e-07
8780.8, -3.9329e-07
8782.8, -3.9339e-07
8784.8, -3.9348e-07
8786.8, -3.9358e-07
8788.8, -3.9369e-07
8790.8, -3.9379e-07
8792.8, -3.9388e-07
8794.8, -3.9398e-07
8796.8, -3.9407e-07
8798.8, -3.9416e-07
8800.8, -3.9425e-07
8802.8, -3.9434e-07
8804.8, -3.9444e-07
8806.8, -3.9453e-07
8808.8, -3.9463e-07
8810.8, -3.9473e-07
8812.8, -3.9483e-07
8814.8, -3.9492e-07
8816.8, -3.9502e-07
8818.8, -3.9511e-07
8820.8, -3.952e-07
8822.8, -3.9529e-07
8824.8, -3.9539e-07
8826.8, -3.9549e-07
8828.8, -3.9559e-07
8830.8, -3.957e-07
8832.8, -3.958e-07
8834.8, -3.959e-07
8836.8, -3.96e-07
8838.8, -3.961e-07
8840.8, -3.962e-07
8842.8, -3.9631e-07
8844.8, -3.9641e-07
8846.8, -3.9652e-07
8848.8, -3.9662e-07
8850.8, -3.9672e-07
8852.8, -3.9682e-07
8854.8, -3.9693e-07
8856.8, -3.9703e-07
8858.8, -3.9714e-07
8860.9, -3.9724e-07
8862.9, -3.9735e-07
8864.9, -3.9745e-07
8866.9, -3.9756e-07
8868.9, -3.9766e-07
8870.9, -3.9776e-07
8872.9, -3.9786e-07
8874.9, -3.9796e-07
8876.9, -3.9806e-07
8878.9, -3.9816e-07
8880.9, -3.9826e-07
8882.9, -3.9836e-07
8884.9, -3.9845e-07
8886.9, -3.9855e-07
8888.9, -3.9865e-07
8890.9, -3.9875e-07
8892.9, -3.9885e-07
8894.9, -3.9895e-07
8896.9, -3.9905e-07
8898.9, -3.9915e-07
8900.9, -3.9925e-07
8902.9, -3.9934e-07
8904.9, -3.9943e-07
8906.9, -3.9953e-07
8908.9, -3.9962e-07
8910.9, -3.9972e-07
8912.9, -3.9982e-07
8914.9, -3.9992e-07
8916.9, -4.0002e-07
8918.9, -4.0012e-07
8920.9, -4.0022e-07
8922.9, -4.0033e-07
8924.9, -4.0044e-07
8926.9, -4.0055e-07
8928.9, -4.0065e-07
8930.9, -4.0075e-07
8932.9, -4.0086e-07
8934.9, -4.0096e-07
8936.9, -4.0107e-07
8938.9, -4.0117e-07
8940.9, -4.0127e-07
8942.9, -4.0137e-07
8944.9, -4.0147e-07
8946.9, -4.0157e-07
8948.9, -4.0167e-07
8950.9, -4.0178e-07
8952.9, -4.0187e-07
8954.9, -4.0197e-07
8956.9, -4.0207e-07
8958.9, -4.0217e-07
8961.0, -4.0228e-07
8963.0, -4.0238e-07
8965.0, -4.0248e-07
8967.0, -4.0258e-07
8969.0, -4.0268e-07
8971.0, -4.0278e-07
8973.0, -4.0288e-07
8975.0, -4.0299e-07
8977.0, -4.0309e-07
8979.0, -4.032e-07
8981.0, -4.033e-07
8983.0, -4.0341e-07
8985.0, -4.0351e-07
8987.0, -4.0361e-07
8989.0, -4.0371e-07
8991.0, -4.0382e-07
8993.0, -4.0393e-07
8995.0, -4.0403e-07
8997.0, -4.0413e-07
8999.0, -4.0424e-07
9001.0, -4.0435e-07
9003.0, -4.0445e-07
9005.0, -4.0456e-07
9007.0, -4.0467e-07
9009.0, -4.0477e-07
9011.0, -4.0487e-07
9013.0, -4.0497e-07
9015.0, -4.0507e-07
9017.0, -4.0518e-07
9019.0, -4.0528e-07
9021.0, -4.0538e-07
9023.0, -4.0548e-07
9025.0, -4.0558e-07
9027.0, -4.0567e-07
9029.0, -4.0577e-07
9031.0, -4.0587e-07
9033.0, -4.0596e-07
9035.0, -4.0606e-07
9037.0, -4.0615e-07
9039.0, -4.0625e-07
9041.0, -4.0634e-07
9043.0, -4.0644e-07
9045.0, -4.0653e-07
9047.0, -4.0663e-07
9049.0, -4.0672e-07
9051.0, -4.0682e-07
9053.0, -4.0691e-07
9055.0, -4.0701e-07
9057.0, -4.0711e-07
9059.0, -4.072e-07
9061.1, -4.0731e-07
9063.1, -4.0741e-07
9065.1, -4.075e-07
9067.1, -4.076e-07
9069.1, -4.077e-07
9071.1, -4.078e-07
9073.1, -4.079e-07
9075.1, -4.08e-07
9077.1, -4.081e-07
9079.1, -4.082e-07
9081.1, -4.083e-07
9083.1, -4.084e-07
9085.1, -4.0849e-07
9087.1, -4.0859e-07
9089.1, -4.0869e-07
9091.1, -4.0879e-07
9093.1, -4.0889e-07
9095.1, -4.0899e-07
9097.1, -4.0909e-07
9099.1, -4.092e-07
9101.1, -4.093e-07
9103.1, -4.094e-07
9105.1, -4.0951e-07
9107.1, -4.0961e-07
9109.1, -4.0971e-07
9111.1, -4.0982e-07
9113.1, -4.0992e-07
9115.1, -4.1002e-07
9117.1, -4.1012e-07
9119.1, -4.1023e-07
9121.1, -4.1033e-07
9123.1, -4.1043e-07
9125.1, -4.1054e-07
9127.1, -4.1064e-07
9129.1, -4.1074e-07
9131.1, -4.1085e-07
9133.1, -4.1095e-07
9135.1, -4.1106e-07
9137.1, -4.1116e-07
9139.1, -4.1127e-07
9141.1, -4.1138e-07
9143.1, -4.1148e-07
9145.1, -4.1159e-07
9147.1, -4.117e-07
9149.1, -4.1181e-07
9151.1, -4.1191e-07
9153.1, -4.1201e-07
9155.1, -4.1211e-07
9157.1, -4.1222e-07
9159.1, -4.1233e-07
9161.2, -4.1244e-07
9163.2, -4.1253e-07
9165.2, -4.1262e-07
9167.2, -4.1272e-07
9169.2, -4.1281e-07
9171.2, -4.129e-07
9173.2, -4.13e-07
9175.2, -4.1309e-07
9177.2, -4.1318e-07
9179.2, -4.1328e-07
9181.2, -4.1338e-07
9183.2, -4.1346e-07
9185.2, -4.1355e-07
9187.2, -4.1364e-07
9189.2, -4.1373e-07
9191.2, -4.1382e-07
9193.2, -4.1391e-07
9195.2, -4.14e-07
9197.2, -4.1408e-07
9199.2, -4.1416e-07
9201.2, -4.1425e-07
9203.2, -4.1435e-07
9205.2, -4.1443e-07
9207.2, -4.1452e-07
9209.2, -4.146e-07
9211.2, -4.147e-07
9213.2, -4.1479e-07
9215.2, -4.1486e-07
9217.2, -4.1495e-07
9219.2, -4.1504e-07
9221.2, -4.1513e-07
9223.2, -4.1521e-07
9225.2, -4.153e-07
9227.2, -4.1539e-07
9229.2, -4.1547e-07
9231.2, -4.1554e-07
9233.2, -4.1563e-07
9235.2, -4.1572e-07
9237.2, -4.1582e-07
9239.2, -4.1591e-07
9241.2, -4.1601e-07
9243.2, -4.1609e-07
9245.2, -4.1618e-07
9247.2, -4.1627e-07
9249.2, -4.1636e-07
9251.2, -4.1645e-07
9253.2, -4.1654e-07
9255.2, -4.1663e-07
9257.2, -4.1671e-07
9259.2, -4.168e-07
9261.3, -4.1689e-07
9263.3, -4.1698e-07
9265.3, -4.1707e-07
9267.3, -4.1716e-07
9269.3, -4.1724e-07
9271.3, -4.1732e-07
9273.3, -4.1741e-07
9275.3, -4.175e-07
9277.3, -4.1759e-07
9279.3, -4.1767e-07
9281.3, -4.1777e-07
9283.3, -4.1785e-07
9285.3, -4.1794e-07
9287.3, -4.1802e-07
9289.3, -4.1811e-07
9291.3, -4.1819e-07
9293.3, -4.1828e-07
9295.3, -4.1837e-07
9297.3, -4.1847e-07
9299.3, -4.1856e-07
9301.3, -4.1865e-07
9303.3, -4.1873e-07
9305.3, -4.1881e-07
9307.3, -4.189e-07
9309.3, -4.1899e-07
9311.3, -4.1908e-07
9313.3, -4.1916e-07
9315.3, -4.1924e-07
9317.3, -4.1933e-07
9319.3, -4.1943e-07
9321.3, -4.1951e-07
9323.3, -4.196e-07
9325.3, -4.1968e-07
9327.3, -4.1976e-07
9329.3, -4.1986e-07
9331.3, -4.1994e-07
9333.3, -4.2002e-07
9335.3, -4.201e-07
9337.3, -4.2018e-07
9339.3, -4.2026e-07
9341.3, -4.2035e-07
9343.3, -4.2044e-07
9345.3, -4.2053e-07
9347.3, -4.2061e-07
9349.3, -4.2071e-07
9351.3, -4.208e-07
9353.3, -4.2088e-07
9355.3, -4.2097e-07
9357.3, -4.2106e-07
9359.3, -4.2115e-07
9361.4, -4.2123e-07
9363.4, -4.2132e-07
9365.4, -4.2141e-07
9367.4, -4.2149e-07
9369.4, -4.2158e-07
9371.4, -4.2167e-07
9373.4, -4.2176e-07
9375.4, -4.2185e-07
9377.4, -4.2195e-07
9379.4, -4.2204e-07
9381.4, -4.2213e-07
9383.4, -4.2221e-07
9385.4, -4.223e-07
9387.4, -4.224e-07
9389.4, -4.2249e-07
9391.4, -4.2258e-07
9393.4, -4.2267e-07
9395.4, -4.2276e-07
9397.4, -4.2286e-07
9399.4, -4.2295e-07
9401.4, -4.2305e-07
9403.4, -4.2314e-07
9405.4, -4.2323e-07
9407.4, -4.2332e-07
9409.4, -4.2341e-07
9411.4, -4.235e-07
9413.4, -4.2359e-07
9415.4, -4.2368e-07
9417.4, -4.2378e-07
9419.4, -4.2388e-07
9421.4, -4.2397e-07
9423.4, -4.2406e-07
9425.4, -4.2414e-07
9427.4, -4.2424e-07
9429.4, -4.2433e-07
9431.4, -4.2441e-07
9433.4, -4.245e-07
9435.4, -4.2458e-07
9437.4, -4.2467e-07
9439.4, -4.2476e-07
9441.4, -4.2484e-07
9443.4, -4.2492e-07
9445.4, -4.2501e-07
9447.4, -4.251e-07
9449.4, -4.2519e-07
9451.4, -4.2528e-07
9453.4, -4.2536e-07
9455.4, -4.2545e-07
9457.4, -4.2554e-07
9459.4, -4.2563e-07
9461.5, -4.2573e-07
9463.5, -4.2582e-07
9465.5, -4.2591e-07
9467.5, -4.26e-07
9469.5, -4.2609e-07
9471.5, -4.2619e-07
9473.5, -4.2628e-07
9475.5, -4.2637e-07
9477.5, -4.2645e-07
9479.5, -4.2653e-07
9481.5, -4.2663e-07
9483.5, -4.2671e-07
9485.5, -4.268e-07
9487.5, -4.2689e-07
9489.5, -4.2697e-07
9491.5, -4.2706e-07
9493.5, -4.2714e-07
9495.5, -4.2722e-07
9497.5, -4.273e-07
9499.5, -4.2739e-07
9501.5, -4.2747e-07
9503.5, -4.2756e-07
9505.5, -4.2765e-07
9507.5, -4.2773e-07
9509.5, -4.278e-07
9511.5, -4.2788e-07
9513.5, -4.2796e-07
9515.5, -4.2803e-07
9517.5, -4.2812e-07
9519.5, -4.282e-07
9521.5, -4.2828e-07
9523.5, -4.2836e-07
9525.5, -4.2844e-07
9527.5, -4.2853e-07
9529.5, -4.286e-07
9531.5, -4.2869e-07
9533.5, -4.2878e-07
9535.5, -4.2887e-07
9537.5, -4.2896e-07
9539.5, -4.2904e-07
9541.5, -4.2913e-07
9543.5, -4.2922e-07
9545.5, -4.2931e-07
9547.5, -4.2939e-07
9549.5, -4.2949e-07
9551.5, -4.2958e-07
9553.5, -4.2966e-07
9555.5, -4.2975e-07
9557.5, -4.2985e-07
9559.5, -4.2993e-07
9561.6, -4.3002e-07
9563.6, -4.301e-07
9565.6, -4.3018e-07
9567.6, -4.3026e-07
9569.6, -4.3035e-07
9571.6, -4.3044e-07
9573.6, -4.3052e-07
9575.6, -4.306e-07
9577.6, -4.3069e-07
9579.6, -4.3078e-07
9581.6, -4.3088e-07
9583.6, -4.3097e-07
9585.6, -4.3106e-07
9587.6, -4.3114e-07
9589.6, -4.3121e-07
9591.6, -4.3129e-07
9593.6, -4.3137e-07
9595.6, -4.3147e-07
9597.6, -4.3156e-07
9599.6, -4.3164e-07
9601.6, -4.3173e-07
9603.6, -4.3182e-07
9605.6, -4.319e-07
9607.6, -4.32e-07
9609.6, -4.3208e-07
9611.6, -4.3216e-07
9613.6, -4.3224e-07
9615.6, -4.3233e-07
9617.6, -4.3241e-07
9619.6, -4.3248e-07
9621.6, -4.3257e-07
9623.6, -4.3265e-07
9625.6, -4.3273e-07
9627.6, -4.3281e-07
9629.6, -4.329e-07
9631.6, -4.3299e-07
9633.6, -4.3307e-07
9635.6, -4.3314e-07
9637.6, -4.3322e-07
9639.6, -4.3332e-07
9641.6, -4.334e-07
9643.6, -4.335e-07
9645.6, -4.3359e-07
9647.6, -4.3369e-07
9649.6, -4.3378e-07
9651.6, -4.3387e-07
9653.6, -4.3396e-07
9655.6, -4.3405e-07
9657.6, -4.3413e-07
9659.6, -4.3422e-07
9661.7, -4.343e-07
9663.7, -4.3439e-07
9665.7, -4.3447e-07
9667.7, -4.3457e-07
9669.7, -4.3466e-07
9671.7, -4.3474e-07
9673.7, -4.3482e-07
9675.7, -4.349e-07
9677.7, -4.3498e-07
9679.7, -4.3507e-07
9681.7, -4.3515e-07
9683.7, -4.3523e-07
9685.7, -4.353e-07
9687.7, -4.3538e-07
9689.7, -4.3547e-07
9691.7, -4.3556e-07
9693.7, -4.3564e-07
9695.7, -4.3572e-07
9697.7, -4.3581e-07
9699.7, -4.3588e-07
9701.7, -4.3596e-07
9703.7, -4.3602e-07
9705.7, -4.3609e-07
9707.7, -4.3618e-07
9709.7, -4.3627e-07
9711.7, -4.3634e-07
9713.7, -4.3642e-07
9715.7, -4.3649e-07
9717.7, -4.3658e-07
9719.7, -4.3666e-07
9721.7, -4.3675e-07
9723.7, -4.3684e-07
9725.7, -4.3691e-07
9727.7, -4.37e-07
9729.7, -4.3709e-07
9731.7, -4.3718e-07
9733.7, -4.3725e-07
9735.7, -4.3733e-07
9737.7, -4.3742e-07
9739.7, -4.3751e-07
9741.7, -4.376e-07
9743.7, -4.3767e-07
9745.7, -4.3775e-07
9747.7, -4.3783e-07
9749.7, -4.3791e-07
9751.7, -4.3799e-07
9753.7, -4.3807e-07
9755.7, -4.3815e-07
9757.7, -4.3824e-07
9759.7, -4.3833e-07
9761.8, -4.3841e-07
9763.8, -4.3848e-07
9765.8, -4.3854e-07
9767.8, -4.3862e-07
9769.8, -4.3871e-07
9771.8, -4.388e-07
9773.8, -4.3888e-07
9775.8, -4.3897e-07
9777.8, -4.3904e-07
9779.8, -4.3912e-07
9781.8, -4.392e-07
9783.8, -4.3928e-07
9785.8, -4.3936e-07
9787.8, -4.3944e-07
9789.8, -4.3952e-07
9791.8, -4.396e-07
9793.8, -4.3967e-07
9795.8, -4.3975e-07
9797.8, -4.3984e-07
9799.8, -4.3992e-07
9801.8, -4.4e-07
9803.8, -4.4009e-07
9805.8, -4.4017e-07
9807.8, -4.4025e-07
9809.8, -4.4032e-07
9811.8, -4.404e-07
9813.8, -4.4049e-07
9815.8, -4.4057e-07
9817.8, -4.4066e-07
9819.8, -4.4074e-07
9821.8, -4.4082e-07
9823.8, -4.409e-07
9825.8, -4.4098e-07
9827.8, -4.4106e-07
9829.8, -4.4115e-07
9831.8, -4.4122e-07
9833.8, -4.4129e-07
9835.8, -4.4138e-07
9837.8, -4.4145e-07
9839.8, -4.4151e-07
9841.8, -4.4158e-07
9843.8, -4.4166e-07
9845.8, -4.4173e-07
9847.8, -4.4181e-07
9849.8, -4.4189e-07
9851.8, -4.4198e-07
9853.8, -4.4206e-07
9855.8, -4.4214e-07
9857.8, -4.4222e-07
9859.8, -4.4231e-07
9861.9, -4.4239e-07
9863.9, -4.4247e-07
9865.9, -4.4255e-07
9867.9, -4.4264e-07
9869.9, -4.4269e-07
9871.9, -4.4277e-07
9873.9, -4.4284e-07
9875.9, -4.4291e-07
9877.9, -4.4299e-07
9879.9, -4.4308e-07
9881.9, -4.4315e-07
9883.9, -4.4324e-07
9885.9, -4.4333e-07
9887.9, -4.4341e-07
9889.9, -4.4349e-07
9891.9, -4.4357e-07
9893.9, -4.4366e-07
9895.9, -4.4375e-07
9897.9, -4.4383e-07
9899.9, -4.4392e-07
9901.9, -4.4401e-07
9903.9, -4.441e-07
9905.9, -4.442e-07
9907.9, -4.443e-07
9909.9, -4.444e-07
9911.9, -4.445e-07
9913.9, -4.4459e-07
9915.9, -4.4468e-07
9917.9, -4.4478e-07
9919.9, -4.4488e-07
9921.9, -4.4497e-07
9923.9, -4.4507e-07
9925.9, -4.4518e-07
9927.9, -4.4527e-07
9929.9, -4.4538e-07
9931.9, -4.4549e-07
9933.9, -4.4558e-07
9935.9, -4.4568e-07
9937.9, -4.4578e-07
9939.9, -4.4588e-07
9941.9, -4.4598e-07
9943.9, -4.4608e-07
9945.9, -4.4617e-07
9947.9, -4.4627e-07
9949.9, -4.4636e-07
9951.9, -4.4646e-07
9953.9, -4.4656e-07
9955.9, -4.4666e-07
9957.9, -4.4676e-07
9959.9, -4.4686e-07
9962.0, -4.4697e-07
9964.0, -4.4708e-07
9966.0, -4.4718e-07
9968.0, -4.4729e-07
9970.0, -4.474e-07
9972.0, -4.475e-07
9974.0, -4.476e-07
9976.0, -4.477e-07
9978.0, -4.478e-07
9980.0, -4.479e-07
9982.0, -4.48e-07
9984.0, -4.481e-07
9986.0, -4.482e-07
9988.0, -4.483e-07
9990.0, -4.4841e-07
9992.0, -4.4851e-07
9994.0, -4.4861e-07
9996.0, -4.4872e-07
9998.0, -4.4883e-07
10000.0, -4.4894e-07
10002.0, -4.4904e-07
10004.0, -4.4914e-07
10006.0, -4.4924e-07
10008.0, -4.4933e-07
10010.0, -4.4943e-07
10012.0, -4.4953e-07
10014.0, -4.4962e-07
10016.0, -4.4972e-07
10018.0, -4.4982e-07
10020.0, -4.4992e-07
10022.0, -4.5002e-07
10024.0, -4.5012e-07
10026.0, -4.5023e-07
10028.0, -4.5033e-07
10030.0, -4.5043e-07
10032.0, -4.5053e-07
10034.0, -4.5063e-07
10036.0, -4.5073e-07
10038.0, -4.5083e-07
10040.0, -4.5093e-07
10042.0, -4.5103e-07
10044.0, -4.5113e-07
10046.0, -4.5123e-07
10048.0, -4.5133e-07
10050.0, -4.5143e-07
10052.0, -4.5154e-07
10054.0, -4.5164e-07
10056.0, -4.5175e-07
10058.0, -4.5185e-07
10060.0, -4.5196e-07
10062.0, -4.5207e-07
10064.0, -4.5217e-07
10066.0, -4.5227e-07
10068.0, -4.5237e-07
10070.0, -4.5248e-07
10072.0, -4.5259e-07
10074.0, -4.5269e-07
10076.0, -4.5279e-07
10078.0, -4.529e-07
10080.0, -4.53e-07
10082.0, -4.5311e-07
10084.0, -4.5321e-07
10086.0, -4.5331e-07
10088.0, -4.5342e-07
10090.0, -4.5352e-07
10092.0, -4.5362e-07
10094.0, -4.5373e-07
10096.0, -4.5383e-07
10098.0, -4.5394e-07
10100.0, -4.5404e-07
10102.0, -4.5415e-07
10104.0, -4.5426e-07
10106.0, -4.5436e-07
10108.0, -4.5446e-07
10110.0, -4.5456e-07
10112.0, -4.5466e-07
10114.0, -4.5475e-07
10116.0, -4.5485e-07
10118.0, -4.5495e-07
10120.0, -4.5505e-07
10122.0, -4.5515e-07
10124.0, -4.5525e-07
10126.0, -4.5536e-07
10128.0, -4.5546e-07
10130.0, -4.5556e-07
10132.0, -4.5566e-07
10134.0, -4.5576e-07
10136.0, -4.5585e-07
10138.0, -4.5595e-07
10140.0, -4.5605e-07
10142.0, -4.5615e-07
10144.0, -4.5625e-07
10146.0, -4.5635e-07
10148.0, -4.5645e-07
10150.0, -4.5655e-07
10152.0, -4.5665e-07
10154.0, -4.5675e-07
10156.0, -4.5685e-07
10158.0, -4.5696e-07
10160.0, -4.5705e-07
10162.0, -4.5716e-07
10164.0, -4.5725e-07
10166.0, -4.5735e-07
10168.0, -4.5744e-07
10170.0, -4.5754e-07
10172.0, -4.5763e-07
10174.0, -4.5772e-07
10176.0, -4.5782e-07
10178.0, -4.5792e-07
10180.0, -4.5801e-07
10182.0, -4.5811e-07
10184.0, -4.5821e-07
10186.0, -4.583e-07
10188.0, -4.5839e-07
10190.0, -4.5849e-07
10192.0, -4.5859e-07
10194.0, -4.5869e-07
10196.0, -4.5878e-07
10198.0, -4.5888e-07
10200.0, -4.5898e-07
10202.0, -4.5909e-07
10204.0, -4.5918e-07
10206.0, -4.5928e-07
10208.0, -4.5938e-07
10210.0, -4.5948e-07
10212.0, -4.5959e-07
10214.0, -4.5969e-07
10216.0, -4.5979e-07
10218.0, -4.5989e-07
10220.0, -4.5999e-07
10222.0, -4.6009e-07
10224.0, -4.6019e-07
10226.0, -4.6029e-07
10228.0, -4.6039e-07
10230.0, -4.6048e-07
10232.0, -4.6058e-07
10234.0, -4.6068e-07
10236.0, -4.6077e-07
10238.0, -4.6087e-07
10240.0, -4.6097e-07
10242.0, -4.6106e-07
10244.0, -4.6117e-07
10246.0, -4.6127e-07
10248.0, -4.6137e-07
10250.0, -4.6147e-07
10252.0, -4.6157e-07
10254.0, -4.6167e-07
10256.0, -4.6177e-07
10258.0, -4.6188e-07
10260.0, -4.6198e-07
10262.0, -4.6209e-07
10264.0, -4.622e-07
10266.0, -4.623e-07
10268.0, -4.624e-07
10270.0, -4.6251e-07
10272.0, -4.6261e-07
10274.0, -4.6271e-07
10276.0, -4.6282e-07
10278.0, -4.6292e-07
10280.0, -4.6303e-07
10282.0, -4.6313e-07
10284.0, -4.6323e-07
10286.0, -4.6333e-07
10288.0, -4.6343e-07
10290.0, -4.6354e-07
10292.0, -4.6364e-07
10294.0, -4.6374e-07
10296.0, -4.6383e-07
10298.0, -4.6392e-07
10300.0, -4.6402e-07
10302.0, -4.6411e-07
10304.0, -4.6421e-07
10306.0, -4.6431e-07
10308.0, -4.6441e-07
10310.0, -4.6451e-07
10312.0, -4.6461e-07
10314.0, -4.6472e-07
10316.0, -4.6482e-07
10318.0, -4.6492e-07
10320.0, -4.6502e-07
10322.0, -4.6513e-07
10324.0, -4.6523e-07
10326.0, -4.6533e-07
10328.0, -4.6543e-07
10330.0, -4.6554e-07
10332.0, -4.6564e-07
10334.0, -4.6575e-07
10336.0, -4.6585e-07
10338.0, -4.6595e-07
10340.0, -4.6605e-07
10342.0, -4.6615e-07
10344.0, -4.6625e-07
10346.0, -4.6634e-07
10348.0, -4.6644e-07
10350.0, -4.6654e-07
10352.0, -4.6664e-07
10354.0, -4.6674e-07
10356.0, -4.6684e-07
10358.0, -4.6694e-07
10360.0, -4.6703e-07
10362.0, -4.6714e-07
10364.0, -4.6724e-07
10366.0, -4.6734e-07
10368.0, -4.6745e-07
10370.0, -4.6756e-07
10372.0, -4.6766e-07
10374.0, -4.6777e-07
10376.0, -4.6786e-07
10378.0, -4.6797e-07
10380.0, -4.6807e-07
10382.0, -4.6818e-07
10384.0, -4.6828e-07
10386.0, -4.6838e-07
10388.0, -4.6848e-07
10390.0, -4.6859e-07
10392.0, -4.6869e-07
10394.0, -4.6879e-07
10396.0, -4.6888e-07
10398.0, -4.6897e-07
10400.0, -4.6907e-07
10402.0, -4.6918e-07
10404.0, -4.6928e-07
10406.0, -4.6938e-07
10408.0, -4.6948e-07
10410.0, -4.6958e-07
10412.0, -4.6968e-07
10414.0, -4.6979e-07
10416.0, -4.6989e-07
10418.0, -4.6999e-07
10420.0, -4.7009e-07
10422.0, -4.7019e-07
10424.0, -4.703e-07
10426.0, -4.704e-07
10428.0, -4.705e-07
10430.0, -4.706e-07
10432.0, -4.707e-07
10434.0, -4.708e-07
10436.0, -4.709e-07
10438.0, -4.71e-07
10440.0, -4.711e-07
10442.0, -4.712e-07
10444.0, -4.7129e-07
10446.0, -4.7139e-07
10448.0, -4.7149e-07
10450.0, -4.7159e-07
10452.0, -4.7169e-07
10454.0, -4.718e-07
10456.0, -4.719e-07
10458.0, -4.72e-07
10460.0, -4.721e-07
10462.0, -4.7221e-07
10464.0, -4.723e-07
10466.0, -4.724e-07
10468.0, -4.7249e-07
10470.0, -4.7259e-07
10472.0, -4.7269e-07
10474.0, -4.7279e-07
10476.0, -4.7289e-07
10478.0, -4.7299e-07
10480.0, -4.7309e-07
10482.0, -4.732e-07
10484.0, -4.7329e-07
10486.0, -4.7339e-07
10488.0, -4.7349e-07
10490.0, -4.7359e-07
10492.0, -4.7368e-07
10494.0, -4.7378e-07
10496.0, -4.7388e-07
10498.0, -4.7397e-07
10500.0, -4.7406e-07
10502.0, -4.7416e-07
10504.0, -4.7427e-07
10506.0, -4.7437e-07
10508.0, -4.7448e-07
10510.0, -4.7458e-07
10513.0, -4.7469e-07
10515.0, -4.7479e-07
10517.0, -4.749e-07
10519.0, -4.75e-07
10521.0, -4.751e-07
10523.0, -4.7521e-07
10525.0, -4.753e-07
10527.0, -4.754e-07
10529.0, -4.755e-07
10531.0, -4.756e-07
10533.0, -4.7571e-07
10535.0, -4.7581e-07
10537.0, -4.7591e-07
10539.0, -4.7601e-07
10541.0, -4.7611e-07
10543.0, -4.7622e-07
10545.0, -4.7632e-07
10547.0, -4.7642e-07
10549.0, -4.7653e-07
10551.0, -4.7663e-07
10553.0, -4.7674e-07
10555.0, -4.7685e-07
10557.0, -4.7695e-07
10559.0, -4.7706e-07
10561.0, -4.7716e-07
10563.0, -4.7727e-07
10565.0, -4.7738e-07
10567.0, -4.7749e-07
10569.0, -4.776e-07
10571.0, -4.7771e-07
10573.0, -4.7781e-07
10575.0, -4.7791e-07
10577.0, -4.7802e-07
10579.0, -4.7812e-07
10581.0, -4.7822e-07
10583.0, -4.7833e-07
10585.0, -4.7843e-07
10587.0, -4.7853e-07
10589.0, -4.7864e-07
10591.0, -4.7874e-07
10593.0, -4.7883e-07
10595.0, -4.7893e-07
10597.0, -4.7904e-07
10599.0, -4.7914e-07
10601.0, -4.7924e-07
10603.0, -4.7934e-07
10605.0, -4.7944e-07
10607.0, -4.7954e-07
10609.0, -4.7964e-07
10611.0, -4.7974e-07
10613.0, -4.7984e-07
10615.0, -4.7995e-07
10617.0, -4.8006e-07
10619.0, -4.8017e-07
10621.0, -4.8027e-07
10623.0, -4.8039e-07
10625.0, -4.8049e-07
10627.0, -4.8059e-07
10629.0, -4.807e-07
10631.0, -4.8081e-07
10633.0, -4.8092e-07
10635.0, -4.8103e-07
10637.0, -4.8114e-07
10639.0, -4.8125e-07
10641.0, -4.8136e-07
10643.0, -4.8147e-07
10645.0, -4.8159e-07
10647.0, -4.8169e-07
10649.0, -4.818e-07
10651.0, -4.8191e-07
10653.0, -4.8202e-07
10655.0, -4.8212e-07
10657.0, -4.8222e-07
10659.0, -4.8233e-07
10661.0, -4.8244e-07
10663.0, -4.8255e-07
10665.0, -4.8265e-07
10667.0, -4.8275e-07
10669.0, -4.8286e-07
10671.0, -4.8297e-07
10673.0, -4.8308e-07
10675.0, -4.8318e-07
10677.0, -4.8329e-07
10679.0, -4.8339e-07
10681.0, -4.8349e-07
10683.0, -4.8359e-07
10685.0, -4.8369e-07
10687.0, -4.838e-07
10689.0, -4.839e-07
10691.0, -4.84e-07
10693.0, -4.8409e-07
10695.0, -4.842e-07
10697.0, -4.843e-07
10699.0, -4.8439e-07
10701.0, -4.845e-07
10703.0, -4.8459e-07
10705.0, -4.8469e-07
10707.0, -4.8478e-07
10709.0, -4.8488e-07
10711.0, -4.8497e-07
10713.0, -4.8507e-07
10715.0, -4.8517e-07
10717.0, -4.8527e-07
10719.0, -4.8536e-07
10721.0, -4.8545e-07
10723.0, -4.8554e-07
10725.0, -4.8564e-07
10727.0, -4.8574e-07
10729.0, -4.8584e-07
10731.0, -4.8594e-07
10733.0, -4.8604e-07
10735.0, -4.8614e-07
10737.0, -4.8625e-07
10739.0, -4.8634e-07
10741.0, -4.8644e-07
10743.0, -4.8655e-07
10745.0, -4.8665e-07
10747.0, -4.8675e-07
10749.0, -4.8685e-07
10751.0, -4.8696e-07
10753.0, -4.8706e-07
10755.0, -4.8715e-07
10757.0, -4.8725e-07
10759.0, -4.8734e-07
10761.0, -4.8744e-07
10763.0, -4.8754e-07
10765.0, -4.8763e-07
10767.0, -4.8773e-07
10769.0, -4.8782e-07
10771.0, -4.8792e-07
10773.0, -4.8802e-07
10775.0, -4.8812e-07
10777.0, -4.8822e-07
10779.0, -4.8832e-07
10781.0, -4.8842e-07
10783.0, -4.8852e-07
10785.0, -4.8862e-07
10787.0, -4.8872e-07
10789.0, -4.8882e-07
10791.0, -4.8891e-07
10793.0, -4.8901e-07
10795.0, -4.8911e-07
10797.0, -4.8921e-07
10799.0, -4.893e-07
10801.0, -4.8939e-07
10803.0, -4.8949e-07
10805.0, -4.8959e-07
10807.0, -4.8968e-07
10809.0, -4.8978e-07
10811.0, -4.8988e-07
10813.0, -4.8998e-07
10815.0, -4.9008e-07
10817.0, -4.9018e-07
10819.0, -4.9029e-07
10821.0, -4.9039e-07
10823.0, -4.9049e-07
10825.0, -4.9058e-07
10827.0, -4.9067e-07
10829.0, -4.9077e-07
10831.0, -4.9087e-07
10833.0, -4.9097e-07
10835.0, -4.9107e-07
10837.0, -4.9117e-07
10839.0, -4.9127e-07
10841.0, -4.9137e-07
10843.0, -4.9148e-07
10845.0, -4.9158e-07
10847.0, -4.9168e-07
10849.0, -4.9177e-07
10851.0, -4.9186e-07
10853.0, -4.9196e-07
10855.0, -4.9207e-07
10857.0, -4.9216e-07
10859.0, -4.9226e-07
10861.0, -4.9235e-07
10863.0, -4.9245e-07
10865.0, -4.9255e-07
10867.0, -4.9264e-07
10869.0, -4.9273e-07
10871.0, -4.9283e-07
10873.0, -4.9293e-07
10875.0, -4.9303e-07
10877.0, -4.9312e-07
10879.0, -4.9323e-07
10881.0, -4.9333e-07
10883.0, -4.9343e-07
10885.0, -4.9353e-07
10887.0, -4.9363e-07
10889.0, -4.9373e-07
10891.0, -4.9383e-07
10893.0, -4.9393e-07
10895.0, -4.9403e-07
10897.0, -4.9413e-07
10899.0, -4.9423e-07
10901.0, -4.9433e-07
10903.0, -4.9443e-07
10905.0, -4.9452e-07
10907.0, -4.9462e-07
10909.0, -4.9471e-07
10911.0, -4.9481e-07
10913.0, -4.949e-07
10915.0, -4.9499e-07
10917.0, -4.9508e-07
10919.0, -4.9517e-07
10921.0, -4.9527e-07
10923.0, -4.9536e-07
10925.0, -4.9546e-07
10927.0, -4.9556e-07
10929.0, -4.9566e-07
10931.0, -4.9575e-07
10933.0, -4.9585e-07
10935.0, -4.9595e-07
10937.0, -4.9604e-07
10939.0, -4.9614e-07
10941.0, -4.9623e-07
10943.0, -4.9633e-07
10945.0, -4.9642e-07
10947.0, -4.9652e-07
10949.0, -4.9662e-07
10951.0, -4.9672e-07
10953.0, -4.9682e-07
10955.0, -4.9692e-07
10957.0, -4.9701e-07
10959.0, -4.9712e-07
10961.0, -4.9722e-07
10963.0, -4.9732e-07
10965.0, -4.9742e-07
10967.0, -4.9753e-07
10969.0, -4.9763e-07
10971.0, -4.9773e-07
10973.0, -4.9783e-07
10975.0, -4.9793e-07
10977.0, -4.9803e-07
10979.0, -4.9813e-07
10981.0, -4.9823e-07
10983.0, -4.9833e-07
10985.0, -4.9843e-07
10987.0, -4.9853e-07
10989.0, -4.9863e-07
10991.0, -4.9873e-07
10993.0, -4.9883e-07
10995.0, -4.9894e-07
10997.0, -4.9904e-07
10999.0, -4.9914e-07
11001.0, -4.9924e-07
11003.0, -4.9934e-07
11005.0, -4.9945e-07
11007.0, -4.9955e-07
11009.0, -4.9965e-07
