Time sep (ms?), Charge (C)
0.0, -1.7e-11
2.002, -8.3e-11
4.004, -1.49e-10
6.006, -2.15e-10
8.008, -2.87e-10
10.01, -3.53e-10
12.012, -4.18e-10
14.014, -4.87e-10
16.016, -5.55e-10
18.018, -6.19e-10
20.02, -6.89e-10
22.022, -7.61e-10
24.024, -8.32e-10
26.026, -9.02e-10
28.028, -9.63e-10
30.03, -1.031e-09
32.032, -1.096e-09
34.034, -1.162e-09
36.036, -1.226e-09
38.038, -1.285e-09
40.04, -1.348e-09
42.042, -1.411e-09
44.044, -1.477e-09
46.046, -1.54e-09
48.048, -1.602e-09
50.05, -1.669e-09
52.052, -1.734e-09
54.054, -1.802e-09
56.056, -1.871e-09
58.058, -1.944e-09
60.06, -2.014e-09
62.062, -2.075e-09
64.064, -2.144e-09
66.066, -2.212e-09
68.068, -2.278e-09
70.07, -2.343e-09
72.072, -2.412e-09
74.074, -2.481e-09
76.076, -2.557e-09
78.078, -2.628e-09
80.08, -2.693e-09
82.082, -2.762e-09
84.084, -2.834e-09
86.086, -2.903e-09
88.088, -2.97e-09
90.09, -3.039e-09
92.092, -3.107e-09
94.094, -3.18e-09
96.096, -3.253e-09
98.098, -3.317e-09
100.1, -3.384e-09
102.1, -3.456e-09
104.1, -3.529e-09
106.11, -3.604e-09
108.11, -3.677e-09
110.11, -3.745e-09
112.11, -3.814e-09
114.11, -3.883e-09
116.12, -3.954e-09
118.12, -4.019e-09
120.12, -4.092e-09
122.12, -4.161e-09
124.12, -4.233e-09
126.13, -4.304e-09
128.13, -4.37e-09
130.13, -4.44e-09
132.13, -4.517e-09
134.13, -4.591e-09
136.14, -4.665e-09
138.14, -4.737e-09
140.14, -4.808e-09
142.14, -4.875e-09
144.14, -4.946e-09
146.15, -5.012e-09
148.15, -5.074e-09
150.15, -5.14e-09
152.15, -5.212e-09
154.15, -5.281e-09
156.16, -5.347e-09
158.16, -5.417e-09
160.16, -5.485e-09
162.16, -5.554e-09
164.16, -5.621e-09
166.17, -5.692e-09
168.17, -5.765e-09
170.17, -5.839e-09
172.17, -5.915e-09
174.17, -5.991e-09
176.18, -6.068e-09
178.18, -6.141e-09
180.18, -6.216e-09
182.18, -6.293e-09
184.18, -6.365e-09
186.19, -6.432e-09
188.19, -6.498e-09
190.19, -6.567e-09
192.19, -6.64e-09
194.19, -6.712e-09
196.2, -6.781e-09
198.2, -6.848e-09
200.2, -6.915e-09
202.2, -6.986e-09
204.2, -7.052e-09
206.21, -7.122e-09
208.21, -7.195e-09
210.21, -7.269e-09
212.21, -7.341e-09
214.21, -7.414e-09
216.22, -7.488e-09
218.22, -7.557e-09
220.22, -7.628e-09
222.22, -7.7e-09
224.22, -7.77e-09
226.23, -7.84e-09
228.23, -7.91e-09
230.23, -7.982e-09
232.23, -8.053e-09
234.23, -8.126e-09
236.24, -8.208e-09
238.24, -8.283e-09
240.24, -8.353e-09
242.24, -8.423e-09
244.24, -8.503e-09
246.25, -8.581e-09
248.25, -8.651e-09
250.25, -8.728e-09
252.25, -8.803e-09
254.25, -8.879e-09
256.26, -8.954e-09
258.26, -9.031e-09
260.26, -9.108e-09
262.26, -9.187e-09
264.26, -9.26e-09
266.27, -9.331e-09
268.27, -9.403e-09
270.27, -9.476e-09
272.27, -9.548e-09
274.27, -9.62e-09
276.28, -9.692e-09
278.28, -9.759e-09
280.28, -9.83e-09
282.28, -9.896e-09
284.28, -9.966e-09
286.29, -1.0039e-08
288.29, -1.0105e-08
290.29, -1.0174e-08
292.29, -1.0248e-08
294.29, -1.0318e-08
296.3, -1.0384e-08
298.3, -1.0454e-08
300.3, -1.0523e-08
302.3, -1.0591e-08
304.3, -1.0663e-08
306.31, -1.0727e-08
308.31, -1.079e-08
310.31, -1.0859e-08
312.31, -1.0929e-08
314.31, -1.1001e-08
316.32, -1.1071e-08
318.32, -1.114e-08
320.32, -1.1203e-08
322.32, -1.1273e-08
324.32, -1.134e-08
326.33, -1.1405e-08
328.33, -1.1466e-08
330.33, -1.153e-08
332.33, -1.1589e-08
334.33, -1.1648e-08
336.34, -1.171e-08
338.34, -1.1777e-08
340.34, -1.184e-08
342.34, -1.191e-08
344.34, -1.1981e-08
346.35, -1.2046e-08
348.35, -1.211e-08
350.35, -1.2175e-08
352.35, -1.2247e-08
354.35, -1.2318e-08
356.36, -1.239e-08
358.36, -1.2456e-08
360.36, -1.2529e-08
362.36, -1.2604e-08
364.36, -1.2673e-08
366.37, -1.2745e-08
368.37, -1.2816e-08
370.37, -1.2887e-08
372.37, -1.296e-08
374.37, -1.3032e-08
376.38, -1.3107e-08
378.38, -1.3179e-08
380.38, -1.3248e-08
382.38, -1.3317e-08
384.38, -1.3391e-08
386.39, -1.3464e-08
388.39, -1.3535e-08
390.39, -1.3609e-08
392.39, -1.3685e-08
394.39, -1.3758e-08
396.4, -1.3829e-08
398.4, -1.3902e-08
400.4, -1.3974e-08
402.4, -1.4044e-08
404.4, -1.4112e-08
406.41, -1.4176e-08
408.41, -1.4245e-08
410.41, -1.4308e-08
412.41, -1.4369e-08
414.41, -1.443e-08
416.42, -1.4495e-08
418.42, -1.4562e-08
420.42, -1.4624e-08
422.42, -1.4694e-08
424.42, -1.4763e-08
426.43, -1.4832e-08
428.43, -1.49e-08
430.43, -1.4967e-08
432.43, -1.5032e-08
434.43, -1.5093e-08
436.44, -1.5163e-08
438.44, -1.5228e-08
440.44, -1.5294e-08
442.44, -1.536e-08
444.44, -1.5429e-08
446.45, -1.5498e-08
448.45, -1.5567e-08
450.45, -1.5634e-08
452.45, -1.5701e-08
454.45, -1.5766e-08
456.46, -1.5835e-08
458.46, -1.5903e-08
460.46, -1.5964e-08
462.46, -1.6027e-08
464.46, -1.6092e-08
466.47, -1.6159e-08
468.47, -1.6228e-08
470.47, -1.6296e-08
472.47, -1.636e-08
474.47, -1.6423e-08
476.48, -1.6495e-08
478.48, -1.6562e-08
480.48, -1.6632e-08
482.48, -1.6707e-08
484.48, -1.6776e-08
486.49, -1.685e-08
488.49, -1.692e-08
490.49, -1.6985e-08
492.49, -1.705e-08
494.49, -1.7117e-08
496.5, -1.7185e-08
498.5, -1.7255e-08
500.5, -1.7322e-08
502.5, -1.7391e-08
504.5, -1.7458e-08
506.51, -1.7518e-08
508.51, -1.7585e-08
510.51, -1.7647e-08
512.51, -1.7705e-08
514.51, -1.777e-08
516.52, -1.7835e-08
518.52, -1.7901e-08
520.52, -1.7959e-08
522.52, -1.8022e-08
524.52, -1.8087e-08
526.53, -1.8152e-08
528.53, -1.822e-08
530.53, -1.8289e-08
532.53, -1.8359e-08
534.53, -1.8428e-08
536.54, -1.8502e-08
538.54, -1.857e-08
540.54, -1.8638e-08
542.54, -1.8706e-08
544.54, -1.8773e-08
546.55, -1.8843e-08
548.55, -1.8909e-08
550.55, -1.8975e-08
552.55, -1.904e-08
554.55, -1.91e-08
556.56, -1.9168e-08
558.56, -1.9235e-08
560.56, -1.9309e-08
562.56, -1.9375e-08
564.56, -1.9447e-08
566.57, -1.9516e-08
568.57, -1.9582e-08
570.57, -1.9649e-08
572.57, -1.9718e-08
574.57, -1.9789e-08
576.58, -1.986e-08
578.58, -1.993e-08
580.58, -1.9999e-08
582.58, -2.0061e-08
584.58, -2.0124e-08
586.59, -2.0184e-08
588.59, -2.0257e-08
590.59, -2.033e-08
592.59, -2.0399e-08
594.59, -2.0468e-08
596.6, -2.0538e-08
598.6, -2.0608e-08
600.6, -2.0672e-08
602.6, -2.0739e-08
604.6, -2.0804e-08
606.61, -2.0873e-08
608.61, -2.0941e-08
610.61, -2.101e-08
612.61, -2.1084e-08
614.61, -2.1162e-08
616.62, -2.1234e-08
618.62, -2.13e-08
620.62, -2.137e-08
622.62, -2.1437e-08
624.62, -2.1508e-08
626.63, -2.1581e-08
628.63, -2.1654e-08
630.63, -2.1731e-08
632.63, -2.1801e-08
634.63, -2.1872e-08
636.64, -2.1947e-08
638.64, -2.2015e-08
640.64, -2.2087e-08
642.64, -2.2162e-08
644.64, -2.2237e-08
646.65, -2.2311e-08
648.65, -2.238e-08
650.65, -2.245e-08
652.65, -2.2523e-08
654.65, -2.2597e-08
656.66, -2.2666e-08
658.66, -2.2732e-08
660.66, -2.2799e-08
662.66, -2.2863e-08
664.66, -2.2929e-08
666.67, -2.2996e-08
668.67, -2.3066e-08
670.67, -2.3138e-08
672.67, -2.3202e-08
674.67, -2.3267e-08
676.68, -2.3332e-08
678.68, -2.3399e-08
680.68, -2.346e-08
682.68, -2.3527e-08
684.68, -2.3596e-08
686.69, -2.3672e-08
688.69, -2.3738e-08
690.69, -2.3809e-08
692.69, -2.3877e-08
694.69, -2.3947e-08
696.7, -2.4014e-08
698.7, -2.4077e-08
700.7, -2.4143e-08
702.7, -2.4214e-08
704.7, -2.4278e-08
706.71, -2.4342e-08
708.71, -2.4407e-08
710.71, -2.4472e-08
712.71, -2.4537e-08
714.71, -2.4603e-08
716.72, -2.4669e-08
718.72, -2.4739e-08
720.72, -2.4803e-08
722.72, -2.4867e-08
724.72, -2.4932e-08
726.73, -2.5001e-08
728.73, -2.5064e-08
730.73, -2.5131e-08
732.73, -2.5197e-08
734.73, -2.5262e-08
736.74, -2.5327e-08
738.74, -2.539e-08
740.74, -2.5454e-08
742.74, -2.552e-08
744.74, -2.5577e-08
746.75, -2.5638e-08
748.75, -2.5706e-08
750.75, -2.5769e-08
752.75, -2.5832e-08
754.75, -2.5895e-08
756.76, -2.5957e-08
758.76, -2.6022e-08
760.76, -2.6086e-08
762.76, -2.615e-08
764.76, -2.6213e-08
766.77, -2.6279e-08
768.77, -2.6346e-08
770.77, -2.6407e-08
772.77, -2.6476e-08
774.77, -2.6546e-08
776.78, -2.6614e-08
778.78, -2.668e-08
780.78, -2.6753e-08
782.78, -2.6827e-08
784.78, -2.6896e-08
786.79, -2.6963e-08
788.79, -2.7034e-08
790.79, -2.7105e-08
792.79, -2.7169e-08
794.79, -2.7242e-08
796.8, -2.7313e-08
798.8, -2.7381e-08
800.8, -2.7446e-08
802.8, -2.7507e-08
804.8, -2.7571e-08
806.81, -2.7638e-08
808.81, -2.7706e-08
810.81, -2.7767e-08
812.81, -2.7835e-08
814.81, -2.7903e-08
816.82, -2.7967e-08
818.82, -2.8031e-08
820.82, -2.81e-08
822.82, -2.8168e-08
824.82, -2.8229e-08
826.83, -2.8291e-08
828.83, -2.835e-08
830.83, -2.8404e-08
832.83, -2.8461e-08
834.83, -2.8524e-08
836.84, -2.8588e-08
838.84, -2.8654e-08
840.84, -2.8714e-08
842.84, -2.8774e-08
844.84, -2.8838e-08
846.85, -2.8902e-08
848.85, -2.8971e-08
850.85, -2.9042e-08
852.85, -2.9111e-08
854.85, -2.918e-08
856.86, -2.9256e-08
858.86, -2.9328e-08
860.86, -2.9396e-08
862.86, -2.9468e-08
864.86, -2.9543e-08
866.87, -2.9614e-08
868.87, -2.9684e-08
870.87, -2.9754e-08
872.87, -2.9821e-08
874.87, -2.989e-08
876.88, -2.9954e-08
878.88, -3.0023e-08
880.88, -3.0096e-08
882.88, -3.0175e-08
884.88, -3.0252e-08
886.89, -3.0318e-08
888.89, -3.0388e-08
890.89, -3.0456e-08
892.89, -3.0523e-08
894.89, -3.0596e-08
896.9, -3.0664e-08
898.9, -3.0731e-08
900.9, -3.08e-08
902.9, -3.0868e-08
904.9, -3.0937e-08
906.91, -3.1006e-08
908.91, -3.1077e-08
910.91, -3.1144e-08
912.91, -3.1219e-08
914.91, -3.1293e-08
916.92, -3.1366e-08
918.92, -3.144e-08
920.92, -3.1511e-08
922.92, -3.1582e-08
924.92, -3.1655e-08
926.93, -3.1731e-08
928.93, -3.1801e-08
930.93, -3.1869e-08
932.93, -3.1937e-08
934.93, -3.2005e-08
936.94, -3.2076e-08
938.94, -3.2145e-08
940.94, -3.221e-08
942.94, -3.2278e-08
944.94, -3.2346e-08
946.95, -3.2417e-08
948.95, -3.2489e-08
950.95, -3.2559e-08
952.95, -3.263e-08
954.95, -3.2704e-08
956.96, -3.277e-08
958.96, -3.284e-08
960.96, -3.2909e-08
962.96, -3.2974e-08
964.96, -3.3037e-08
966.97, -3.3104e-08
968.97, -3.3176e-08
970.97, -3.3245e-08
972.97, -3.3305e-08
974.97, -3.3368e-08
976.98, -3.3439e-08
978.98, -3.3507e-08
980.98, -3.358e-08
982.98, -3.3651e-08
984.98, -3.3729e-08
986.99, -3.3804e-08
988.99, -3.3876e-08
990.99, -3.3951e-08
992.99, -3.4026e-08
994.99, -3.4098e-08
997.0, -3.4169e-08
999.0, -3.4235e-08
1001.0, -3.4303e-08
1003.0, -3.4368e-08
1005.0, -3.4438e-08
1007.0, -3.4505e-08
1009.0, -3.4568e-08
1011.0, -3.4633e-08
1013.0, -3.4663e-08
1015.0, -3.4186e-08
1017.0, -3.3638e-08
1019.0, -3.3074e-08
1021.0, -3.2464e-08
1023.0, -3.1894e-08
1025.0, -3.1319e-08
1027.0, -3.0728e-08
1029.0, -3.0136e-08
1031.0, -2.9551e-08
1033.0, -2.893e-08
1035.0, -2.8333e-08
1037.0, -2.7746e-08
1039.0, -2.718e-08
1041.0, -2.6653e-08
1043.0, -2.6052e-08
1045.0, -2.5462e-08
1047.0, -2.4882e-08
1049.0, -2.4324e-08
1051.0, -2.3758e-08
1053.1, -2.3132e-08
1055.1, -2.2532e-08
1057.1, -2.1926e-08
1059.1, -2.1354e-08
1061.1, -2.0777e-08
1063.1, -2.0267e-08
1065.1, -1.9716e-08
1067.1, -1.9182e-08
1069.1, -1.8572e-08
1071.1, -1.7994e-08
1073.1, -1.7479e-08
1075.1, -1.6972e-08
1077.1, -1.6349e-08
1079.1, -1.5737e-08
1081.1, -1.5178e-08
1083.1, -1.4607e-08
1085.1, -1.4035e-08
1087.1, -1.346e-08
1089.1, -1.2813e-08
1091.1, -1.2214e-08
1093.1, -1.158e-08
1095.1, -1.0979e-08
1097.1, -1.0452e-08
1099.1, -9.817e-09
1101.1, -9.225e-09
1103.1, -8.626e-09
1105.1, -8.041e-09
1107.1, -7.481e-09
1109.1, -6.908e-09
1111.1, -6.378e-09
1113.1, -5.839e-09
1115.1, -5.258e-09
1117.1, -4.724e-09
1119.1, -4.056e-09
1121.1, -3.459e-09
1123.1, -2.856e-09
1125.1, -2.263e-09
1127.1, -1.672e-09
1129.1, -1.061e-09
1131.1, -4.71e-10
1133.1, 1.07e-10
1135.1, 6.35e-10
1137.1, 1.283e-09
1139.1, 1.898e-09
1141.1, 2.565e-09
1143.1, 3.214e-09
1145.1, 3.805e-09
1147.1, 4.372e-09
1149.1, 4.951e-09
1151.1, 5.523e-09
1153.2, 6.134e-09
1155.2, 6.755e-09
1157.2, 7.367e-09
1159.2, 7.975e-09
1161.2, 8.579e-09
1163.2, 9.145e-09
1165.2, 9.749e-09
1167.2, 1.0307e-08
1169.2, 1.0902e-08
1171.2, 1.1492e-08
1173.2, 1.2098e-08
1175.2, 1.2667e-08
1177.2, 1.3259e-08
1179.2, 1.3868e-08
1181.2, 1.4441e-08
1183.2, 1.5022e-08
1185.2, 1.5632e-08
1187.2, 1.6216e-08
1189.2, 1.6743e-08
1191.2, 1.73e-08
1193.2, 1.7853e-08
1195.2, 1.8424e-08
1197.2, 1.9021e-08
1199.2, 1.9628e-08
1201.2, 2.0303e-08
1203.2, 2.093e-08
1205.2, 2.1497e-08
1207.2, 2.212e-08
1209.2, 2.2766e-08
1211.2, 2.3346e-08
1213.2, 2.3931e-08
1215.2, 2.4517e-08
1217.2, 2.518e-08
1219.2, 2.5828e-08
1221.2, 2.6475e-08
1223.2, 2.7111e-08
1225.2, 2.7706e-08
1227.2, 2.8341e-08
1229.2, 2.8939e-08
1231.2, 2.955e-08
1233.2, 3.0172e-08
1235.2, 3.0773e-08
1237.2, 3.1393e-08
1239.2, 3.1998e-08
1241.2, 3.2675e-08
1243.2, 3.3273e-08
1245.2, 3.3927e-08
1247.2, 3.456e-08
1249.2, 3.5211e-08
1251.2, 3.5866e-08
1253.3, 3.6492e-08
1255.3, 3.7083e-08
1257.3, 3.7701e-08
1259.3, 3.8276e-08
1261.3, 3.8877e-08
1263.3, 3.9492e-08
1265.3, 4.0071e-08
1267.3, 4.0666e-08
1269.3, 4.1361e-08
1271.3, 4.2028e-08
1273.3, 4.2622e-08
1275.3, 4.3244e-08
1277.3, 4.3862e-08
1279.3, 4.4498e-08
1281.3, 4.5167e-08
1283.3, 4.5817e-08
1285.3, 4.6448e-08
1287.3, 4.7077e-08
1289.3, 4.7877e-08
1291.3, 4.8544e-08
1293.3, 4.9195e-08
1295.3, 4.9824e-08
1297.3, 5.042e-08
1299.3, 5.1062e-08
1301.3, 5.1685e-08
1303.3, 5.2378e-08
1305.3, 5.2997e-08
1307.3, 5.3543e-08
1309.3, 5.4104e-08
1311.3, 5.4684e-08
1313.3, 5.5348e-08
1315.3, 5.5984e-08
1317.3, 5.664e-08
1319.3, 5.7281e-08
1321.3, 5.789e-08
1323.3, 5.8505e-08
1325.3, 5.915e-08
1327.3, 5.9794e-08
1329.3, 6.0476e-08
1331.3, 6.1087e-08
1333.3, 6.1678e-08
1335.3, 6.2306e-08
1337.3, 6.2887e-08
1339.3, 6.3456e-08
1341.3, 6.4079e-08
1343.3, 6.4757e-08
1345.3, 6.5389e-08
1347.3, 6.6021e-08
1349.3, 6.6607e-08
1351.3, 6.7209e-08
1353.4, 6.7845e-08
1355.4, 6.8449e-08
1357.4, 6.9036e-08
1359.4, 6.9628e-08
1361.4, 7.0265e-08
1363.4, 7.0954e-08
1365.4, 7.1703e-08
1367.4, 7.235e-08
1369.4, 7.2942e-08
1371.4, 7.3629e-08
1373.4, 7.4385e-08
1375.4, 7.51e-08
1377.4, 7.5789e-08
1379.4, 7.6449e-08
1381.4, 7.7045e-08
1383.4, 7.7638e-08
1385.4, 7.8277e-08
1387.4, 7.889e-08
1389.4, 7.949e-08
1391.4, 8.0158e-08
1393.4, 8.0745e-08
1395.4, 8.1353e-08
1397.4, 8.2108e-08
1399.4, 8.2741e-08
1401.4, 8.3483e-08
1403.4, 8.4103e-08
1405.4, 8.4781e-08
1407.4, 8.5391e-08
1409.4, 8.5989e-08
1411.4, 8.6627e-08
1413.4, 8.7316e-08
1415.4, 8.7968e-08
1417.4, 8.8615e-08
1419.4, 8.925e-08
1421.4, 8.9916e-08
1423.4, 9.0571e-08
1425.4, 9.1209e-08
1427.4, 9.1823e-08
1429.4, 9.2397e-08
1431.4, 9.3013e-08
1433.4, 9.3575e-08
1435.4, 9.4236e-08
1437.4, 9.4929e-08
1439.4, 9.5632e-08
1441.4, 9.6237e-08
1443.4, 9.6911e-08
1445.4, 9.7535e-08
1447.4, 9.8207e-08
1449.4, 9.8817e-08
1451.4, 9.9495e-08
1453.5, 1.0014e-07
1455.5, 1.0071e-07
1457.5, 1.013e-07
1459.5, 1.0198e-07
1461.5, 1.0261e-07
1463.5, 1.0328e-07
1465.5, 1.0397e-07
1467.5, 1.0465e-07
1469.5, 1.0525e-07
1471.5, 1.0588e-07
1473.5, 1.0651e-07
1475.5, 1.0713e-07
1477.5, 1.0777e-07
1479.5, 1.0847e-07
1481.5, 1.0916e-07
1483.5, 1.0981e-07
1485.5, 1.1044e-07
1487.5, 1.1112e-07
1489.5, 1.1181e-07
1491.5, 1.1246e-07
1493.5, 1.1311e-07
1495.5, 1.137e-07
1497.5, 1.1434e-07
1499.5, 1.1496e-07
1501.5, 1.1553e-07
1503.5, 1.1615e-07
1505.5, 1.1679e-07
1507.5, 1.1745e-07
1509.5, 1.1813e-07
1511.5, 1.1874e-07
1513.5, 1.1938e-07
1515.5, 1.2002e-07
1517.5, 1.2068e-07
1519.5, 1.2132e-07
1521.5, 1.2195e-07
1523.5, 1.2258e-07
1525.5, 1.2316e-07
1527.5, 1.2378e-07
1529.5, 1.2442e-07
1531.5, 1.2511e-07
1533.5, 1.2579e-07
1535.5, 1.2651e-07
1537.5, 1.2719e-07
1539.5, 1.2785e-07
1541.5, 1.2852e-07
1543.5, 1.2915e-07
1545.5, 1.2979e-07
1547.5, 1.3047e-07
1549.5, 1.3111e-07
1551.5, 1.3176e-07
1553.6, 1.324e-07
1555.6, 1.3308e-07
1557.6, 1.3382e-07
1559.6, 1.344e-07
1561.6, 1.3505e-07
1563.6, 1.3577e-07
1565.6, 1.3644e-07
1567.6, 1.3711e-07
1569.6, 1.3778e-07
1571.6, 1.3844e-07
1573.6, 1.3913e-07
1575.6, 1.3975e-07
1577.6, 1.4038e-07
1579.6, 1.4106e-07
1581.6, 1.4175e-07
1583.6, 1.425e-07
1585.6, 1.4317e-07
1587.6, 1.4378e-07
1589.6, 1.4437e-07
1591.6, 1.4497e-07
1593.6, 1.456e-07
1595.6, 1.4624e-07
1597.6, 1.4691e-07
1599.6, 1.4761e-07
1601.6, 1.4827e-07
1603.6, 1.4892e-07
1605.6, 1.4961e-07
1607.6, 1.5024e-07
1609.6, 1.5083e-07
1611.6, 1.5146e-07
1613.6, 1.5214e-07
1615.6, 1.5273e-07
1617.6, 1.5339e-07
1619.6, 1.54e-07
1621.6, 1.5463e-07
1623.6, 1.5534e-07
1625.6, 1.5597e-07
1627.6, 1.5662e-07
1629.6, 1.5732e-07
1631.6, 1.5797e-07
1633.6, 1.5868e-07
1635.6, 1.5934e-07
1637.6, 1.6003e-07
1639.6, 1.6066e-07
1641.6, 1.6131e-07
1643.6, 1.6195e-07
1645.6, 1.6263e-07
1647.6, 1.6329e-07
1649.6, 1.6391e-07
1651.6, 1.6455e-07
1653.7, 1.6514e-07
1655.7, 1.6575e-07
1657.7, 1.6643e-07
1659.7, 1.6709e-07
1661.7, 1.6771e-07
1663.7, 1.6832e-07
1665.7, 1.6897e-07
1667.7, 1.6962e-07
1669.7, 1.7031e-07
1671.7, 1.7105e-07
1673.7, 1.7161e-07
1675.7, 1.7224e-07
1677.7, 1.7294e-07
1679.7, 1.7362e-07
1681.7, 1.7434e-07
1683.7, 1.7508e-07
1685.7, 1.7571e-07
1687.7, 1.7639e-07
1689.7, 1.7703e-07
1691.7, 1.7775e-07
1693.7, 1.7843e-07
1695.7, 1.7907e-07
1697.7, 1.797e-07
1699.7, 1.8039e-07
1701.7, 1.8111e-07
1703.7, 1.8176e-07
1705.7, 1.8239e-07
1707.7, 1.8299e-07
1709.7, 1.8362e-07
1711.7, 1.8426e-07
1713.7, 1.8491e-07
1715.7, 1.855e-07
1717.7, 1.8618e-07
1719.7, 1.8687e-07
1721.7, 1.8753e-07
1723.7, 1.8823e-07
1725.7, 1.889e-07
1727.7, 1.8963e-07
1729.7, 1.9031e-07
1731.7, 1.9097e-07
1733.7, 1.9157e-07
1735.7, 1.9219e-07
1737.7, 1.9283e-07
1739.7, 1.9349e-07
1741.7, 1.9407e-07
1743.7, 1.9475e-07
1745.7, 1.9542e-07
1747.7, 1.9607e-07
1749.7, 1.9677e-07
1751.7, 1.9745e-07
1753.8, 1.9806e-07
1755.8, 1.9881e-07
1757.8, 1.9945e-07
1759.8, 2.0009e-07
1761.8, 2.0079e-07
1763.8, 2.0145e-07
1765.8, 2.0209e-07
1767.8, 2.0264e-07
1769.8, 2.0327e-07
1771.8, 2.0391e-07
1773.8, 2.0458e-07
1775.8, 2.0527e-07
1777.8, 2.059e-07
1779.8, 2.0657e-07
1781.8, 2.0724e-07
1783.8, 2.079e-07
1785.8, 2.0854e-07
1787.8, 2.0914e-07
1789.8, 2.098e-07
1791.8, 2.1052e-07
1793.8, 2.1124e-07
1795.8, 2.1196e-07
1797.8, 2.1258e-07
1799.8, 2.1312e-07
1801.8, 2.1374e-07
1803.8, 2.1443e-07
1805.8, 2.1515e-07
1807.8, 2.1578e-07
1809.8, 2.1643e-07
1811.8, 2.1708e-07
1813.8, 2.1774e-07
1815.8, 2.1835e-07
1817.8, 2.1905e-07
1819.8, 2.1971e-07
1821.8, 2.2035e-07
1823.8, 2.2095e-07
1825.8, 2.2167e-07
1827.8, 2.2238e-07
1829.8, 2.2302e-07
1831.8, 2.2371e-07
1833.8, 2.2433e-07
1835.8, 2.25e-07
1837.8, 2.2563e-07
1839.8, 2.2626e-07
1841.8, 2.2693e-07
1843.8, 2.2764e-07
1845.8, 2.2832e-07
1847.8, 2.2901e-07
1849.8, 2.297e-07
1851.8, 2.3041e-07
1853.9, 2.3105e-07
1855.9, 2.3173e-07
1857.9, 2.3237e-07
1859.9, 2.3303e-07
1861.9, 2.3372e-07
1863.9, 2.3443e-07
1865.9, 2.3514e-07
1867.9, 2.3591e-07
1869.9, 2.3655e-07
1871.9, 2.3721e-07
1873.9, 2.3785e-07
1875.9, 2.386e-07
1877.9, 2.3926e-07
1879.9, 2.3988e-07
1881.9, 2.405e-07
1883.9, 2.4114e-07
1885.9, 2.4174e-07
1887.9, 2.4235e-07
1889.9, 2.4299e-07
1891.9, 2.4363e-07
1893.9, 2.4432e-07
1895.9, 2.4496e-07
1897.9, 2.4556e-07
1899.9, 2.4619e-07
1901.9, 2.4684e-07
1903.9, 2.475e-07
1905.9, 2.481e-07
1907.9, 2.487e-07
1909.9, 2.4933e-07
1911.9, 2.5002e-07
1913.9, 2.5066e-07
1915.9, 2.5131e-07
1917.9, 2.5201e-07
1919.9, 2.5272e-07
1921.9, 2.5343e-07
1923.9, 2.5409e-07
1925.9, 2.5478e-07
1927.9, 2.5542e-07
1929.9, 2.5608e-07
1931.9, 2.5678e-07
1933.9, 2.5744e-07
1935.9, 2.5805e-07
1937.9, 2.5867e-07
1939.9, 2.5933e-07
1941.9, 2.5997e-07
1943.9, 2.6066e-07
1945.9, 2.6124e-07
1947.9, 2.6186e-07
1949.9, 2.6249e-07
1951.9, 2.6314e-07
1954.0, 2.6379e-07
1956.0, 2.6438e-07
1958.0, 2.6498e-07
1960.0, 2.6558e-07
1962.0, 2.6623e-07
1964.0, 2.6692e-07
1966.0, 2.6757e-07
1968.0, 2.6823e-07
1970.0, 2.6888e-07
1972.0, 2.6959e-07
1974.0, 2.7027e-07
1976.0, 2.7093e-07
1978.0, 2.7161e-07
1980.0, 2.7221e-07
1982.0, 2.7288e-07
1984.0, 2.7354e-07
1986.0, 2.7424e-07
1988.0, 2.7491e-07
1990.0, 2.7556e-07
1992.0, 2.7618e-07
1994.0, 2.7682e-07
1996.0, 2.7758e-07
1998.0, 2.7824e-07
2000.0, 2.7888e-07
2002.0, 2.795e-07
2004.0, 2.8018e-07
2006.0, 2.8084e-07
2008.0, 2.8151e-07
2010.0, 2.8222e-07
2012.0, 2.8294e-07
2014.0, 2.8356e-07
2016.0, 2.8361e-07
2018.0, 2.8354e-07
2020.0, 2.8346e-07
2022.0, 2.8339e-07
2024.0, 2.8331e-07
2026.0, 2.8323e-07
2028.0, 2.8316e-07
2030.0, 2.8309e-07
2032.0, 2.8302e-07
2034.0, 2.8294e-07
2036.0, 2.8287e-07
2038.0, 2.828e-07
2040.0, 2.8273e-07
2042.0, 2.8266e-07
2044.0, 2.8259e-07
2046.0, 2.8251e-07
2048.0, 2.8244e-07
2050.0, 2.8236e-07
2052.0, 2.8228e-07
2054.1, 2.822e-07
2056.1, 2.8213e-07
2058.1, 2.8205e-07
2060.1, 2.8198e-07
2062.1, 2.819e-07
2064.1, 2.8183e-07
2066.1, 2.8176e-07
2068.1, 2.8168e-07
2070.1, 2.8161e-07
2072.1, 2.8154e-07
2074.1, 2.8146e-07
2076.1, 2.8139e-07
2078.1, 2.8132e-07
2080.1, 2.8125e-07
2082.1, 2.8119e-07
2084.1, 2.8111e-07
2086.1, 2.8105e-07
2088.1, 2.8097e-07
2090.1, 2.809e-07
2092.1, 2.8082e-07
2094.1, 2.8074e-07
2096.1, 2.8067e-07
2098.1, 2.8059e-07
2100.1, 2.8052e-07
2102.1, 2.8045e-07
2104.1, 2.8038e-07
2106.1, 2.8031e-07
2108.1, 2.8024e-07
2110.1, 2.8017e-07
2112.1, 2.801e-07
2114.1, 2.8003e-07
2116.1, 2.7996e-07
2118.1, 2.7989e-07
2120.1, 2.7982e-07
2122.1, 2.7975e-07
2124.1, 2.7969e-07
2126.1, 2.7962e-07
2128.1, 2.7955e-07
2130.1, 2.7948e-07
2132.1, 2.7941e-07
2134.1, 2.7935e-07
2136.1, 2.7928e-07
2138.1, 2.7921e-07
2140.1, 2.7914e-07
2142.1, 2.7907e-07
2144.1, 2.79e-07
2146.1, 2.7894e-07
2148.1, 2.7886e-07
2150.1, 2.7879e-07
2152.1, 2.7872e-07
2154.2, 2.7865e-07
2156.2, 2.7858e-07
2158.2, 2.7851e-07
2160.2, 2.7843e-07
2162.2, 2.7836e-07
2164.2, 2.7828e-07
2166.2, 2.7821e-07
2168.2, 2.7813e-07
2170.2, 2.7806e-07
2172.2, 2.7798e-07
2174.2, 2.7791e-07
2176.2, 2.7784e-07
2178.2, 2.7777e-07
2180.2, 2.777e-07
2182.2, 2.7763e-07
2184.2, 2.7756e-07
2186.2, 2.7749e-07
2188.2, 2.7742e-07
2190.2, 2.7734e-07
2192.2, 2.7727e-07
2194.2, 2.7719e-07
2196.2, 2.7712e-07
2198.2, 2.7705e-07
2200.2, 2.7698e-07
2202.2, 2.769e-07
2204.2, 2.7682e-07
2206.2, 2.7674e-07
2208.2, 2.7667e-07
2210.2, 2.7659e-07
2212.2, 2.7653e-07
2214.2, 2.7646e-07
2216.2, 2.7639e-07
2218.2, 2.7632e-07
2220.2, 2.7625e-07
2222.2, 2.7618e-07
2224.2, 2.7611e-07
2226.2, 2.7604e-07
2228.2, 2.7597e-07
2230.2, 2.759e-07
2232.2, 2.7583e-07
2234.2, 2.7576e-07
2236.2, 2.7569e-07
2238.2, 2.7562e-07
2240.2, 2.7555e-07
2242.2, 2.7547e-07
2244.2, 2.754e-07
2246.2, 2.7532e-07
2248.2, 2.7525e-07
2250.2, 2.7518e-07
2252.2, 2.7511e-07
2254.3, 2.7504e-07
2256.3, 2.7497e-07
2258.3, 2.749e-07
2260.3, 2.7483e-07
2262.3, 2.7476e-07
2264.3, 2.7469e-07
2266.3, 2.7462e-07
2268.3, 2.7456e-07
2270.3, 2.7449e-07
2272.3, 2.7441e-07
2274.3, 2.7434e-07
2276.3, 2.7427e-07
2278.3, 2.742e-07
2280.3, 2.7414e-07
2282.3, 2.7407e-07
2284.3, 2.7401e-07
2286.3, 2.7394e-07
2288.3, 2.7387e-07
2290.3, 2.738e-07
2292.3, 2.7373e-07
2294.3, 2.7365e-07
2296.3, 2.7358e-07
2298.3, 2.735e-07
2300.3, 2.7343e-07
2302.3, 2.7336e-07
2304.3, 2.7329e-07
2306.3, 2.7322e-07
2308.3, 2.7316e-07
2310.3, 2.731e-07
2312.3, 2.7303e-07
2314.3, 2.7296e-07
2316.3, 2.7288e-07
2318.3, 2.7281e-07
2320.3, 2.7274e-07
2322.3, 2.7267e-07
2324.3, 2.7261e-07
2326.3, 2.7254e-07
2328.3, 2.7247e-07
2330.3, 2.724e-07
2332.3, 2.7234e-07
2334.3, 2.7227e-07
2336.3, 2.722e-07
2338.3, 2.7214e-07
2340.3, 2.7207e-07
2342.3, 2.7201e-07
2344.3, 2.7194e-07
2346.3, 2.7188e-07
2348.3, 2.7181e-07
2350.3, 2.7174e-07
2352.3, 2.7167e-07
2354.4, 2.7161e-07
2356.4, 2.7154e-07
2358.4, 2.7148e-07
2360.4, 2.7141e-07
2362.4, 2.7134e-07
2364.4, 2.7127e-07
2366.4, 2.712e-07
2368.4, 2.7113e-07
2370.4, 2.7107e-07
2372.4, 2.71e-07
2374.4, 2.7094e-07
2376.4, 2.7088e-07
2378.4, 2.7081e-07
2380.4, 2.7074e-07
2382.4, 2.7068e-07
2384.4, 2.7061e-07
2386.4, 2.7055e-07
2388.4, 2.7049e-07
2390.4, 2.7042e-07
2392.4, 2.7036e-07
2394.4, 2.703e-07
2396.4, 2.7024e-07
2398.4, 2.7017e-07
2400.4, 2.7011e-07
2402.4, 2.7006e-07
2404.4, 2.6999e-07
2406.4, 2.6993e-07
2408.4, 2.6987e-07
2410.4, 2.6981e-07
2412.4, 2.6975e-07
2414.4, 2.6968e-07
2416.4, 2.6962e-07
2418.4, 2.6956e-07
2420.4, 2.6949e-07
2422.4, 2.6943e-07
2424.4, 2.6936e-07
2426.4, 2.693e-07
2428.4, 2.6924e-07
2430.4, 2.6918e-07
2432.4, 2.6911e-07
2434.4, 2.6903e-07
2436.4, 2.6896e-07
2438.4, 2.6889e-07
2440.4, 2.6882e-07
2442.4, 2.6875e-07
2444.4, 2.6868e-07
2446.4, 2.6861e-07
2448.4, 2.6855e-07
2450.4, 2.6849e-07
2452.4, 2.6842e-07
2454.5, 2.6835e-07
2456.5, 2.6829e-07
2458.5, 2.6823e-07
2460.5, 2.6816e-07
2462.5, 2.681e-07
2464.5, 2.6803e-07
2466.5, 2.6796e-07
2468.5, 2.6789e-07
2470.5, 2.6782e-07
2472.5, 2.6775e-07
2474.5, 2.6767e-07
2476.5, 2.676e-07
2478.5, 2.6753e-07
2480.5, 2.6745e-07
2482.5, 2.6738e-07
2484.5, 2.673e-07
2486.5, 2.6723e-07
2488.5, 2.6715e-07
2490.5, 2.6708e-07
2492.5, 2.6701e-07
2494.5, 2.6693e-07
2496.5, 2.6686e-07
2498.5, 2.6679e-07
2500.5, 2.6672e-07
2502.5, 2.6664e-07
2504.5, 2.6657e-07
2506.5, 2.665e-07
2508.5, 2.6643e-07
2510.5, 2.6637e-07
2512.5, 2.663e-07
2514.5, 2.6624e-07
2516.5, 2.6617e-07
2518.5, 2.6611e-07
2520.5, 2.6605e-07
2522.5, 2.6599e-07
2524.5, 2.6592e-07
2526.5, 2.6586e-07
2528.5, 2.6579e-07
2530.5, 2.6572e-07
2532.5, 2.6565e-07
2534.5, 2.6558e-07
2536.5, 2.6551e-07
2538.5, 2.6543e-07
2540.5, 2.6536e-07
2542.5, 2.6529e-07
2544.5, 2.6522e-07
2546.5, 2.6514e-07
2548.5, 2.6507e-07
2550.5, 2.65e-07
2552.5, 2.6494e-07
2554.6, 2.6487e-07
2556.6, 2.648e-07
2558.6, 2.6473e-07
2560.6, 2.6466e-07
2562.6, 2.646e-07
2564.6, 2.6453e-07
2566.6, 2.6446e-07
2568.6, 2.6439e-07
2570.6, 2.6433e-07
2572.6, 2.6426e-07
2574.6, 2.642e-07
2576.6, 2.6413e-07
2578.6, 2.6407e-07
2580.6, 2.64e-07
2582.6, 2.6393e-07
2584.6, 2.6387e-07
2586.6, 2.6379e-07
2588.6, 2.6373e-07
2590.6, 2.6366e-07
2592.6, 2.636e-07
2594.6, 2.6353e-07
2596.6, 2.6346e-07
2598.6, 2.634e-07
2600.6, 2.6334e-07
2602.6, 2.6327e-07
2604.6, 2.6321e-07
2606.6, 2.6314e-07
2608.6, 2.6307e-07
2610.6, 2.63e-07
2612.6, 2.6293e-07
2614.6, 2.6286e-07
2616.6, 2.6279e-07
2618.6, 2.6273e-07
2620.6, 2.6266e-07
2622.6, 2.6259e-07
2624.6, 2.6252e-07
2626.6, 2.6244e-07
2628.6, 2.6237e-07
2630.6, 2.623e-07
2632.6, 2.6223e-07
2634.6, 2.6216e-07
2636.6, 2.6209e-07
2638.6, 2.6202e-07
2640.6, 2.6195e-07
2642.6, 2.6187e-07
2644.6, 2.618e-07
2646.6, 2.6172e-07
2648.6, 2.6164e-07
2650.6, 2.6156e-07
2652.6, 2.615e-07
2654.7, 2.6143e-07
2656.7, 2.6135e-07
2658.7, 2.6126e-07
2660.7, 2.6119e-07
2662.7, 2.6112e-07
2664.7, 2.6105e-07
2666.7, 2.6097e-07
2668.7, 2.609e-07
2670.7, 2.6083e-07
2672.7, 2.6076e-07
2674.7, 2.607e-07
2676.7, 2.6062e-07
2678.7, 2.6055e-07
2680.7, 2.6049e-07
2682.7, 2.6042e-07
2684.7, 2.6035e-07
2686.7, 2.6028e-07
2688.7, 2.6021e-07
2690.7, 2.6014e-07
2692.7, 2.6006e-07
2694.7, 2.5999e-07
2696.7, 2.5991e-07
2698.7, 2.5983e-07
2700.7, 2.5975e-07
2702.7, 2.5968e-07
2704.7, 2.596e-07
2706.7, 2.5953e-07
2708.7, 2.5946e-07
2710.7, 2.5939e-07
2712.7, 2.5931e-07
2714.7, 2.5924e-07
2716.7, 2.5917e-07
2718.7, 2.5911e-07
2720.7, 2.5904e-07
2722.7, 2.5897e-07
2724.7, 2.589e-07
2726.7, 2.5883e-07
2728.7, 2.5876e-07
2730.7, 2.5869e-07
2732.7, 2.5862e-07
2734.7, 2.5855e-07
2736.7, 2.5847e-07
2738.7, 2.584e-07
2740.7, 2.5833e-07
2742.7, 2.5826e-07
2744.7, 2.5819e-07
2746.7, 2.5813e-07
2748.7, 2.5806e-07
2750.7, 2.5799e-07
2752.7, 2.5793e-07
2754.8, 2.5786e-07
2756.8, 2.578e-07
2758.8, 2.5773e-07
2760.8, 2.5766e-07
2762.8, 2.5759e-07
2764.8, 2.5753e-07
2766.8, 2.5746e-07
2768.8, 2.5739e-07
2770.8, 2.5731e-07
2772.8, 2.5724e-07
2774.8, 2.5717e-07
2776.8, 2.571e-07
2778.8, 2.5703e-07
2780.8, 2.5696e-07
2782.8, 2.5689e-07
2784.8, 2.5683e-07
2786.8, 2.5676e-07
2788.8, 2.5669e-07
2790.8, 2.5662e-07
2792.8, 2.5655e-07
2794.8, 2.5648e-07
2796.8, 2.5641e-07
2798.8, 2.5634e-07
2800.8, 2.5627e-07
2802.8, 2.5621e-07
2804.8, 2.5613e-07
2806.8, 2.5606e-07
2808.8, 2.5599e-07
2810.8, 2.5592e-07
2812.8, 2.5585e-07
2814.8, 2.5578e-07
2816.8, 2.5571e-07
2818.8, 2.5563e-07
2820.8, 2.5556e-07
2822.8, 2.5549e-07
2824.8, 2.5543e-07
2826.8, 2.5536e-07
2828.8, 2.5529e-07
2830.8, 2.5523e-07
2832.8, 2.5517e-07
2834.8, 2.551e-07
2836.8, 2.5503e-07
2838.8, 2.5497e-07
2840.8, 2.5491e-07
2842.8, 2.5483e-07
2844.8, 2.5476e-07
2846.8, 2.547e-07
2848.8, 2.5463e-07
2850.8, 2.5455e-07
2852.8, 2.5449e-07
2854.9, 2.5441e-07
2856.9, 2.5434e-07
2858.9, 2.5427e-07
2860.9, 2.542e-07
2862.9, 2.5413e-07
2864.9, 2.5406e-07
2866.9, 2.5399e-07
2868.9, 2.5393e-07
2870.9, 2.5387e-07
2872.9, 2.538e-07
2874.9, 2.5373e-07
2876.9, 2.5366e-07
2878.9, 2.5359e-07
2880.9, 2.5353e-07
2882.9, 2.5346e-07
2884.9, 2.5339e-07
2886.9, 2.5332e-07
2888.9, 2.5326e-07
2890.9, 2.5319e-07
2892.9, 2.5313e-07
2894.9, 2.5306e-07
2896.9, 2.5299e-07
2898.9, 2.5291e-07
2900.9, 2.5284e-07
2902.9, 2.5277e-07
2904.9, 2.5271e-07
2906.9, 2.5264e-07
2908.9, 2.5258e-07
2910.9, 2.5251e-07
2912.9, 2.5245e-07
2914.9, 2.5239e-07
2916.9, 2.5233e-07
2918.9, 2.5227e-07
2920.9, 2.5221e-07
2922.9, 2.5214e-07
2924.9, 2.5208e-07
2926.9, 2.5201e-07
2928.9, 2.5195e-07
2930.9, 2.5188e-07
2932.9, 2.5182e-07
2934.9, 2.5175e-07
2936.9, 2.5168e-07
2938.9, 2.5162e-07
2940.9, 2.5155e-07
2942.9, 2.5149e-07
2944.9, 2.5142e-07
2946.9, 2.5135e-07
2948.9, 2.5128e-07
2950.9, 2.5122e-07
2952.9, 2.5116e-07
2955.0, 2.5109e-07
2957.0, 2.5102e-07
2959.0, 2.5095e-07
2961.0, 2.5089e-07
2963.0, 2.5083e-07
2965.0, 2.5077e-07
2967.0, 2.507e-07
2969.0, 2.5064e-07
2971.0, 2.5058e-07
2973.0, 2.5052e-07
2975.0, 2.5045e-07
2977.0, 2.5038e-07
2979.0, 2.5032e-07
2981.0, 2.5025e-07
2983.0, 2.5019e-07
2985.0, 2.5012e-07
2987.0, 2.5005e-07
2989.0, 2.4998e-07
2991.0, 2.4991e-07
2993.0, 2.4983e-07
2995.0, 2.4976e-07
2997.0, 2.4969e-07
2999.0, 2.4963e-07
3001.0, 2.4956e-07
3003.0, 2.495e-07
3005.0, 2.4944e-07
3007.0, 2.4937e-07
3009.0, 2.4931e-07
3011.0, 2.4924e-07
3013.0, 2.4917e-07
3015.0, 2.491e-07
3017.0, 2.4903e-07
3019.0, 2.4896e-07
3021.0, 2.4889e-07
3023.0, 2.4883e-07
3025.0, 2.4876e-07
3027.0, 2.487e-07
3029.0, 2.4863e-07
3031.0, 2.4856e-07
3033.0, 2.4848e-07
3035.0, 2.4841e-07
3037.0, 2.4834e-07
3039.0, 2.4826e-07
3041.0, 2.4819e-07
3043.0, 2.4813e-07
3045.0, 2.4806e-07
3047.0, 2.4799e-07
3049.0, 2.4792e-07
3051.0, 2.4786e-07
3053.0, 2.4779e-07
3055.1, 2.4772e-07
3057.1, 2.4765e-07
3059.1, 2.4758e-07
3061.1, 2.4751e-07
3063.1, 2.4744e-07
3065.1, 2.4737e-07
3067.1, 2.473e-07
3069.1, 2.4724e-07
3071.1, 2.4717e-07
3073.1, 2.4711e-07
3075.1, 2.4705e-07
3077.1, 2.4698e-07
3079.1, 2.4723e-07
3081.1, 2.4785e-07
3083.1, 2.4842e-07
3085.1, 2.4897e-07
3087.1, 2.495e-07
3089.1, 2.5002e-07
3091.1, 2.5059e-07
3093.1, 2.5116e-07
3095.1, 2.5176e-07
3097.1, 2.5241e-07
3099.1, 2.5299e-07
3101.1, 2.5358e-07
3103.1, 2.5415e-07
3105.1, 2.5475e-07
3107.1, 2.5537e-07
3109.1, 2.5593e-07
3111.1, 2.5644e-07
3113.1, 2.5697e-07
3115.1, 2.5755e-07
3117.1, 2.5819e-07
3119.1, 2.5877e-07
3121.1, 2.5936e-07
3123.1, 2.5996e-07
3125.1, 2.6052e-07
3127.1, 2.6104e-07
3129.1, 2.6161e-07
3131.1, 2.6218e-07
3133.1, 2.6274e-07
3135.1, 2.6338e-07
3137.1, 2.6398e-07
3139.1, 2.6457e-07
3141.1, 2.652e-07
3143.1, 2.6585e-07
3145.1, 2.6648e-07
3147.1, 2.6707e-07
3149.1, 2.6768e-07
3151.1, 2.6827e-07
3153.1, 2.6885e-07
3155.2, 2.6941e-07
3157.2, 2.6998e-07
3159.2, 2.7056e-07
3161.2, 2.7123e-07
3163.2, 2.7188e-07
3165.2, 2.7252e-07
3167.2, 2.7312e-07
3169.2, 2.7372e-07
3171.2, 2.7439e-07
3173.2, 2.7508e-07
3175.2, 2.7575e-07
3177.2, 2.7633e-07
3179.2, 2.7698e-07
3181.2, 2.7756e-07
3183.2, 2.7819e-07
3185.2, 2.7888e-07
3187.2, 2.7954e-07
3189.2, 2.801e-07
3191.2, 2.8072e-07
3193.2, 2.8135e-07
3195.2, 2.82e-07
3197.2, 2.826e-07
3199.2, 2.8317e-07
3201.2, 2.8374e-07
3203.2, 2.8435e-07
3205.2, 2.8494e-07
3207.2, 2.8553e-07
3209.2, 2.8619e-07
3211.2, 2.8685e-07
3213.2, 2.8746e-07
3215.2, 2.8808e-07
3217.2, 2.8872e-07
3219.2, 2.8935e-07
3221.2, 2.8999e-07
3223.2, 2.9059e-07
3225.2, 2.9117e-07
3227.2, 2.9184e-07
3229.2, 2.9254e-07
3231.2, 2.9318e-07
3233.2, 2.938e-07
3235.2, 2.9447e-07
3237.2, 2.9513e-07
3239.2, 2.9572e-07
3241.2, 2.9634e-07
3243.2, 2.9692e-07
3245.2, 2.9757e-07
3247.2, 2.9817e-07
3249.2, 2.9882e-07
3251.2, 2.9947e-07
3253.2, 3.0013e-07
3255.3, 3.0078e-07
3257.3, 3.0142e-07
3259.3, 3.0202e-07
3261.3, 3.0267e-07
3263.3, 3.0335e-07
3265.3, 3.0401e-07
3267.3, 3.046e-07
3269.3, 3.0521e-07
3271.3, 3.0581e-07
3273.3, 3.0641e-07
3275.3, 3.07e-07
3277.3, 3.0755e-07
3279.3, 3.0819e-07
3281.3, 3.088e-07
3283.3, 3.0941e-07
3285.3, 3.1002e-07
3287.3, 3.107e-07
3289.3, 3.1132e-07
3291.3, 3.1194e-07
3293.3, 3.1257e-07
3295.3, 3.1322e-07
3297.3, 3.1391e-07
3299.3, 3.1457e-07
3301.3, 3.1523e-07
3303.3, 3.1591e-07
3305.3, 3.1655e-07
3307.3, 3.1727e-07
3309.3, 3.1796e-07
3311.3, 3.1857e-07
3313.3, 3.191e-07
3315.3, 3.1967e-07
3317.3, 3.2029e-07
3319.3, 3.2095e-07
3321.3, 3.2159e-07
3323.3, 3.2223e-07
3325.3, 3.2283e-07
3327.3, 3.2349e-07
3329.3, 3.2413e-07
3331.3, 3.2473e-07
3333.3, 3.2536e-07
3335.3, 3.2601e-07
3337.3, 3.2665e-07
3339.3, 3.2729e-07
3341.3, 3.2792e-07
3343.3, 3.2854e-07
3345.3, 3.2924e-07
3347.3, 3.2985e-07
3349.3, 3.3046e-07
3351.3, 3.3114e-07
3353.3, 3.3179e-07
3355.4, 3.3241e-07
3357.4, 3.3306e-07
3359.4, 3.3374e-07
3361.4, 3.3436e-07
3363.4, 3.3501e-07
3365.4, 3.3571e-07
3367.4, 3.3632e-07
3369.4, 3.3693e-07
3371.4, 3.3759e-07
3373.4, 3.3826e-07
3375.4, 3.3889e-07
3377.4, 3.3953e-07
3379.4, 3.402e-07
3381.4, 3.4092e-07
3383.4, 3.4155e-07
3385.4, 3.4217e-07
3387.4, 3.4287e-07
3389.4, 3.4353e-07
3391.4, 3.4426e-07
3393.4, 3.4489e-07
3395.4, 3.455e-07
3397.4, 3.461e-07
3399.4, 3.4672e-07
3401.4, 3.4734e-07
3403.4, 3.48e-07
3405.4, 3.486e-07
3407.4, 3.4916e-07
3409.4, 3.4977e-07
3411.4, 3.5048e-07
3413.4, 3.5115e-07
3415.4, 3.5176e-07
3417.4, 3.5249e-07
3419.4, 3.5315e-07
3421.4, 3.5378e-07
3423.4, 3.5444e-07
3425.4, 3.551e-07
3427.4, 3.557e-07
3429.4, 3.5631e-07
3431.4, 3.5695e-07
3433.4, 3.5757e-07
3435.4, 3.5826e-07
3437.4, 3.5895e-07
3439.4, 3.5967e-07
3441.4, 3.6041e-07
3443.4, 3.6098e-07
3445.4, 3.6159e-07
3447.4, 3.6228e-07
3449.4, 3.63e-07
3451.4, 3.6371e-07
3453.4, 3.6438e-07
3455.5, 3.6503e-07
3457.5, 3.657e-07
3459.5, 3.6635e-07
3461.5, 3.6693e-07
3463.5, 3.6758e-07
3465.5, 3.6823e-07
3467.5, 3.6888e-07
3469.5, 3.6952e-07
3471.5, 3.7017e-07
3473.5, 3.7084e-07
3475.5, 3.7155e-07
3477.5, 3.7222e-07
3479.5, 3.7295e-07
3481.5, 3.737e-07
3483.5, 3.7437e-07
3485.5, 3.7506e-07
3487.5, 3.757e-07
3489.5, 3.7638e-07
3491.5, 3.77e-07
3493.5, 3.7763e-07
3495.5, 3.7827e-07
3497.5, 3.7889e-07
3499.5, 3.7956e-07
3501.5, 3.8022e-07
3503.5, 3.809e-07
3505.5, 3.8155e-07
3507.5, 3.8222e-07
3509.5, 3.8292e-07
3511.5, 3.8355e-07
3513.5, 3.8424e-07
3515.5, 3.8496e-07
3517.5, 3.8562e-07
3519.5, 3.8629e-07
3521.5, 3.8699e-07
3523.5, 3.8765e-07
3525.5, 3.8827e-07
3527.5, 3.8895e-07
3529.5, 3.8958e-07
3531.5, 3.9021e-07
3533.5, 3.9088e-07
3535.5, 3.915e-07
3537.5, 3.922e-07
3539.5, 3.9283e-07
3541.5, 3.9351e-07
3543.5, 3.9413e-07
3545.5, 3.9473e-07
3547.5, 3.954e-07
3549.5, 3.9604e-07
3551.5, 3.9673e-07
3553.5, 3.974e-07
3555.6, 3.9805e-07
3557.6, 3.9869e-07
3559.6, 3.9939e-07
3561.6, 4.0005e-07
3563.6, 4.007e-07
3565.6, 4.0137e-07
3567.6, 4.0201e-07
3569.6, 4.027e-07
3571.6, 4.0343e-07
3573.6, 4.0418e-07
3575.6, 4.0494e-07
3577.6, 4.0566e-07
3579.6, 4.0636e-07
3581.6, 4.0703e-07
3583.6, 4.0775e-07
3585.6, 4.084e-07
3587.6, 4.09e-07
3589.6, 4.0961e-07
3591.6, 4.1028e-07
3593.6, 4.1094e-07
3595.6, 4.1153e-07
3597.6, 4.1215e-07
3599.6, 4.1286e-07
3601.6, 4.1354e-07
3603.6, 4.1423e-07
3605.6, 4.1491e-07
3607.6, 4.1555e-07
3609.6, 4.1625e-07
3611.6, 4.1689e-07
3613.6, 4.1757e-07
3615.6, 4.1824e-07
3617.6, 4.1897e-07
3619.6, 4.1966e-07
3621.6, 4.2033e-07
3623.6, 4.2094e-07
3625.6, 4.2154e-07
3627.6, 4.2212e-07
3629.6, 4.2277e-07
3631.6, 4.2351e-07
3633.6, 4.2422e-07
3635.6, 4.2484e-07
3637.6, 4.2551e-07
3639.6, 4.262e-07
3641.6, 4.2694e-07
3643.6, 4.276e-07
3645.6, 4.2826e-07
3647.6, 4.289e-07
3649.6, 4.2955e-07
3651.6, 4.3024e-07
3653.6, 4.3092e-07
3655.7, 4.316e-07
3657.7, 4.3219e-07
3659.7, 4.3284e-07
3661.7, 4.3352e-07
3663.7, 4.3423e-07
3665.7, 4.3488e-07
3667.7, 4.3549e-07
3669.7, 4.3608e-07
3671.7, 4.3672e-07
3673.7, 4.3742e-07
3675.7, 4.3808e-07
3677.7, 4.3875e-07
3679.7, 4.3941e-07
3681.7, 4.4008e-07
3683.7, 4.4074e-07
3685.7, 4.414e-07
3687.7, 4.4207e-07
3689.7, 4.4264e-07
3691.7, 4.4336e-07
3693.7, 4.4403e-07
3695.7, 4.4468e-07
3697.7, 4.4538e-07
3699.7, 4.4605e-07
3701.7, 4.4668e-07
3703.7, 4.4737e-07
3705.7, 4.4805e-07
3707.7, 4.4873e-07
3709.7, 4.494e-07
3711.7, 4.5005e-07
3713.7, 4.5076e-07
3715.7, 4.5136e-07
3717.7, 4.52e-07
3719.7, 4.5273e-07
3721.7, 4.5343e-07
3723.7, 4.5407e-07
3725.7, 4.5473e-07
3727.7, 4.5543e-07
3729.7, 4.5607e-07
3731.7, 4.5667e-07
3733.7, 4.573e-07
3735.7, 4.5796e-07
3737.7, 4.5855e-07
3739.7, 4.5917e-07
3741.7, 4.5979e-07
3743.7, 4.6047e-07
3745.7, 4.6114e-07
3747.7, 4.618e-07
3749.7, 4.6249e-07
3751.7, 4.6317e-07
3753.7, 4.6381e-07
3755.8, 4.6449e-07
3757.8, 4.6515e-07
3759.8, 4.6581e-07
3761.8, 4.6648e-07
3763.8, 4.6713e-07
3765.8, 4.6774e-07
3767.8, 4.6835e-07
3769.8, 4.6902e-07
3771.8, 4.6963e-07
3773.8, 4.7026e-07
3775.8, 4.7089e-07
3777.8, 4.7155e-07
3779.8, 4.7229e-07
3781.8, 4.7293e-07
3783.8, 4.7357e-07
3785.8, 4.7429e-07
3787.8, 4.7493e-07
3789.8, 4.7558e-07
3791.8, 4.7621e-07
3793.8, 4.7684e-07
3795.8, 4.7744e-07
3797.8, 4.7809e-07
3799.8, 4.7873e-07
3801.8, 4.7941e-07
3803.8, 4.8001e-07
3805.8, 4.8067e-07
3807.8, 4.8138e-07
3809.8, 4.8208e-07
3811.8, 4.8273e-07
3813.8, 4.8338e-07
3815.8, 4.8407e-07
3817.8, 4.8481e-07
3819.8, 4.8552e-07
3821.8, 4.8617e-07
3823.8, 4.8683e-07
3825.8, 4.8753e-07
3827.8, 4.882e-07
3829.8, 4.889e-07
3831.8, 4.8963e-07
3833.8, 4.9045e-07
3835.8, 4.9116e-07
3837.8, 4.9183e-07
3839.8, 4.9252e-07
3841.8, 4.9318e-07
3843.8, 4.938e-07
3845.8, 4.9446e-07
3847.8, 4.9518e-07
3849.8, 4.9593e-07
3851.8, 4.9665e-07
3853.8, 4.9738e-07
3855.9, 4.9812e-07
3857.9, 4.9881e-07
3859.9, 4.9941e-07
3861.9, 5.0006e-07
3863.9, 5.008e-07
3865.9, 5.0144e-07
3867.9, 5.0205e-07
3869.9, 5.0264e-07
3871.9, 5.033e-07
3873.9, 5.04e-07
3875.9, 5.0471e-07
3877.9, 5.0534e-07
3879.9, 5.0603e-07
3881.9, 5.0671e-07
3883.9, 5.0733e-07
3885.9, 5.0796e-07
3887.9, 5.0867e-07
3889.9, 5.0933e-07
3891.9, 5.1001e-07
3893.9, 5.1063e-07
3895.9, 5.1129e-07
3897.9, 5.1192e-07
3899.9, 5.1255e-07
3901.9, 5.1322e-07
3903.9, 5.1398e-07
3905.9, 5.1466e-07
3907.9, 5.1536e-07
3909.9, 5.1599e-07
3911.9, 5.1668e-07
3913.9, 5.1738e-07
3915.9, 5.1804e-07
3917.9, 5.1867e-07
3919.9, 5.1931e-07
3921.9, 5.1998e-07
3923.9, 5.2055e-07
3925.9, 5.2116e-07
3927.9, 5.2184e-07
3929.9, 5.226e-07
3931.9, 5.2332e-07
3933.9, 5.2402e-07
3935.9, 5.2469e-07
3937.9, 5.2534e-07
3939.9, 5.2609e-07
3941.9, 5.2683e-07
3943.9, 5.2745e-07
3945.9, 5.281e-07
3947.9, 5.288e-07
3949.9, 5.2947e-07
3951.9, 5.3017e-07
3953.9, 5.308e-07
3956.0, 5.3145e-07
3958.0, 5.3213e-07
3960.0, 5.3285e-07
3962.0, 5.3354e-07
3964.0, 5.3422e-07
3966.0, 5.3498e-07
3968.0, 5.3567e-07
3970.0, 5.3632e-07
3972.0, 5.3704e-07
3974.0, 5.377e-07
3976.0, 5.3829e-07
3978.0, 5.3903e-07
3980.0, 5.3965e-07
3982.0, 5.4032e-07
3984.0, 5.4103e-07
3986.0, 5.4169e-07
3988.0, 5.4234e-07
3990.0, 5.4298e-07
3992.0, 5.4358e-07
3994.0, 5.4421e-07
3996.0, 5.4489e-07
3998.0, 5.4561e-07
4000.0, 5.4633e-07
4002.0, 5.4703e-07
4004.0, 5.4782e-07
4006.0, 5.4844e-07
4008.0, 5.4914e-07
4010.0, 5.4988e-07
4012.0, 5.5065e-07
4014.0, 5.5133e-07
4016.0, 5.5198e-07
4018.0, 5.5271e-07
4020.0, 5.533e-07
4022.0, 5.5396e-07
4024.0, 5.5466e-07
4026.0, 5.5529e-07
4028.0, 5.5592e-07
4030.0, 5.5668e-07
4032.0, 5.5743e-07
4034.0, 5.5809e-07
4036.0, 5.5876e-07
4038.0, 5.5944e-07
4040.0, 5.6007e-07
4042.0, 5.6074e-07
4044.0, 5.6148e-07
4046.0, 5.6211e-07
4048.0, 5.6277e-07
4050.0, 5.6348e-07
4052.0, 5.6419e-07
4054.0, 5.6484e-07
4056.1, 5.655e-07
4058.1, 5.6616e-07
4060.1, 5.6682e-07
4062.1, 5.675e-07
4064.1, 5.6816e-07
4066.1, 5.6884e-07
4068.1, 5.6951e-07
4070.1, 5.7024e-07
4072.1, 5.7095e-07
4074.1, 5.7167e-07
4076.1, 5.7234e-07
4078.1, 5.7302e-07
4080.1, 5.7336e-07
4082.1, 5.7331e-07
4084.1, 5.7325e-07
4086.1, 5.7319e-07
4088.1, 5.7314e-07
4090.1, 5.7308e-07
4092.1, 5.7303e-07
4094.1, 5.7298e-07
4096.1, 5.7292e-07
4098.1, 5.7285e-07
4100.1, 5.7279e-07
4102.1, 5.7274e-07
4104.1, 5.7268e-07
4106.1, 5.7262e-07
4108.1, 5.7255e-07
4110.1, 5.725e-07
4112.1, 5.7244e-07
4114.1, 5.7238e-07
4116.1, 5.7232e-07
4118.1, 5.7226e-07
4120.1, 5.722e-07
4122.1, 5.7215e-07
4124.1, 5.7209e-07
4126.1, 5.7202e-07
4128.1, 5.7196e-07
4130.1, 5.719e-07
4132.1, 5.7185e-07
4134.1, 5.7178e-07
4136.1, 5.7172e-07
4138.1, 5.7165e-07
4140.1, 5.7159e-07
4142.1, 5.7153e-07
4144.1, 5.7147e-07
4146.1, 5.7141e-07
4148.1, 5.7134e-07
4150.1, 5.7129e-07
4152.1, 5.7123e-07
4154.1, 5.7117e-07
4156.2, 5.7111e-07
4158.2, 5.7104e-07
4160.2, 5.7098e-07
4162.2, 5.7092e-07
4164.2, 5.7086e-07
4166.2, 5.708e-07
4168.2, 5.7074e-07
4170.2, 5.7069e-07
4172.2, 5.7063e-07
4174.2, 5.7058e-07
4176.2, 5.7052e-07
4178.2, 5.7046e-07
4180.2, 5.7039e-07
4182.2, 5.7033e-07
4184.2, 5.7026e-07
4186.2, 5.7019e-07
4188.2, 5.7013e-07
4190.2, 5.7006e-07
4192.2, 5.7e-07
4194.2, 5.6995e-07
4196.2, 5.6989e-07
4198.2, 5.6983e-07
4200.2, 5.6977e-07
4202.2, 5.697e-07
4204.2, 5.6965e-07
4206.2, 5.6958e-07
4208.2, 5.6952e-07
4210.2, 5.6946e-07
4212.2, 5.694e-07
4214.2, 5.6934e-07
4216.2, 5.6928e-07
4218.2, 5.6922e-07
4220.2, 5.6916e-07
4222.2, 5.691e-07
4224.2, 5.6905e-07
4226.2, 5.6899e-07
4228.2, 5.6893e-07
4230.2, 5.6887e-07
4232.2, 5.6881e-07
4234.2, 5.6874e-07
4236.2, 5.6868e-07
4238.2, 5.6862e-07
4240.2, 5.6856e-07
4242.2, 5.685e-07
4244.2, 5.6843e-07
4246.2, 5.6837e-07
4248.2, 5.6831e-07
4250.2, 5.6824e-07
4252.2, 5.6817e-07
4254.2, 5.6811e-07
4256.3, 5.6805e-07
4258.3, 5.6799e-07
4260.3, 5.6792e-07
4262.3, 5.6786e-07
4264.3, 5.6781e-07
4266.3, 5.6775e-07
4268.3, 5.6768e-07
4270.3, 5.6762e-07
4272.3, 5.6756e-07
4274.3, 5.675e-07
4276.3, 5.6743e-07
4278.3, 5.6736e-07
4280.3, 5.673e-07
4282.3, 5.6723e-07
4284.3, 5.6717e-07
4286.3, 5.671e-07
4288.3, 5.6703e-07
4290.3, 5.6697e-07
4292.3, 5.6691e-07
4294.3, 5.6685e-07
4296.3, 5.6679e-07
4298.3, 5.6672e-07
4300.3, 5.6667e-07
4302.3, 5.6661e-07
4304.3, 5.6655e-07
4306.3, 5.6649e-07
4308.3, 5.6643e-07
4310.3, 5.6637e-07
4312.3, 5.6631e-07
4314.3, 5.6625e-07
4316.3, 5.662e-07
4318.3, 5.6615e-07
4320.3, 5.6609e-07
4322.3, 5.6604e-07
4324.3, 5.6598e-07
4326.3, 5.6592e-07
4328.3, 5.6587e-07
4330.3, 5.6581e-07
4332.3, 5.6576e-07
4334.3, 5.657e-07
4336.3, 5.6565e-07
4338.3, 5.656e-07
4340.3, 5.6554e-07
4342.3, 5.6549e-07
4344.3, 5.6543e-07
4346.3, 5.6538e-07
4348.3, 5.6533e-07
4350.3, 5.6528e-07
4352.3, 5.6523e-07
4354.3, 5.6517e-07
4356.4, 5.6511e-07
4358.4, 5.6506e-07
4360.4, 5.65e-07
4362.4, 5.6494e-07
4364.4, 5.6488e-07
4366.4, 5.6483e-07
4368.4, 5.6478e-07
4370.4, 5.6472e-07
4372.4, 5.6466e-07
4374.4, 5.646e-07
4376.4, 5.6454e-07
4378.4, 5.6447e-07
4380.4, 5.6441e-07
4382.4, 5.6434e-07
4384.4, 5.6428e-07
4386.4, 5.6422e-07
4388.4, 5.6415e-07
4390.4, 5.641e-07
4392.4, 5.6404e-07
4394.4, 5.6398e-07
4396.4, 5.6393e-07
4398.4, 5.6387e-07
4400.4, 5.6381e-07
4402.4, 5.6374e-07
4404.4, 5.6368e-07
4406.4, 5.6362e-07
4408.4, 5.6354e-07
4410.4, 5.6348e-07
4412.4, 5.6341e-07
4414.4, 5.6335e-07
4416.4, 5.6328e-07
4418.4, 5.6321e-07
4420.4, 5.6314e-07
4422.4, 5.6308e-07
4424.4, 5.6301e-07
4426.4, 5.6295e-07
4428.4, 5.6289e-07
4430.4, 5.6283e-07
4432.4, 5.6277e-07
4434.4, 5.6271e-07
4436.4, 5.6264e-07
4438.4, 5.6257e-07
4440.4, 5.6252e-07
4442.4, 5.6246e-07
4444.4, 5.624e-07
4446.4, 5.6234e-07
4448.4, 5.6227e-07
4450.4, 5.6221e-07
4452.4, 5.6214e-07
4454.4, 5.6209e-07
4456.5, 5.6203e-07
4458.5, 5.6197e-07
4460.5, 5.6191e-07
4462.5, 5.6185e-07
4464.5, 5.6179e-07
4466.5, 5.6172e-07
4468.5, 5.6167e-07
4470.5, 5.6161e-07
4472.5, 5.6155e-07
4474.5, 5.615e-07
4476.5, 5.6144e-07
4478.5, 5.6138e-07
4480.5, 5.6132e-07
4482.5, 5.6126e-07
4484.5, 5.612e-07
4486.5, 5.6114e-07
4488.5, 5.6108e-07
4490.5, 5.6102e-07
4492.5, 5.6096e-07
4494.5, 5.609e-07
4496.5, 5.6084e-07
4498.5, 5.6078e-07
4500.5, 5.6071e-07
4502.5, 5.6066e-07
4504.5, 5.606e-07
4506.5, 5.6054e-07
4508.5, 5.6047e-07
4510.5, 5.6041e-07
4512.5, 5.6035e-07
4514.5, 5.6029e-07
4516.5, 5.6024e-07
4518.5, 5.6018e-07
4520.5, 5.6012e-07
4522.5, 5.6006e-07
4524.5, 5.6001e-07
4526.5, 5.5995e-07
4528.5, 5.5989e-07
4530.5, 5.5983e-07
4532.5, 5.5977e-07
4534.5, 5.5972e-07
4536.5, 5.5966e-07
4538.5, 5.596e-07
4540.5, 5.5954e-07
4542.5, 5.5948e-07
4544.5, 5.5942e-07
4546.5, 5.5936e-07
4548.5, 5.5929e-07
4550.5, 5.5923e-07
4552.5, 5.5918e-07
4554.5, 5.5913e-07
4556.6, 5.5907e-07
4558.6, 5.5901e-07
4560.6, 5.5895e-07
4562.6, 5.5889e-07
4564.6, 5.5884e-07
4566.6, 5.5877e-07
4568.6, 5.5872e-07
4570.6, 5.5866e-07
4572.6, 5.5861e-07
4574.6, 5.5856e-07
4576.6, 5.585e-07
4578.6, 5.5844e-07
4580.6, 5.5838e-07
4582.6, 5.5832e-07
4584.6, 5.5826e-07
4586.6, 5.582e-07
4588.6, 5.5814e-07
4590.6, 5.5809e-07
4592.6, 5.5803e-07
4594.6, 5.5797e-07
4596.6, 5.5791e-07
4598.6, 5.5784e-07
4600.6, 5.5778e-07
4602.6, 5.5771e-07
4604.6, 5.5765e-07
4606.6, 5.5758e-07
4608.6, 5.5753e-07
4610.6, 5.5747e-07
4612.6, 5.5742e-07
4614.6, 5.5735e-07
4616.6, 5.5729e-07
4618.6, 5.5723e-07
4620.6, 5.5717e-07
4622.6, 5.5711e-07
4624.6, 5.5704e-07
4626.6, 5.5698e-07
4628.6, 5.5692e-07
4630.6, 5.5686e-07
4632.6, 5.568e-07
4634.6, 5.5674e-07
4636.6, 5.5668e-07
4638.6, 5.5663e-07
4640.6, 5.5657e-07
4642.6, 5.5651e-07
4644.6, 5.5646e-07
4646.6, 5.564e-07
4648.6, 5.5634e-07
4650.6, 5.5628e-07
4652.6, 5.5622e-07
4654.6, 5.5616e-07
4656.7, 5.561e-07
4658.7, 5.5604e-07
4660.7, 5.5598e-07
4662.7, 5.5591e-07
4664.7, 5.5585e-07
4666.7, 5.5579e-07
4668.7, 5.5573e-07
4670.7, 5.5567e-07
4672.7, 5.5561e-07
4674.7, 5.5555e-07
4676.7, 5.5548e-07
4678.7, 5.5542e-07
4680.7, 5.5536e-07
4682.7, 5.5529e-07
4684.7, 5.5523e-07
4686.7, 5.5516e-07
4688.7, 5.5511e-07
4690.7, 5.5505e-07
4692.7, 5.55e-07
4694.7, 5.5494e-07
4696.7, 5.5488e-07
4698.7, 5.5483e-07
4700.7, 5.5478e-07
4702.7, 5.5472e-07
4704.7, 5.5466e-07
4706.7, 5.5459e-07
4708.7, 5.5452e-07
4710.7, 5.5446e-07
4712.7, 5.544e-07
4714.7, 5.5434e-07
4716.7, 5.5427e-07
4718.7, 5.5421e-07
4720.7, 5.5414e-07
4722.7, 5.5408e-07
4724.7, 5.5403e-07
4726.7, 5.5397e-07
4728.7, 5.5391e-07
4730.7, 5.5385e-07
4732.7, 5.5379e-07
4734.7, 5.5373e-07
4736.7, 5.5367e-07
4738.7, 5.5361e-07
4740.7, 5.5355e-07
4742.7, 5.5349e-07
4744.7, 5.5342e-07
4746.7, 5.5335e-07
4748.7, 5.5328e-07
4750.7, 5.5321e-07
4752.7, 5.5314e-07
4754.7, 5.5308e-07
4756.8, 5.5301e-07
4758.8, 5.5295e-07
4760.8, 5.5288e-07
4762.8, 5.5282e-07
4764.8, 5.5277e-07
4766.8, 5.527e-07
4768.8, 5.5264e-07
4770.8, 5.5258e-07
4772.8, 5.5252e-07
4774.8, 5.5246e-07
4776.8, 5.5239e-07
4778.8, 5.5233e-07
4780.8, 5.5227e-07
4782.8, 5.5221e-07
4784.8, 5.5214e-07
4786.8, 5.5208e-07
4788.8, 5.5202e-07
4790.8, 5.5196e-07
4792.8, 5.519e-07
4794.8, 5.5184e-07
4796.8, 5.5178e-07
4798.8, 5.5171e-07
4800.8, 5.5165e-07
4802.8, 5.5158e-07
4804.8, 5.5152e-07
4806.8, 5.5145e-07
4808.8, 5.5139e-07
4810.8, 5.5133e-07
4812.8, 5.5127e-07
4814.8, 5.5122e-07
4816.8, 5.5116e-07
4818.8, 5.5109e-07
4820.8, 5.5103e-07
4822.8, 5.5097e-07
4824.8, 5.5091e-07
4826.8, 5.5084e-07
4828.8, 5.5078e-07
4830.8, 5.5071e-07
4832.8, 5.5065e-07
4834.8, 5.5058e-07
4836.8, 5.5051e-07
4838.8, 5.5045e-07
4840.8, 5.5038e-07
4842.8, 5.5031e-07
4844.8, 5.5025e-07
4846.8, 5.5018e-07
4848.8, 5.5012e-07
4850.8, 5.5005e-07
4852.8, 5.4999e-07
4854.8, 5.4992e-07
4856.9, 5.4985e-07
4858.9, 5.4979e-07
4860.9, 5.4972e-07
4862.9, 5.4965e-07
4864.9, 5.4959e-07
4866.9, 5.4953e-07
4868.9, 5.4947e-07
4870.9, 5.4941e-07
4872.9, 5.4934e-07
4874.9, 5.4928e-07
4876.9, 5.4921e-07
4878.9, 5.4915e-07
4880.9, 5.4909e-07
4882.9, 5.4902e-07
4884.9, 5.4896e-07
4886.9, 5.4889e-07
4888.9, 5.4883e-07
4890.9, 5.4877e-07
4892.9, 5.4871e-07
4894.9, 5.4865e-07
4896.9, 5.4858e-07
4898.9, 5.4852e-07
4900.9, 5.4845e-07
4902.9, 5.4839e-07
4904.9, 5.4833e-07
4906.9, 5.4827e-07
4908.9, 5.4821e-07
4910.9, 5.4815e-07
4912.9, 5.4808e-07
4914.9, 5.4802e-07
4916.9, 5.4796e-07
4918.9, 5.479e-07
4920.9, 5.4785e-07
4922.9, 5.4778e-07
4924.9, 5.4772e-07
4926.9, 5.4766e-07
4928.9, 5.4759e-07
4930.9, 5.4753e-07
4932.9, 5.4746e-07
4934.9, 5.4739e-07
4936.9, 5.4732e-07
4938.9, 5.4725e-07
4940.9, 5.4719e-07
4942.9, 5.4712e-07
4944.9, 5.4705e-07
4946.9, 5.4698e-07
4948.9, 5.4691e-07
4950.9, 5.4684e-07
4952.9, 5.4678e-07
4954.9, 5.4671e-07
4957.0, 5.4664e-07
4959.0, 5.4658e-07
4961.0, 5.4651e-07
4963.0, 5.4644e-07
4965.0, 5.4637e-07
4967.0, 5.463e-07
4969.0, 5.4623e-07
4971.0, 5.4616e-07
4973.0, 5.4608e-07
4975.0, 5.4601e-07
4977.0, 5.4595e-07
4979.0, 5.4588e-07
4981.0, 5.4581e-07
4983.0, 5.4574e-07
4985.0, 5.4568e-07
4987.0, 5.4561e-07
4989.0, 5.4554e-07
4991.0, 5.4547e-07
4993.0, 5.4542e-07
4995.0, 5.4535e-07
4997.0, 5.4528e-07
4999.0, 5.4521e-07
5001.0, 5.4515e-07
5003.0, 5.4509e-07
5005.0, 5.4503e-07
5007.0, 5.4496e-07
5009.0, 5.449e-07
5011.0, 5.4483e-07
5013.0, 5.4477e-07
5015.0, 5.4471e-07
5017.0, 5.4465e-07
5019.0, 5.4458e-07
5021.0, 5.4452e-07
5023.0, 5.4445e-07
5025.0, 5.4439e-07
5027.0, 5.4432e-07
5029.0, 5.4425e-07
5031.0, 5.4419e-07
5033.0, 5.4412e-07
5035.0, 5.4405e-07
5037.0, 5.4399e-07
5039.0, 5.4392e-07
5041.0, 5.4385e-07
5043.0, 5.4378e-07
5045.0, 5.4372e-07
5047.0, 5.4365e-07
5049.0, 5.4358e-07
5051.0, 5.4351e-07
5053.0, 5.4345e-07
5055.0, 5.4338e-07
5057.1, 5.4332e-07
5059.1, 5.4325e-07
5061.1, 5.4318e-07
5063.1, 5.4312e-07
5065.1, 5.4306e-07
5067.1, 5.4299e-07
5069.1, 5.4293e-07
5071.1, 5.4287e-07
5073.1, 5.428e-07
5075.1, 5.4273e-07
5077.1, 5.4267e-07
5079.1, 5.426e-07
5081.1, 5.4253e-07
5083.1, 5.4247e-07
5085.1, 5.424e-07
5087.1, 5.4233e-07
5089.1, 5.4226e-07
5091.1, 5.4219e-07
5093.1, 5.4212e-07
5095.1, 5.4205e-07
5097.1, 5.4199e-07
5099.1, 5.4192e-07
5101.1, 5.4186e-07
5103.1, 5.4179e-07
5105.1, 5.4173e-07
5107.1, 5.4167e-07
5109.1, 5.416e-07
5111.1, 5.4153e-07
5113.1, 5.4146e-07
5115.1, 5.414e-07
5117.1, 5.4134e-07
5119.1, 5.4128e-07
5121.1, 5.4121e-07
5123.1, 5.4115e-07
5125.1, 5.4109e-07
5127.1, 5.4103e-07
5129.1, 5.4096e-07
5131.1, 5.4089e-07
5133.1, 5.4083e-07
5135.1, 5.4088e-07
5137.1, 5.4148e-07
5139.1, 5.4207e-07
5141.1, 5.4268e-07
5143.1, 5.4331e-07
5145.1, 5.4388e-07
5147.1, 5.4445e-07
5149.1, 5.4505e-07
5151.1, 5.4562e-07
5153.1, 5.4619e-07
5155.1, 5.4675e-07
5157.2, 5.4735e-07
5159.2, 5.4798e-07
5161.2, 5.4861e-07
5163.2, 5.4918e-07
5165.2, 5.4979e-07
5167.2, 5.504e-07
5169.2, 5.5106e-07
5171.2, 5.5165e-07
5173.2, 5.5227e-07
5175.2, 5.5279e-07
5177.2, 5.5329e-07
5179.2, 5.5384e-07
5181.2, 5.5442e-07
5183.2, 5.5502e-07
5185.2, 5.5562e-07
5187.2, 5.562e-07
5189.2, 5.5679e-07
5191.2, 5.5738e-07
5193.2, 5.5804e-07
5195.2, 5.5872e-07
5197.2, 5.5936e-07
5199.2, 5.6e-07
5201.2, 5.606e-07
5203.2, 5.612e-07
5205.2, 5.6194e-07
5207.2, 5.626e-07
5209.2, 5.6321e-07
5211.2, 5.6383e-07
5213.2, 5.6448e-07
5215.2, 5.651e-07
5217.2, 5.6565e-07
5219.2, 5.6624e-07
5221.2, 5.6687e-07
5223.2, 5.6748e-07
5225.2, 5.681e-07
5227.2, 5.6873e-07
5229.2, 5.6934e-07
5231.2, 5.6996e-07
5233.2, 5.7055e-07
5235.2, 5.712e-07
5237.2, 5.7183e-07
5239.2, 5.7245e-07
5241.2, 5.7314e-07
5243.2, 5.7379e-07
5245.2, 5.7443e-07
5247.2, 5.7508e-07
5249.2, 5.7574e-07
5251.2, 5.7643e-07
5253.2, 5.7709e-07
5255.2, 5.7781e-07
5257.3, 5.7845e-07
5259.3, 5.7903e-07
5261.3, 5.7966e-07
5263.3, 5.8033e-07
5265.3, 5.8102e-07
5267.3, 5.8164e-07
5269.3, 5.8223e-07
5271.3, 5.8288e-07
5273.3, 5.8344e-07
5275.3, 5.8401e-07
5277.3, 5.8461e-07
5279.3, 5.8522e-07
5281.3, 5.8581e-07
5283.3, 5.8642e-07
5285.3, 5.8703e-07
5287.3, 5.8766e-07
5289.3, 5.8837e-07
5291.3, 5.8907e-07
5293.3, 5.8968e-07
5295.3, 5.9033e-07
5297.3, 5.9104e-07
5299.3, 5.9171e-07
5301.3, 5.9232e-07
5303.3, 5.9293e-07
5305.3, 5.9359e-07
5307.3, 5.9428e-07
5309.3, 5.9492e-07
5311.3, 5.9565e-07
5313.3, 5.9632e-07
5315.3, 5.9694e-07
5317.3, 5.9756e-07
5319.3, 5.9822e-07
5321.3, 5.9887e-07
5323.3, 5.9952e-07
5325.3, 6.0012e-07
5327.3, 6.0082e-07
5329.3, 6.0149e-07
5331.3, 6.0207e-07
5333.3, 6.0273e-07
5335.3, 6.0337e-07
5337.3, 6.04e-07
5339.3, 6.0468e-07
5341.3, 6.0538e-07
5343.3, 6.0604e-07
5345.3, 6.0665e-07
5347.3, 6.0733e-07
5349.3, 6.0795e-07
5351.3, 6.0858e-07
5353.3, 6.0924e-07
5355.3, 6.0985e-07
5357.4, 6.105e-07
5359.4, 6.1113e-07
5361.4, 6.1178e-07
5363.4, 6.1247e-07
5365.4, 6.1313e-07
5367.4, 6.1384e-07
5369.4, 6.1442e-07
5371.4, 6.1508e-07
5373.4, 6.1576e-07
5375.4, 6.1644e-07
5377.4, 6.1706e-07
5379.4, 6.1769e-07
5381.4, 6.1825e-07
5383.4, 6.189e-07
5385.4, 6.1951e-07
5387.4, 6.2015e-07
5389.4, 6.2077e-07
5391.4, 6.2138e-07
5393.4, 6.2196e-07
5395.4, 6.2263e-07
5397.4, 6.2332e-07
5399.4, 6.2397e-07
5401.4, 6.2463e-07
5403.4, 6.2529e-07
5405.4, 6.2591e-07
5407.4, 6.2658e-07
5409.4, 6.2725e-07
5411.4, 6.2791e-07
5413.4, 6.2856e-07
5415.4, 6.2928e-07
5417.4, 6.3e-07
5419.4, 6.3065e-07
5421.4, 6.3129e-07
5423.4, 6.3195e-07
5425.4, 6.3266e-07
5427.4, 6.3333e-07
5429.4, 6.3402e-07
5431.4, 6.3458e-07
5433.4, 6.3533e-07
5435.4, 6.3606e-07
5437.4, 6.3674e-07
5439.4, 6.3741e-07
5441.4, 6.381e-07
5443.4, 6.3885e-07
5445.4, 6.3952e-07
5447.4, 6.4015e-07
5449.4, 6.408e-07
5451.4, 6.4145e-07
5453.4, 6.4215e-07
5455.4, 6.4283e-07
5457.5, 6.4347e-07
5459.5, 6.4416e-07
5461.5, 6.4484e-07
5463.5, 6.455e-07
5465.5, 6.462e-07
5467.5, 6.4684e-07
5469.5, 6.4752e-07
5471.5, 6.4819e-07
5473.5, 6.4885e-07
5475.5, 6.495e-07
5477.5, 6.5017e-07
5479.5, 6.5088e-07
5481.5, 6.516e-07
5483.5, 6.5225e-07
5485.5, 6.5292e-07
5487.5, 6.5361e-07
5489.5, 6.5425e-07
5491.5, 6.5488e-07
5493.5, 6.5555e-07
5495.5, 6.5625e-07
5497.5, 6.5694e-07
5499.5, 6.577e-07
5501.5, 6.5842e-07
5503.5, 6.5905e-07
5505.5, 6.5974e-07
5507.5, 6.6041e-07
5509.5, 6.611e-07
5511.5, 6.6171e-07
5513.5, 6.6237e-07
5515.5, 6.6307e-07
5517.5, 6.6374e-07
5519.5, 6.6439e-07
5521.5, 6.6501e-07
5523.5, 6.6567e-07
5525.5, 6.6637e-07
5527.5, 6.6708e-07
5529.5, 6.6772e-07
5531.5, 6.6838e-07
5533.5, 6.6907e-07
5535.5, 6.6972e-07
5537.5, 6.7041e-07
5539.5, 6.7108e-07
5541.5, 6.7176e-07
5543.5, 6.7243e-07
5545.5, 6.7308e-07
5547.5, 6.7379e-07
5549.5, 6.7454e-07
5551.5, 6.7527e-07
5553.5, 6.7603e-07
5555.5, 6.7677e-07
5557.6, 6.7744e-07
5559.6, 6.7807e-07
5561.6, 6.7871e-07
5563.6, 6.7936e-07
5565.6, 6.8007e-07
5567.6, 6.8071e-07
5569.6, 6.8136e-07
5571.6, 6.8202e-07
5573.6, 6.8269e-07
5575.6, 6.8337e-07
5577.6, 6.8409e-07
5579.6, 6.8474e-07
5581.6, 6.8536e-07
5583.6, 6.8602e-07
5585.6, 6.868e-07
5587.6, 6.8749e-07
5589.6, 6.8818e-07
5591.6, 6.8883e-07
5593.6, 6.8945e-07
5595.6, 6.9013e-07
5597.6, 6.9084e-07
5599.6, 6.9157e-07
5601.6, 6.9225e-07
5603.6, 6.9286e-07
5605.6, 6.9353e-07
5607.6, 6.943e-07
5609.6, 6.95e-07
5611.6, 6.9562e-07
5613.6, 6.963e-07
5615.6, 6.9699e-07
5617.6, 6.9763e-07
5619.6, 6.9832e-07
5621.6, 6.9901e-07
5623.6, 6.9974e-07
5625.6, 7.0047e-07
5627.6, 7.0116e-07
5629.6, 7.0181e-07
5631.6, 7.0247e-07
5633.6, 7.0315e-07
5635.6, 7.0389e-07
5637.6, 7.0463e-07
5639.6, 7.0536e-07
5641.6, 7.0598e-07
5643.6, 7.0665e-07
5645.6, 7.0736e-07
5647.6, 7.0799e-07
5649.6, 7.0866e-07
5651.6, 7.0931e-07
5653.6, 7.1002e-07
5655.6, 7.107e-07
5657.7, 7.1135e-07
5659.7, 7.1202e-07
5661.7, 7.127e-07
5663.7, 7.1339e-07
5665.7, 7.1408e-07
5667.7, 7.1476e-07
5669.7, 7.1542e-07
5671.7, 7.1606e-07
5673.7, 7.1674e-07
5675.7, 7.1742e-07
5677.7, 7.1807e-07
5679.7, 7.1874e-07
5681.7, 7.1939e-07
5683.7, 7.201e-07
5685.7, 7.208e-07
5687.7, 7.2146e-07
5689.7, 7.2217e-07
5691.7, 7.2296e-07
5693.7, 7.2368e-07
5695.7, 7.2439e-07
5697.7, 7.2501e-07
5699.7, 7.2568e-07
5701.7, 7.264e-07
5703.7, 7.2706e-07
5705.7, 7.2774e-07
5707.7, 7.2841e-07
5709.7, 7.2917e-07
5711.7, 7.299e-07
5713.7, 7.3055e-07
5715.7, 7.3118e-07
5717.7, 7.3184e-07
5719.7, 7.3251e-07
5721.7, 7.3322e-07
5723.7, 7.3386e-07
5725.7, 7.3453e-07
5727.7, 7.3518e-07
5729.7, 7.358e-07
5731.7, 7.3643e-07
5733.7, 7.3718e-07
5735.7, 7.3785e-07
5737.7, 7.3854e-07
5739.7, 7.3928e-07
5741.7, 7.3999e-07
5743.7, 7.407e-07
5745.7, 7.414e-07
5747.7, 7.4211e-07
5749.7, 7.4284e-07
5751.7, 7.4356e-07
5753.7, 7.4428e-07
5755.7, 7.4503e-07
5757.8, 7.4578e-07
5759.8, 7.4644e-07
5761.8, 7.4703e-07
5763.8, 7.4769e-07
5765.8, 7.4842e-07
5767.8, 7.4912e-07
5769.8, 7.4981e-07
5771.8, 7.5043e-07
5773.8, 7.5106e-07
5775.8, 7.5174e-07
5777.8, 7.5247e-07
5779.8, 7.5309e-07
5781.8, 7.5374e-07
5783.8, 7.5437e-07
5785.8, 7.55e-07
5787.8, 7.5567e-07
5789.8, 7.5634e-07
5791.8, 7.5701e-07
5793.8, 7.5768e-07
5795.8, 7.5834e-07
5797.8, 7.5904e-07
5799.8, 7.5973e-07
5801.8, 7.6044e-07
5803.8, 7.6114e-07
5805.8, 7.6187e-07
5807.8, 7.6259e-07
5809.8, 7.6329e-07
5811.8, 7.6396e-07
5813.8, 7.6461e-07
5815.8, 7.653e-07
5817.8, 7.6601e-07
5819.8, 7.6669e-07
5821.8, 7.6736e-07
5823.8, 7.6795e-07
5825.8, 7.6865e-07
5827.8, 7.6941e-07
5829.8, 7.7012e-07
5831.8, 7.7087e-07
5833.8, 7.7154e-07
5835.8, 7.7224e-07
5837.8, 7.729e-07
5839.8, 7.7355e-07
5841.8, 7.7431e-07
5843.8, 7.7501e-07
5845.8, 7.7566e-07
5847.8, 7.7631e-07
5849.8, 7.7701e-07
5851.8, 7.7769e-07
5853.8, 7.7833e-07
5855.8, 7.79e-07
5857.9, 7.7976e-07
5859.9, 7.8042e-07
5861.9, 7.8107e-07
5863.9, 7.8172e-07
5865.9, 7.8234e-07
5867.9, 7.83e-07
5869.9, 7.8367e-07
5871.9, 7.8433e-07
5873.9, 7.8507e-07
5875.9, 7.8571e-07
5877.9, 7.8639e-07
5879.9, 7.8703e-07
5881.9, 7.877e-07
5883.9, 7.8837e-07
5885.9, 7.8899e-07
5887.9, 7.8962e-07
5889.9, 7.9028e-07
5891.9, 7.9105e-07
5893.9, 7.9174e-07
5895.9, 7.9239e-07
5897.9, 7.9304e-07
5899.9, 7.9371e-07
5901.9, 7.9439e-07
5903.9, 7.9504e-07
5905.9, 7.9571e-07
5907.9, 7.9636e-07
5909.9, 7.9707e-07
5911.9, 7.9773e-07
5913.9, 7.9838e-07
5915.9, 7.9905e-07
5917.9, 7.9974e-07
5919.9, 8.0039e-07
5921.9, 8.0098e-07
5923.9, 8.016e-07
5925.9, 8.022e-07
5927.9, 8.0283e-07
5929.9, 8.0346e-07
5931.9, 8.0414e-07
5933.9, 8.0482e-07
5935.9, 8.0543e-07
5937.9, 8.0612e-07
5939.9, 8.0678e-07
5941.9, 8.0746e-07
5943.9, 8.0813e-07
5945.9, 8.088e-07
5947.9, 8.0944e-07
5949.9, 8.1012e-07
5951.9, 8.1086e-07
5953.9, 8.1157e-07
5955.9, 8.1229e-07
5958.0, 8.1297e-07
5960.0, 8.1362e-07
5962.0, 8.1432e-07
5964.0, 8.15e-07
5966.0, 8.1565e-07
5968.0, 8.163e-07
5970.0, 8.1697e-07
5972.0, 8.1764e-07
5974.0, 8.1834e-07
5976.0, 8.1902e-07
5978.0, 8.1969e-07
5980.0, 8.2041e-07
5982.0, 8.2118e-07
5984.0, 8.2191e-07
5986.0, 8.226e-07
5988.0, 8.2336e-07
5990.0, 8.2409e-07
5992.0, 8.2476e-07
5994.0, 8.254e-07
5996.0, 8.2608e-07
5998.0, 8.2676e-07
6000.0, 8.2745e-07
6002.0, 8.2811e-07
6004.0, 8.2876e-07
6006.0, 8.2943e-07
6008.0, 8.3009e-07
6010.0, 8.3076e-07
6012.0, 8.3152e-07
6014.0, 8.3216e-07
6016.0, 8.3285e-07
6018.0, 8.3357e-07
6020.0, 8.3426e-07
6022.0, 8.3495e-07
6024.0, 8.3568e-07
6026.0, 8.3641e-07
6028.0, 8.371e-07
6030.0, 8.3783e-07
6032.0, 8.3856e-07
6034.0, 8.3928e-07
6036.0, 8.3998e-07
6038.0, 8.4064e-07
6040.0, 8.4134e-07
6042.0, 8.4203e-07
6044.0, 8.4267e-07
6046.0, 8.4335e-07
6048.0, 8.4395e-07
6050.0, 8.4454e-07
6052.0, 8.4523e-07
6054.0, 8.459e-07
6056.0, 8.4659e-07
6058.1, 8.4732e-07
6060.1, 8.4804e-07
6062.1, 8.4868e-07
6064.1, 8.4932e-07
6066.1, 8.5007e-07
6068.1, 8.5081e-07
6070.1, 8.5144e-07
6072.1, 8.5205e-07
6074.1, 8.5269e-07
6076.1, 8.5334e-07
6078.1, 8.5399e-07
6080.1, 8.5465e-07
6082.1, 8.5542e-07
6084.1, 8.5617e-07
6086.1, 8.5689e-07
6088.1, 8.5755e-07
6090.1, 8.5818e-07
6092.1, 8.5883e-07
6094.1, 8.595e-07
6096.1, 8.6018e-07
6098.1, 8.609e-07
6100.1, 8.6152e-07
6102.1, 8.6223e-07
6104.1, 8.6289e-07
6106.1, 8.6362e-07
6108.1, 8.6438e-07
6110.1, 8.6513e-07
6112.1, 8.6583e-07
6114.1, 8.6654e-07
6116.1, 8.6721e-07
6118.1, 8.6782e-07
6120.1, 8.6847e-07
6122.1, 8.6911e-07
6124.1, 8.6974e-07
6126.1, 8.7041e-07
6128.1, 8.7117e-07
6130.1, 8.7185e-07
6132.1, 8.7255e-07
6134.1, 8.7324e-07
6136.1, 8.7379e-07
6138.1, 8.738e-07
6140.1, 8.7375e-07
6142.1, 8.7368e-07
6144.1, 8.7361e-07
6146.1, 8.7354e-07
6148.1, 8.7348e-07
6150.1, 8.7341e-07
6152.1, 8.7334e-07
6154.1, 8.7328e-07
6156.1, 8.732e-07
6158.2, 8.7313e-07
6160.2, 8.7306e-07
6162.2, 8.7299e-07
6164.2, 8.7292e-07
6166.2, 8.7285e-07
6168.2, 8.7279e-07
6170.2, 8.7272e-07
6172.2, 8.7265e-07
6174.2, 8.7258e-07
6176.2, 8.7251e-07
6178.2, 8.7245e-07
6180.2, 8.7238e-07
6182.2, 8.7231e-07
6184.2, 8.7224e-07
6186.2, 8.7218e-07
6188.2, 8.7211e-07
6190.2, 8.7204e-07
6192.2, 8.7197e-07
6194.2, 8.719e-07
6196.2, 8.7184e-07
6198.2, 8.7177e-07
6200.2, 8.717e-07
6202.2, 8.7163e-07
6204.2, 8.7156e-07
6206.2, 8.7149e-07
6208.2, 8.7141e-07
6210.2, 8.7134e-07
6212.2, 8.7128e-07
6214.2, 8.7121e-07
6216.2, 8.7114e-07
6218.2, 8.7107e-07
6220.2, 8.71e-07
6222.2, 8.7093e-07
6224.2, 8.7086e-07
6226.2, 8.708e-07
6228.2, 8.7073e-07
6230.2, 8.7066e-07
6232.2, 8.706e-07
6234.2, 8.7053e-07
6236.2, 8.7047e-07
6238.2, 8.704e-07
6240.2, 8.7033e-07
6242.2, 8.7026e-07
6244.2, 8.702e-07
6246.2, 8.7013e-07
6248.2, 8.7007e-07
6250.2, 8.7e-07
6252.2, 8.6993e-07
6254.2, 8.6987e-07
6256.2, 8.698e-07
6258.3, 8.6974e-07
6260.3, 8.6967e-07
6262.3, 8.6961e-07
6264.3, 8.6954e-07
6266.3, 8.6948e-07
6268.3, 8.6941e-07
6270.3, 8.6934e-07
6272.3, 8.6927e-07
6274.3, 8.692e-07
6276.3, 8.6912e-07
6278.3, 8.6905e-07
6280.3, 8.6897e-07
6282.3, 8.689e-07
6284.3, 8.6882e-07
6286.3, 8.6875e-07
6288.3, 8.6868e-07
6290.3, 8.6861e-07
6292.3, 8.6854e-07
6294.3, 8.6847e-07
6296.3, 8.684e-07
6298.3, 8.6833e-07
6300.3, 8.6826e-07
6302.3, 8.6819e-07
6304.3, 8.6813e-07
6306.3, 8.6806e-07
6308.3, 8.68e-07
6310.3, 8.6793e-07
6312.3, 8.6786e-07
6314.3, 8.678e-07
6316.3, 8.6773e-07
6318.3, 8.6765e-07
6320.3, 8.6758e-07
6322.3, 8.6751e-07
6324.3, 8.6744e-07
6326.3, 8.6738e-07
6328.3, 8.6731e-07
6330.3, 8.6723e-07
6332.3, 8.6716e-07
6334.3, 8.6709e-07
6336.3, 8.6701e-07
6338.3, 8.6693e-07
6340.3, 8.6686e-07
6342.3, 8.6678e-07
6344.3, 8.6671e-07
6346.3, 8.6664e-07
6348.3, 8.6656e-07
6350.3, 8.6649e-07
6352.3, 8.6643e-07
6354.3, 8.6636e-07
6356.3, 8.6629e-07
6358.4, 8.6622e-07
6360.4, 8.6615e-07
6362.4, 8.6608e-07
6364.4, 8.6601e-07
6366.4, 8.6593e-07
6368.4, 8.6586e-07
6370.4, 8.6579e-07
6372.4, 8.6572e-07
6374.4, 8.6564e-07
6376.4, 8.6557e-07
6378.4, 8.655e-07
6380.4, 8.6543e-07
6382.4, 8.6535e-07
6384.4, 8.6528e-07
6386.4, 8.6521e-07
6388.4, 8.6513e-07
6390.4, 8.6506e-07
6392.4, 8.6499e-07
6394.4, 8.6492e-07
6396.4, 8.6484e-07
6398.4, 8.6477e-07
6400.4, 8.6469e-07
6402.4, 8.6463e-07
6404.4, 8.6456e-07
6406.4, 8.6449e-07
6408.4, 8.6442e-07
6410.4, 8.6435e-07
6412.4, 8.6428e-07
6414.4, 8.6421e-07
6416.4, 8.6414e-07
6418.4, 8.6407e-07
6420.4, 8.6399e-07
6422.4, 8.6391e-07
6424.4, 8.6383e-07
6426.4, 8.6376e-07
6428.4, 8.6369e-07
6430.4, 8.6361e-07
6432.4, 8.6354e-07
6434.4, 8.6345e-07
6436.4, 8.6338e-07
6438.4, 8.633e-07
6440.4, 8.6322e-07
6442.4, 8.6314e-07
6444.4, 8.6307e-07
6446.4, 8.6299e-07
6448.4, 8.6292e-07
6450.4, 8.6284e-07
6452.4, 8.6277e-07
6454.4, 8.627e-07
6456.4, 8.6264e-07
6458.5, 8.6256e-07
6460.5, 8.6249e-07
6462.5, 8.6242e-07
6464.5, 8.6235e-07
6466.5, 8.6228e-07
6468.5, 8.6221e-07
6470.5, 8.6213e-07
6472.5, 8.6206e-07
6474.5, 8.6199e-07
6476.5, 8.6192e-07
6478.5, 8.6186e-07
6480.5, 8.6179e-07
6482.5, 8.6172e-07
6484.5, 8.6166e-07
6486.5, 8.616e-07
6488.5, 8.6153e-07
6490.5, 8.6145e-07
6492.5, 8.6138e-07
6494.5, 8.6132e-07
6496.5, 8.6125e-07
6498.5, 8.6118e-07
6500.5, 8.6111e-07
6502.5, 8.6105e-07
6504.5, 8.6098e-07
6506.5, 8.6092e-07
6508.5, 8.6085e-07
6510.5, 8.6078e-07
6512.5, 8.6071e-07
6514.5, 8.6065e-07
6516.5, 8.6057e-07
6518.5, 8.605e-07
6520.5, 8.6044e-07
6522.5, 8.6037e-07
6524.5, 8.6031e-07
6526.5, 8.6024e-07
6528.5, 8.6017e-07
6530.5, 8.601e-07
6532.5, 8.6003e-07
6534.5, 8.5996e-07
6536.5, 8.5989e-07
6538.5, 8.5982e-07
6540.5, 8.5975e-07
6542.5, 8.5969e-07
6544.5, 8.5963e-07
6546.5, 8.5956e-07
6548.5, 8.5949e-07
6550.5, 8.5942e-07
6552.5, 8.5936e-07
6554.5, 8.5929e-07
6556.5, 8.5923e-07
6558.6, 8.5915e-07
6560.6, 8.5909e-07
6562.6, 8.5902e-07
6564.6, 8.5896e-07
6566.6, 8.589e-07
6568.6, 8.5884e-07
6570.6, 8.5877e-07
6572.6, 8.587e-07
6574.6, 8.5864e-07
6576.6, 8.5856e-07
6578.6, 8.585e-07
6580.6, 8.5843e-07
6582.6, 8.5836e-07
6584.6, 8.5829e-07
6586.6, 8.5822e-07
6588.6, 8.5816e-07
6590.6, 8.5809e-07
6592.6, 8.5802e-07
6594.6, 8.5795e-07
6596.6, 8.5788e-07
6598.6, 8.578e-07
6600.6, 8.5773e-07
6602.6, 8.5766e-07
6604.6, 8.5759e-07
6606.6, 8.5752e-07
6608.6, 8.5745e-07
6610.6, 8.5738e-07
6612.6, 8.573e-07
6614.6, 8.5723e-07
6616.6, 8.5716e-07
6618.6, 8.5709e-07
6620.6, 8.5702e-07
6622.6, 8.5694e-07
6624.6, 8.5686e-07
6626.6, 8.5679e-07
6628.6, 8.5672e-07
6630.6, 8.5665e-07
6632.6, 8.5658e-07
6634.6, 8.5651e-07
6636.6, 8.5643e-07
6638.6, 8.5636e-07
6640.6, 8.563e-07
6642.6, 8.5623e-07
6644.6, 8.5616e-07
6646.6, 8.5609e-07
6648.6, 8.5602e-07
6650.6, 8.5595e-07
6652.6, 8.5589e-07
6654.6, 8.5581e-07
6656.6, 8.5574e-07
6658.7, 8.5567e-07
6660.7, 8.556e-07
6662.7, 8.5553e-07
6664.7, 8.5545e-07
6666.7, 8.5538e-07
6668.7, 8.5531e-07
6670.7, 8.5525e-07
6672.7, 8.5518e-07
6674.7, 8.5511e-07
6676.7, 8.5504e-07
6678.7, 8.5498e-07
6680.7, 8.5491e-07
6682.7, 8.5485e-07
6684.7, 8.5479e-07
6686.7, 8.5472e-07
6688.7, 8.5465e-07
6690.7, 8.5458e-07
6692.7, 8.5451e-07
6694.7, 8.5444e-07
6696.7, 8.5436e-07
6698.7, 8.5429e-07
6700.7, 8.5422e-07
6702.7, 8.5414e-07
6704.7, 8.5406e-07
6706.7, 8.5399e-07
6708.7, 8.5391e-07
6710.7, 8.5384e-07
6712.7, 8.5377e-07
6714.7, 8.537e-07
6716.7, 8.5363e-07
6718.7, 8.5355e-07
6720.7, 8.5348e-07
6722.7, 8.5341e-07
6724.7, 8.5335e-07
6726.7, 8.5328e-07
6728.7, 8.5321e-07
6730.7, 8.5314e-07
6732.7, 8.5307e-07
6734.7, 8.53e-07
6736.7, 8.5294e-07
6738.7, 8.5286e-07
6740.7, 8.5279e-07
6742.7, 8.5271e-07
6744.7, 8.5264e-07
6746.7, 8.5257e-07
6748.7, 8.525e-07
6750.7, 8.5243e-07
6752.7, 8.5236e-07
6754.7, 8.5228e-07
6756.7, 8.5221e-07
6758.8, 8.5213e-07
6760.8, 8.5205e-07
6762.8, 8.5198e-07
6764.8, 8.5191e-07
6766.8, 8.5184e-07
6768.8, 8.5177e-07
6770.8, 8.5169e-07
6772.8, 8.5162e-07
6774.8, 8.5154e-07
6776.8, 8.5148e-07
6778.8, 8.5141e-07
6780.8, 8.5133e-07
6782.8, 8.5125e-07
6784.8, 8.5117e-07
6786.8, 8.5109e-07
6788.8, 8.51e-07
6790.8, 8.5093e-07
6792.8, 8.5085e-07
6794.8, 8.5078e-07
6796.8, 8.507e-07
6798.8, 8.5063e-07
6800.8, 8.5055e-07
6802.8, 8.5048e-07
6804.8, 8.5041e-07
6806.8, 8.5034e-07
6808.8, 8.5027e-07
6810.8, 8.502e-07
6812.8, 8.5013e-07
6814.8, 8.5006e-07
6816.8, 8.4999e-07
6818.8, 8.4992e-07
6820.8, 8.4984e-07
6822.8, 8.4977e-07
6824.8, 8.497e-07
6826.8, 8.4963e-07
6828.8, 8.4955e-07
6830.8, 8.4948e-07
6832.8, 8.4941e-07
6834.8, 8.4934e-07
6836.8, 8.4927e-07
6838.8, 8.492e-07
6840.8, 8.4913e-07
6842.8, 8.4905e-07
6844.8, 8.4898e-07
6846.8, 8.4891e-07
6848.8, 8.4883e-07
6850.8, 8.4876e-07
6852.8, 8.4868e-07
6854.8, 8.4861e-07
6856.8, 8.4853e-07
6858.9, 8.4846e-07
6860.9, 8.4839e-07
6862.9, 8.4832e-07
6864.9, 8.4824e-07
6866.9, 8.4818e-07
6868.9, 8.481e-07
6870.9, 8.4803e-07
6872.9, 8.4795e-07
6874.9, 8.4788e-07
6876.9, 8.4781e-07
6878.9, 8.4773e-07
6880.9, 8.4765e-07
6882.9, 8.4759e-07
6884.9, 8.4751e-07
6886.9, 8.4744e-07
6888.9, 8.4736e-07
6890.9, 8.4728e-07
6892.9, 8.472e-07
6894.9, 8.4712e-07
6896.9, 8.4705e-07
6898.9, 8.4697e-07
6900.9, 8.469e-07
6902.9, 8.4682e-07
6904.9, 8.4674e-07
6906.9, 8.4667e-07
6908.9, 8.466e-07
6910.9, 8.4652e-07
6912.9, 8.4645e-07
6914.9, 8.4638e-07
6916.9, 8.4631e-07
6918.9, 8.4623e-07
6920.9, 8.4616e-07
6922.9, 8.4609e-07
6924.9, 8.4602e-07
6926.9, 8.4594e-07
6928.9, 8.4587e-07
6930.9, 8.458e-07
6932.9, 8.4573e-07
6934.9, 8.4567e-07
6936.9, 8.4561e-07
6938.9, 8.4555e-07
6940.9, 8.4548e-07
6942.9, 8.4541e-07
6944.9, 8.4535e-07
6946.9, 8.4528e-07
6948.9, 8.4522e-07
6950.9, 8.4515e-07
6952.9, 8.4508e-07
6954.9, 8.4501e-07
6956.9, 8.4494e-07
6959.0, 8.4487e-07
6961.0, 8.448e-07
6963.0, 8.4473e-07
6965.0, 8.4466e-07
6967.0, 8.4459e-07
6969.0, 8.4452e-07
6971.0, 8.4445e-07
6973.0, 8.4438e-07
6975.0, 8.443e-07
6977.0, 8.4424e-07
6979.0, 8.4417e-07
6981.0, 8.4411e-07
6983.0, 8.4405e-07
6985.0, 8.4398e-07
6987.0, 8.4391e-07
6989.0, 8.4384e-07
6991.0, 8.4377e-07
6993.0, 8.4371e-07
6995.0, 8.4364e-07
6997.0, 8.4358e-07
6999.0, 8.4351e-07
7001.0, 8.4345e-07
7003.0, 8.4338e-07
7005.0, 8.4332e-07
7007.0, 8.4325e-07
7009.0, 8.432e-07
7011.0, 8.4313e-07
7013.0, 8.4307e-07
7015.0, 8.4301e-07
7017.0, 8.4294e-07
7019.0, 8.4288e-07
7021.0, 8.4282e-07
7023.0, 8.4275e-07
7025.0, 8.4268e-07
7027.0, 8.4261e-07
7029.0, 8.4253e-07
7031.0, 8.4246e-07
7033.0, 8.4239e-07
7035.0, 8.4232e-07
7037.0, 8.4226e-07
7039.0, 8.422e-07
7041.0, 8.4213e-07
7043.0, 8.4206e-07
7045.0, 8.4199e-07
7047.0, 8.4192e-07
7049.0, 8.4185e-07
7051.0, 8.4178e-07
7053.0, 8.4172e-07
7055.0, 8.4165e-07
7057.0, 8.4159e-07
7059.1, 8.4152e-07
7061.1, 8.4144e-07
7063.1, 8.4137e-07
7065.1, 8.4131e-07
7067.1, 8.4124e-07
7069.1, 8.4118e-07
7071.1, 8.4111e-07
7073.1, 8.4105e-07
7075.1, 8.4099e-07
7077.1, 8.4092e-07
7079.1, 8.4085e-07
7081.1, 8.4078e-07
7083.1, 8.4072e-07
7085.1, 8.4064e-07
7087.1, 8.4057e-07
7089.1, 8.4049e-07
7091.1, 8.4042e-07
7093.1, 8.4035e-07
7095.1, 8.4029e-07
7097.1, 8.4022e-07
7099.1, 8.4015e-07
7101.1, 8.4008e-07
7103.1, 8.4001e-07
7105.1, 8.3993e-07
7107.1, 8.3986e-07
7109.1, 8.3979e-07
7111.1, 8.3972e-07
7113.1, 8.3965e-07
7115.1, 8.3958e-07
7117.1, 8.3951e-07
7119.1, 8.3945e-07
7121.1, 8.3938e-07
7123.1, 8.3932e-07
7125.1, 8.3925e-07
7127.1, 8.3919e-07
7129.1, 8.3912e-07
7131.1, 8.3906e-07
7133.1, 8.3898e-07
7135.1, 8.3891e-07
7137.1, 8.3885e-07
7139.1, 8.3879e-07
7141.1, 8.3872e-07
7143.1, 8.3866e-07
7145.1, 8.3861e-07
7147.1, 8.3855e-07
7149.1, 8.3849e-07
7151.1, 8.3842e-07
7153.1, 8.3835e-07
7155.1, 8.3828e-07
7157.1, 8.3821e-07
7159.2, 8.3814e-07
7161.2, 8.3808e-07
7163.2, 8.3801e-07
7165.2, 8.3794e-07
7167.2, 8.3787e-07
7169.2, 8.3781e-07
7171.2, 8.3774e-07
7173.2, 8.3767e-07
7175.2, 8.3761e-07
7177.2, 8.3754e-07
7179.2, 8.3747e-07
7181.2, 8.3741e-07
7183.2, 8.3734e-07
7185.2, 8.3727e-07
7187.2, 8.372e-07
7189.2, 8.3713e-07
7191.2, 8.3706e-07
7193.2, 8.3699e-07
7195.2, 8.3692e-07
7197.2, 8.3686e-07
7199.2, 8.3679e-07
7201.2, 8.3672e-07
7203.2, 8.3666e-07
7205.2, 8.3659e-07
7207.2, 8.3653e-07
7209.2, 8.3659e-07
7211.2, 8.3716e-07
7213.2, 8.3766e-07
7215.2, 8.3823e-07
7217.2, 8.388e-07
7219.2, 8.3934e-07
7221.2, 8.3992e-07
7223.2, 8.4046e-07
7225.2, 8.4108e-07
7227.2, 8.4168e-07
7229.2, 8.4229e-07
7231.2, 8.4286e-07
7233.2, 8.4345e-07
7235.2, 8.4406e-07
7237.2, 8.4464e-07
7239.2, 8.4525e-07
7241.2, 8.4583e-07
7243.2, 8.464e-07
7245.2, 8.4708e-07
7247.2, 8.4768e-07
7249.2, 8.4826e-07
7251.2, 8.4884e-07
7253.2, 8.4941e-07
7255.2, 8.4999e-07
7257.2, 8.506e-07
7259.3, 8.5119e-07
7261.3, 8.5187e-07
7263.3, 8.525e-07
7265.3, 8.5304e-07
7267.3, 8.5362e-07
7269.3, 8.5415e-07
7271.3, 8.548e-07
7273.3, 8.5543e-07
7275.3, 8.56e-07
7277.3, 8.5656e-07
7279.3, 8.5715e-07
7281.3, 8.5778e-07
7283.3, 8.5838e-07
7285.3, 8.5895e-07
7287.3, 8.5962e-07
7289.3, 8.6028e-07
7291.3, 8.609e-07
7293.3, 8.6155e-07
7295.3, 8.622e-07
7297.3, 8.6284e-07
7299.3, 8.6344e-07
7301.3, 8.6402e-07
7303.3, 8.6465e-07
7305.3, 8.6526e-07
7307.3, 8.6588e-07
7309.3, 8.6653e-07
7311.3, 8.6711e-07
7313.3, 8.6766e-07
7315.3, 8.6832e-07
7317.3, 8.6897e-07
7319.3, 8.6964e-07
7321.3, 8.7027e-07
7323.3, 8.7093e-07
7325.3, 8.7154e-07
7327.3, 8.7215e-07
7329.3, 8.7277e-07
7331.3, 8.7339e-07
7333.3, 8.741e-07
7335.3, 8.7469e-07
7337.3, 8.7533e-07
7339.3, 8.7595e-07
7341.3, 8.7666e-07
7343.3, 8.7733e-07
7345.3, 8.7794e-07
7347.3, 8.7852e-07
7349.3, 8.7912e-07
7351.3, 8.7977e-07
7353.3, 8.8036e-07
7355.3, 8.8097e-07
7357.3, 8.8165e-07
7359.4, 8.8236e-07
7361.4, 8.8302e-07
7363.4, 8.8365e-07
7365.4, 8.8427e-07
7367.4, 8.8495e-07
7369.4, 8.8552e-07
7371.4, 8.8614e-07
7373.4, 8.8672e-07
7375.4, 8.8739e-07
7377.4, 8.8798e-07
7379.4, 8.886e-07
7381.4, 8.892e-07
7383.4, 8.8979e-07
7385.4, 8.9037e-07
7387.4, 8.9101e-07
7389.4, 8.9161e-07
7391.4, 8.9226e-07
7393.4, 8.9288e-07
7395.4, 8.935e-07
7397.4, 8.9412e-07
7399.4, 8.9471e-07
7401.4, 8.9535e-07
7403.4, 8.9601e-07
7405.4, 8.966e-07
7407.4, 8.9725e-07
7409.4, 8.9795e-07
7411.4, 8.9862e-07
7413.4, 8.9927e-07
7415.4, 8.9992e-07
7417.4, 9.0052e-07
7419.4, 9.0111e-07
7421.4, 9.0178e-07
7423.4, 9.0247e-07
7425.4, 9.0312e-07
7427.4, 9.0374e-07
7429.4, 9.0445e-07
7431.4, 9.0515e-07
7433.4, 9.0582e-07
7435.4, 9.0651e-07
7437.4, 9.0713e-07
7439.4, 9.0772e-07
7441.4, 9.0843e-07
7443.4, 9.0911e-07
7445.4, 9.0971e-07
7447.4, 9.1037e-07
7449.4, 9.1093e-07
7451.4, 9.1154e-07
7453.4, 9.1217e-07
7455.4, 9.1292e-07
7457.4, 9.1362e-07
7459.5, 9.1432e-07
7461.5, 9.1498e-07
7463.5, 9.1563e-07
7465.5, 9.163e-07
7467.5, 9.1693e-07
7469.5, 9.1749e-07
7471.5, 9.181e-07
7473.5, 9.1871e-07
7475.5, 9.1935e-07
7477.5, 9.2e-07
7479.5, 9.2059e-07
7481.5, 9.2123e-07
7483.5, 9.2188e-07
7485.5, 9.2253e-07
7487.5, 9.232e-07
7489.5, 9.2382e-07
7491.5, 9.2449e-07
7493.5, 9.2519e-07
7495.5, 9.2589e-07
7497.5, 9.2656e-07
7499.5, 9.2721e-07
7501.5, 9.2783e-07
7503.5, 9.2846e-07
7505.5, 9.2907e-07
7507.5, 9.2972e-07
7509.5, 9.3044e-07
7511.5, 9.3107e-07
7513.5, 9.3176e-07
7515.5, 9.3238e-07
7517.5, 9.3301e-07
7519.5, 9.3366e-07
7521.5, 9.3433e-07
7523.5, 9.3493e-07
7525.5, 9.3557e-07
7527.5, 9.3621e-07
7529.5, 9.3693e-07
7531.5, 9.3754e-07
7533.5, 9.3816e-07
7535.5, 9.3876e-07
7537.5, 9.3944e-07
7539.5, 9.4012e-07
7541.5, 9.4081e-07
7543.5, 9.4154e-07
7545.5, 9.4223e-07
7547.5, 9.4287e-07
7549.5, 9.4361e-07
7551.5, 9.443e-07
7553.5, 9.45e-07
7555.5, 9.4568e-07
7557.5, 9.4638e-07
7559.6, 9.4703e-07
7561.6, 9.4762e-07
7563.6, 9.4828e-07
7565.6, 9.4888e-07
7567.6, 9.4956e-07
7569.6, 9.5026e-07
7571.6, 9.5092e-07
7573.6, 9.5164e-07
7575.6, 9.5235e-07
7577.6, 9.5297e-07
7579.6, 9.5362e-07
7581.6, 9.5428e-07
7583.6, 9.549e-07
7585.6, 9.5557e-07
7587.6, 9.5628e-07
7589.6, 9.5689e-07
7591.6, 9.5753e-07
7593.6, 9.582e-07
7595.6, 9.5889e-07
7597.6, 9.5952e-07
7599.6, 9.6011e-07
7601.6, 9.6082e-07
7603.6, 9.6146e-07
7605.6, 9.6209e-07
7607.6, 9.6277e-07
7609.6, 9.6344e-07
7611.6, 9.6403e-07
7613.6, 9.6472e-07
7615.6, 9.6545e-07
7617.6, 9.661e-07
7619.6, 9.6671e-07
7621.6, 9.6741e-07
7623.6, 9.6815e-07
7625.6, 9.6884e-07
7627.6, 9.695e-07
7629.6, 9.7013e-07
7631.6, 9.7078e-07
7633.6, 9.7145e-07
7635.6, 9.7212e-07
7637.6, 9.7277e-07
7639.6, 9.7341e-07
7641.6, 9.7409e-07
7643.6, 9.7475e-07
7645.6, 9.7538e-07
7647.6, 9.7607e-07
7649.6, 9.7676e-07
7651.6, 9.7744e-07
7653.6, 9.7806e-07
7655.6, 9.7875e-07
7657.6, 9.7947e-07
7659.7, 9.8007e-07
7661.7, 9.8067e-07
7663.7, 9.8127e-07
7665.7, 9.8186e-07
7667.7, 9.8247e-07
7669.7, 9.8313e-07
7671.7, 9.8379e-07
7673.7, 9.8446e-07
7675.7, 9.8509e-07
7677.7, 9.858e-07
7679.7, 9.8651e-07
7681.7, 9.8722e-07
7683.7, 9.8791e-07
7685.7, 9.8859e-07
7687.7, 9.8931e-07
7689.7, 9.9002e-07
7691.7, 9.9068e-07
7693.7, 9.9136e-07
7695.7, 9.9203e-07
7697.7, 9.927e-07
7699.7, 9.9345e-07
7701.7, 9.941e-07
7703.7, 9.9467e-07
7705.7, 9.9534e-07
7707.7, 9.9599e-07
7709.7, 9.9667e-07
7711.7, 9.973e-07
7713.7, 9.9803e-07
7715.7, 9.9871e-07
7717.7, 9.9936e-07
7719.7, 1e-06
7721.7, 1.0007e-06
7723.7, 1.0013e-06
7725.7, 1.002e-06
7727.7, 1.0026e-06
7729.7, 1.0033e-06
7731.7, 1.004e-06
7733.7, 1.0047e-06
7735.7, 1.0054e-06
7737.7, 1.006e-06
7739.7, 1.0067e-06
7741.7, 1.0073e-06
7743.7, 1.008e-06
7745.7, 1.0086e-06
7747.7, 1.0092e-06
7749.7, 1.0099e-06
7751.7, 1.0105e-06
7753.7, 1.0111e-06
7755.7, 1.0118e-06
7757.7, 1.0125e-06
7759.8, 1.0131e-06
7761.8, 1.0138e-06
7763.8, 1.0145e-06
7765.8, 1.0152e-06
7767.8, 1.0158e-06
7769.8, 1.0164e-06
7771.8, 1.017e-06
7773.8, 1.0177e-06
7775.8, 1.0183e-06
7777.8, 1.019e-06
7779.8, 1.0197e-06
7781.8, 1.0203e-06
7783.8, 1.021e-06
7785.8, 1.0216e-06
7787.8, 1.0222e-06
7789.8, 1.0229e-06
7791.8, 1.0236e-06
7793.8, 1.0242e-06
7795.8, 1.0248e-06
7797.8, 1.0255e-06
7799.8, 1.0262e-06
7801.8, 1.0268e-06
7803.8, 1.0276e-06
7805.8, 1.0282e-06
7807.8, 1.0288e-06
7809.8, 1.0295e-06
7811.8, 1.0302e-06
7813.8, 1.0309e-06
7815.8, 1.0315e-06
7817.8, 1.0322e-06
7819.8, 1.0329e-06
7821.8, 1.0335e-06
7823.8, 1.0342e-06
7825.8, 1.0349e-06
7827.8, 1.0355e-06
7829.8, 1.0362e-06
7831.8, 1.0369e-06
7833.8, 1.0375e-06
7835.8, 1.0381e-06
7837.8, 1.0388e-06
7839.8, 1.0395e-06
7841.8, 1.0402e-06
7843.8, 1.0409e-06
7845.8, 1.0416e-06
7847.8, 1.0423e-06
7849.8, 1.0429e-06
7851.8, 1.0435e-06
7853.8, 1.0442e-06
7855.8, 1.0449e-06
7857.8, 1.0455e-06
7859.9, 1.0463e-06
7861.9, 1.0469e-06
7863.9, 1.0476e-06
7865.9, 1.0482e-06
7867.9, 1.0489e-06
7869.9, 1.0495e-06
7871.9, 1.0502e-06
7873.9, 1.0509e-06
7875.9, 1.0516e-06
7877.9, 1.0523e-06
7879.9, 1.0529e-06
7881.9, 1.0536e-06
7883.9, 1.0543e-06
7885.9, 1.055e-06
7887.9, 1.0557e-06
7889.9, 1.0564e-06
7891.9, 1.057e-06
7893.9, 1.0577e-06
7895.9, 1.0583e-06
7897.9, 1.059e-06
7899.9, 1.0597e-06
7901.9, 1.0604e-06
7903.9, 1.0611e-06
7905.9, 1.0618e-06
7907.9, 1.0624e-06
7909.9, 1.063e-06
7911.9, 1.0637e-06
7913.9, 1.0644e-06
7915.9, 1.0651e-06
7917.9, 1.0658e-06
7919.9, 1.0664e-06
7921.9, 1.0671e-06
7923.9, 1.0678e-06
7925.9, 1.0685e-06
7927.9, 1.0692e-06
7929.9, 1.0699e-06
7931.9, 1.0706e-06
7933.9, 1.0712e-06
7935.9, 1.0719e-06
7937.9, 1.0726e-06
7939.9, 1.0732e-06
7941.9, 1.0738e-06
7943.9, 1.0745e-06
7945.9, 1.0751e-06
7947.9, 1.0757e-06
7949.9, 1.0764e-06
7951.9, 1.0771e-06
7953.9, 1.0778e-06
7955.9, 1.0784e-06
7957.9, 1.0791e-06
7960.0, 1.0798e-06
7962.0, 1.0804e-06
7964.0, 1.0811e-06
7966.0, 1.0818e-06
7968.0, 1.0825e-06
7970.0, 1.0832e-06
7972.0, 1.0838e-06
7974.0, 1.0844e-06
7976.0, 1.0851e-06
7978.0, 1.0857e-06
7980.0, 1.0864e-06
7982.0, 1.087e-06
7984.0, 1.0876e-06
7986.0, 1.0883e-06
7988.0, 1.0891e-06
7990.0, 1.0898e-06
7992.0, 1.0904e-06
7994.0, 1.0911e-06
7996.0, 1.0917e-06
7998.0, 1.0924e-06
8000.0, 1.0931e-06
8002.0, 1.0937e-06
8004.0, 1.0943e-06
8006.0, 1.0951e-06
8008.0, 1.0958e-06
8010.0, 1.0965e-06
8012.0, 1.0971e-06
8014.0, 1.0978e-06
8016.0, 1.0984e-06
8018.0, 1.0991e-06
8020.0, 1.0997e-06
8022.0, 1.1004e-06
8024.0, 1.101e-06
8026.0, 1.1016e-06
8028.0, 1.1024e-06
8030.0, 1.1031e-06
8032.0, 1.1038e-06
8034.0, 1.1045e-06
8036.0, 1.1052e-06
8038.0, 1.1058e-06
8040.0, 1.1065e-06
8042.0, 1.1072e-06
8044.0, 1.1078e-06
8046.0, 1.1085e-06
8048.0, 1.1092e-06
8050.0, 1.1098e-06
8052.0, 1.1105e-06
8054.0, 1.1112e-06
8056.0, 1.1118e-06
8058.0, 1.1124e-06
8060.1, 1.113e-06
8062.1, 1.1136e-06
8064.1, 1.1144e-06
8066.1, 1.115e-06
8068.1, 1.1157e-06
8070.1, 1.1164e-06
8072.1, 1.117e-06
8074.1, 1.1177e-06
8076.1, 1.1185e-06
8078.1, 1.1192e-06
8080.1, 1.1198e-06
8082.1, 1.1205e-06
8084.1, 1.1212e-06
8086.1, 1.1219e-06
8088.1, 1.1225e-06
8090.1, 1.1232e-06
8092.1, 1.1239e-06
8094.1, 1.1245e-06
8096.1, 1.1252e-06
8098.1, 1.1258e-06
8100.1, 1.1264e-06
8102.1, 1.1271e-06
8104.1, 1.1278e-06
8106.1, 1.1285e-06
8108.1, 1.1293e-06
8110.1, 1.1299e-06
8112.1, 1.1306e-06
8114.1, 1.1314e-06
8116.1, 1.1321e-06
8118.1, 1.1327e-06
8120.1, 1.1334e-06
8122.1, 1.134e-06
8124.1, 1.1347e-06
8126.1, 1.1353e-06
8128.1, 1.1359e-06
8130.1, 1.1366e-06
8132.1, 1.1373e-06
8134.1, 1.1379e-06
8136.1, 1.1386e-06
8138.1, 1.1392e-06
8140.1, 1.1399e-06
8142.1, 1.1405e-06
8144.1, 1.1412e-06
8146.1, 1.1419e-06
8148.1, 1.1426e-06
8150.1, 1.1433e-06
8152.1, 1.1439e-06
8154.1, 1.1446e-06
8156.1, 1.1453e-06
8158.1, 1.146e-06
8160.2, 1.1467e-06
8162.2, 1.1473e-06
8164.2, 1.1479e-06
8166.2, 1.1486e-06
8168.2, 1.1492e-06
8170.2, 1.1499e-06
8172.2, 1.1504e-06
8174.2, 1.1511e-06
8176.2, 1.1518e-06
8178.2, 1.1526e-06
8180.2, 1.1533e-06
8182.2, 1.154e-06
8184.2, 1.1546e-06
8186.2, 1.1553e-06
8188.2, 1.1559e-06
8190.2, 1.1565e-06
8192.2, 1.1572e-06
8194.2, 1.1579e-06
8196.2, 1.1585e-06
8198.2, 1.1591e-06
8200.2, 1.1598e-06
8202.2, 1.1605e-06
8204.2, 1.1611e-06
8206.2, 1.1617e-06
8208.2, 1.1624e-06
8210.2, 1.1629e-06
8212.2, 1.1629e-06
8214.2, 1.1628e-06
8216.2, 1.1628e-06
8218.2, 1.1627e-06
8220.2, 1.1627e-06
8222.2, 1.1626e-06
8224.2, 1.1626e-06
8226.2, 1.1625e-06
8228.2, 1.1624e-06
8230.2, 1.1624e-06
8232.2, 1.1623e-06
8234.2, 1.1623e-06
8236.2, 1.1622e-06
8238.2, 1.1622e-06
8240.2, 1.1621e-06
8242.2, 1.1621e-06
8244.2, 1.162e-06
8246.2, 1.1619e-06
8248.2, 1.1619e-06
8250.2, 1.1618e-06
8252.2, 1.1618e-06
8254.2, 1.1617e-06
8256.2, 1.1616e-06
8258.2, 1.1616e-06
8260.3, 1.1615e-06
8262.3, 1.1615e-06
8264.3, 1.1614e-06
8266.3, 1.1614e-06
8268.3, 1.1613e-06
8270.3, 1.1612e-06
8272.3, 1.1612e-06
8274.3, 1.1611e-06
8276.3, 1.161e-06
8278.3, 1.161e-06
8280.3, 1.1609e-06
8282.3, 1.1608e-06
8284.3, 1.1608e-06
8286.3, 1.1607e-06
8288.3, 1.1606e-06
8290.3, 1.1606e-06
8292.3, 1.1605e-06
8294.3, 1.1604e-06
8296.3, 1.1604e-06
8298.3, 1.1603e-06
8300.3, 1.1603e-06
8302.3, 1.1602e-06
8304.3, 1.1601e-06
8306.3, 1.1601e-06
8308.3, 1.16e-06
8310.3, 1.16e-06
8312.3, 1.1599e-06
8314.3, 1.1598e-06
8316.3, 1.1598e-06
8318.3, 1.1597e-06
8320.3, 1.1596e-06
8322.3, 1.1596e-06
8324.3, 1.1595e-06
8326.3, 1.1595e-06
8328.3, 1.1594e-06
8330.3, 1.1593e-06
8332.3, 1.1593e-06
8334.3, 1.1592e-06
8336.3, 1.1591e-06
8338.3, 1.1591e-06
8340.3, 1.159e-06
8342.3, 1.159e-06
8344.3, 1.1589e-06
8346.3, 1.1588e-06
8348.3, 1.1588e-06
8350.3, 1.1587e-06
8352.3, 1.1586e-06
8354.3, 1.1586e-06
8356.3, 1.1585e-06
8358.3, 1.1584e-06
8360.4, 1.1584e-06
8362.4, 1.1583e-06
8364.4, 1.1582e-06
8366.4, 1.1582e-06
8368.4, 1.1581e-06
8370.4, 1.158e-06
8372.4, 1.158e-06
8374.4, 1.1579e-06
8376.4, 1.1578e-06
8378.4, 1.1578e-06
8380.4, 1.1577e-06
8382.4, 1.1576e-06
8384.4, 1.1576e-06
8386.4, 1.1575e-06
8388.4, 1.1574e-06
8390.4, 1.1574e-06
8392.4, 1.1573e-06
8394.4, 1.1572e-06
8396.4, 1.1572e-06
8398.4, 1.1571e-06
8400.4, 1.157e-06
8402.4, 1.157e-06
8404.4, 1.1569e-06
8406.4, 1.1568e-06
8408.4, 1.1568e-06
8410.4, 1.1567e-06
8412.4, 1.1567e-06
8414.4, 1.1566e-06
8416.4, 1.1565e-06
8418.4, 1.1565e-06
8420.4, 1.1564e-06
8422.4, 1.1563e-06
8424.4, 1.1562e-06
8426.4, 1.1562e-06
8428.4, 1.1561e-06
8430.4, 1.156e-06
8432.4, 1.156e-06
8434.4, 1.1559e-06
8436.4, 1.1558e-06
8438.4, 1.1558e-06
8440.4, 1.1557e-06
8442.4, 1.1556e-06
8444.4, 1.1556e-06
8446.4, 1.1555e-06
8448.4, 1.1555e-06
8450.4, 1.1554e-06
8452.4, 1.1553e-06
8454.4, 1.1553e-06
8456.4, 1.1552e-06
8458.4, 1.1552e-06
8460.5, 1.1551e-06
8462.5, 1.155e-06
8464.5, 1.155e-06
8466.5, 1.1549e-06
8468.5, 1.1549e-06
8470.5, 1.1548e-06
8472.5, 1.1547e-06
8474.5, 1.1547e-06
8476.5, 1.1546e-06
8478.5, 1.1546e-06
8480.5, 1.1545e-06
8482.5, 1.1544e-06
8484.5, 1.1544e-06
8486.5, 1.1543e-06
8488.5, 1.1543e-06
8490.5, 1.1542e-06
8492.5, 1.1541e-06
8494.5, 1.1541e-06
8496.5, 1.154e-06
8498.5, 1.154e-06
8500.5, 1.1539e-06
8502.5, 1.1539e-06
8504.5, 1.1538e-06
8506.5, 1.1537e-06
8508.5, 1.1537e-06
8510.5, 1.1536e-06
8512.5, 1.1535e-06
8514.5, 1.1535e-06
8516.5, 1.1534e-06
8518.5, 1.1534e-06
8520.5, 1.1533e-06
8522.5, 1.1533e-06
8524.5, 1.1532e-06
8526.5, 1.1532e-06
8528.5, 1.1531e-06
8530.5, 1.153e-06
8532.5, 1.153e-06
8534.5, 1.1529e-06
8536.5, 1.1529e-06
8538.5, 1.1528e-06
8540.5, 1.1527e-06
8542.5, 1.1527e-06
8544.5, 1.1526e-06
8546.5, 1.1526e-06
8548.5, 1.1525e-06
8550.5, 1.1524e-06
8552.5, 1.1524e-06
8554.5, 1.1523e-06
8556.5, 1.1523e-06
8558.5, 1.1522e-06
8560.6, 1.1521e-06
8562.6, 1.1521e-06
8564.6, 1.152e-06
8566.6, 1.1519e-06
8568.6, 1.1519e-06
8570.6, 1.1518e-06
8572.6, 1.1518e-06
8574.6, 1.1517e-06
8576.6, 1.1516e-06
8578.6, 1.1516e-06
8580.6, 1.1515e-06
8582.6, 1.1514e-06
8584.6, 1.1514e-06
8586.6, 1.1513e-06
8588.6, 1.1513e-06
8590.6, 1.1512e-06
8592.6, 1.1511e-06
8594.6, 1.1511e-06
8596.6, 1.151e-06
8598.6, 1.1509e-06
8600.6, 1.1509e-06
8602.6, 1.1508e-06
8604.6, 1.1508e-06
8606.6, 1.1507e-06
8608.6, 1.1506e-06
8610.6, 1.1506e-06
8612.6, 1.1505e-06
8614.6, 1.1504e-06
8616.6, 1.1504e-06
8618.6, 1.1503e-06
8620.6, 1.1502e-06
8622.6, 1.1502e-06
8624.6, 1.1501e-06
8626.6, 1.1501e-06
8628.6, 1.15e-06
8630.6, 1.1499e-06
8632.6, 1.1499e-06
8634.6, 1.1498e-06
8636.6, 1.1497e-06
8638.6, 1.1497e-06
8640.6, 1.1496e-06
8642.6, 1.1496e-06
8644.6, 1.1495e-06
8646.6, 1.1494e-06
8648.6, 1.1494e-06
8650.6, 1.1493e-06
8652.6, 1.1493e-06
8654.6, 1.1492e-06
8656.6, 1.1491e-06
8658.6, 1.1491e-06
8660.7, 1.149e-06
8662.7, 1.1489e-06
8664.7, 1.1489e-06
8666.7, 1.1488e-06
8668.7, 1.1487e-06
8670.7, 1.1487e-06
8672.7, 1.1486e-06
8674.7, 1.1485e-06
8676.7, 1.1485e-06
8678.7, 1.1484e-06
8680.7, 1.1483e-06
8682.7, 1.1483e-06
8684.7, 1.1482e-06
8686.7, 1.1482e-06
8688.7, 1.1481e-06
8690.7, 1.148e-06
8692.7, 1.148e-06
8694.7, 1.1479e-06
8696.7, 1.1479e-06
8698.7, 1.1478e-06
8700.7, 1.1478e-06
8702.7, 1.1477e-06
8704.7, 1.1476e-06
8706.7, 1.1476e-06
8708.7, 1.1475e-06
8710.7, 1.1475e-06
8712.7, 1.1474e-06
8714.7, 1.1474e-06
8716.7, 1.1473e-06
8718.7, 1.1473e-06
8720.7, 1.1472e-06
8722.7, 1.1472e-06
8724.7, 1.1471e-06
8726.7, 1.147e-06
8728.7, 1.147e-06
8730.7, 1.1469e-06
8732.7, 1.1469e-06
8734.7, 1.1468e-06
8736.7, 1.1468e-06
8738.7, 1.1467e-06
8740.7, 1.1467e-06
8742.7, 1.1466e-06
8744.7, 1.1465e-06
8746.7, 1.1465e-06
8748.7, 1.1464e-06
8750.7, 1.1464e-06
8752.7, 1.1463e-06
8754.7, 1.1462e-06
8756.7, 1.1462e-06
8758.7, 1.1461e-06
8760.8, 1.1461e-06
8762.8, 1.146e-06
8764.8, 1.1459e-06
8766.8, 1.1459e-06
8768.8, 1.1458e-06
8770.8, 1.1458e-06
8772.8, 1.1457e-06
8774.8, 1.1457e-06
8776.8, 1.1456e-06
8778.8, 1.1456e-06
8780.8, 1.1455e-06
8782.8, 1.1455e-06
8784.8, 1.1454e-06
8786.8, 1.1454e-06
8788.8, 1.1453e-06
8790.8, 1.1453e-06
8792.8, 1.1452e-06
8794.8, 1.1451e-06
8796.8, 1.1451e-06
8798.8, 1.145e-06
8800.8, 1.145e-06
8802.8, 1.1449e-06
8804.8, 1.1449e-06
8806.8, 1.1448e-06
8808.8, 1.1447e-06
8810.8, 1.1447e-06
8812.8, 1.1446e-06
8814.8, 1.1446e-06
8816.8, 1.1445e-06
8818.8, 1.1445e-06
8820.8, 1.1444e-06
8822.8, 1.1444e-06
8824.8, 1.1443e-06
8826.8, 1.1442e-06
8828.8, 1.1442e-06
8830.8, 1.1441e-06
8832.8, 1.1441e-06
8834.8, 1.144e-06
8836.8, 1.144e-06
8838.8, 1.1439e-06
8840.8, 1.1438e-06
8842.8, 1.1438e-06
8844.8, 1.1437e-06
8846.8, 1.1437e-06
8848.8, 1.1436e-06
8850.8, 1.1435e-06
8852.8, 1.1435e-06
8854.8, 1.1434e-06
8856.8, 1.1433e-06
8858.8, 1.1433e-06
8860.9, 1.1432e-06
8862.9, 1.1431e-06
8864.9, 1.1431e-06
8866.9, 1.143e-06
8868.9, 1.143e-06
8870.9, 1.1429e-06
8872.9, 1.1428e-06
8874.9, 1.1428e-06
8876.9, 1.1427e-06
8878.9, 1.1427e-06
8880.9, 1.1426e-06
8882.9, 1.1425e-06
8884.9, 1.1425e-06
8886.9, 1.1424e-06
8888.9, 1.1423e-06
8890.9, 1.1423e-06
8892.9, 1.1422e-06
8894.9, 1.1422e-06
8896.9, 1.1421e-06
8898.9, 1.1421e-06
8900.9, 1.142e-06
8902.9, 1.1419e-06
8904.9, 1.1419e-06
8906.9, 1.1418e-06
8908.9, 1.1418e-06
8910.9, 1.1417e-06
8912.9, 1.1416e-06
8914.9, 1.1416e-06
8916.9, 1.1415e-06
8918.9, 1.1415e-06
8920.9, 1.1414e-06
8922.9, 1.1414e-06
8924.9, 1.1413e-06
8926.9, 1.1413e-06
8928.9, 1.1412e-06
8930.9, 1.1411e-06
8932.9, 1.1411e-06
8934.9, 1.141e-06
8936.9, 1.141e-06
8938.9, 1.1409e-06
8940.9, 1.1408e-06
8942.9, 1.1408e-06
8944.9, 1.1407e-06
8946.9, 1.1407e-06
8948.9, 1.1406e-06
8950.9, 1.1405e-06
8952.9, 1.1405e-06
8954.9, 1.1404e-06
8956.9, 1.1403e-06
8958.9, 1.1403e-06
8961.0, 1.1402e-06
8963.0, 1.1401e-06
8965.0, 1.1401e-06
8967.0, 1.14e-06
8969.0, 1.1399e-06
8971.0, 1.1399e-06
8973.0, 1.1398e-06
8975.0, 1.1397e-06
8977.0, 1.1397e-06
8979.0, 1.1396e-06
8981.0, 1.1395e-06
8983.0, 1.1395e-06
8985.0, 1.1394e-06
8987.0, 1.1393e-06
8989.0, 1.1393e-06
8991.0, 1.1392e-06
8993.0, 1.1391e-06
8995.0, 1.1391e-06
8997.0, 1.139e-06
8999.0, 1.1389e-06
9001.0, 1.1389e-06
9003.0, 1.1388e-06
9005.0, 1.1387e-06
9007.0, 1.1387e-06
9009.0, 1.1386e-06
9011.0, 1.1385e-06
9013.0, 1.1385e-06
9015.0, 1.1384e-06
9017.0, 1.1383e-06
9019.0, 1.1382e-06
9021.0, 1.1382e-06
9023.0, 1.1381e-06
9025.0, 1.138e-06
9027.0, 1.138e-06
9029.0, 1.1379e-06
9031.0, 1.1378e-06
9033.0, 1.1377e-06
9035.0, 1.1377e-06
9037.0, 1.1376e-06
9039.0, 1.1375e-06
9041.0, 1.1375e-06
9043.0, 1.1374e-06
9045.0, 1.1373e-06
9047.0, 1.1373e-06
9049.0, 1.1372e-06
9051.0, 1.1371e-06
9053.0, 1.1371e-06
9055.0, 1.137e-06
9057.0, 1.1369e-06
9059.0, 1.1368e-06
9061.1, 1.1368e-06
9063.1, 1.1367e-06
9065.1, 1.1366e-06
9067.1, 1.1366e-06
9069.1, 1.1365e-06
9071.1, 1.1364e-06
9073.1, 1.1364e-06
9075.1, 1.1363e-06
9077.1, 1.1362e-06
9079.1, 1.1361e-06
9081.1, 1.1361e-06
9083.1, 1.136e-06
9085.1, 1.1359e-06
9087.1, 1.1358e-06
9089.1, 1.1358e-06
9091.1, 1.1357e-06
9093.1, 1.1356e-06
9095.1, 1.1356e-06
9097.1, 1.1355e-06
9099.1, 1.1354e-06
9101.1, 1.1354e-06
9103.1, 1.1353e-06
9105.1, 1.1352e-06
9107.1, 1.1352e-06
9109.1, 1.1351e-06
9111.1, 1.135e-06
9113.1, 1.1349e-06
9115.1, 1.1349e-06
9117.1, 1.1348e-06
9119.1, 1.1347e-06
9121.1, 1.1347e-06
9123.1, 1.1346e-06
9125.1, 1.1345e-06
9127.1, 1.1345e-06
9129.1, 1.1344e-06
9131.1, 1.1343e-06
9133.1, 1.1343e-06
9135.1, 1.1342e-06
9137.1, 1.1341e-06
9139.1, 1.1341e-06
9141.1, 1.134e-06
9143.1, 1.1339e-06
9145.1, 1.1339e-06
9147.1, 1.1338e-06
9149.1, 1.1337e-06
9151.1, 1.1337e-06
9153.1, 1.1336e-06
9155.1, 1.1335e-06
9157.1, 1.1335e-06
9159.1, 1.1334e-06
9161.2, 1.1333e-06
9163.2, 1.1333e-06
9165.2, 1.1332e-06
9167.2, 1.1331e-06
9169.2, 1.1331e-06
9171.2, 1.133e-06
9173.2, 1.1329e-06
9175.2, 1.1329e-06
9177.2, 1.1328e-06
9179.2, 1.1327e-06
9181.2, 1.1327e-06
9183.2, 1.1326e-06
9185.2, 1.1325e-06
9187.2, 1.1325e-06
9189.2, 1.1324e-06
9191.2, 1.1323e-06
9193.2, 1.1323e-06
9195.2, 1.1322e-06
9197.2, 1.1321e-06
9199.2, 1.1321e-06
9201.2, 1.132e-06
9203.2, 1.1319e-06
9205.2, 1.1319e-06
9207.2, 1.1318e-06
9209.2, 1.1317e-06
9211.2, 1.1317e-06
9213.2, 1.1316e-06
9215.2, 1.1315e-06
9217.2, 1.1315e-06
9219.2, 1.1314e-06
9221.2, 1.1313e-06
9223.2, 1.1312e-06
9225.2, 1.1312e-06
9227.2, 1.1311e-06
9229.2, 1.131e-06
9231.2, 1.131e-06
9233.2, 1.1309e-06
9235.2, 1.1309e-06
9237.2, 1.1308e-06
9239.2, 1.1307e-06
9241.2, 1.1307e-06
9243.2, 1.1306e-06
9245.2, 1.1305e-06
9247.2, 1.1305e-06
9249.2, 1.1304e-06
9251.2, 1.1303e-06
9253.2, 1.1303e-06
9255.2, 1.1302e-06
9257.2, 1.1301e-06
9259.2, 1.1301e-06
9261.3, 1.13e-06
9263.3, 1.1299e-06
9265.3, 1.13e-06
9267.3, 1.1306e-06
9269.3, 1.1312e-06
9271.3, 1.1318e-06
9273.3, 1.1323e-06
9275.3, 1.1329e-06
9277.3, 1.1334e-06
9279.3, 1.1339e-06
9281.3, 1.1346e-06
9283.3, 1.1352e-06
9285.3, 1.1358e-06
9287.3, 1.1364e-06
9289.3, 1.137e-06
9291.3, 1.1376e-06
9293.3, 1.1382e-06
9295.3, 1.1388e-06
9297.3, 1.1393e-06
9299.3, 1.1399e-06
9301.3, 1.1404e-06
9303.3, 1.141e-06
9305.3, 1.1417e-06
9307.3, 1.1423e-06
9309.3, 1.1429e-06
9311.3, 1.1434e-06
9313.3, 1.144e-06
9315.3, 1.1447e-06
9317.3, 1.1452e-06
9319.3, 1.1458e-06
9321.3, 1.1464e-06
9323.3, 1.1469e-06
9325.3, 1.1475e-06
9327.3, 1.1481e-06
9329.3, 1.1487e-06
9331.3, 1.1494e-06
9333.3, 1.15e-06
9335.3, 1.1506e-06
9337.3, 1.1512e-06
9339.3, 1.1518e-06
9341.3, 1.1524e-06
9343.3, 1.153e-06
9345.3, 1.1536e-06
9347.3, 1.1542e-06
9349.3, 1.1549e-06
9351.3, 1.1555e-06
9353.3, 1.156e-06
9355.3, 1.1565e-06
9357.3, 1.157e-06
9359.3, 1.1576e-06
9361.4, 1.1583e-06
9363.4, 1.1589e-06
9365.4, 1.1595e-06
9367.4, 1.1601e-06
9369.4, 1.1608e-06
9371.4, 1.1613e-06
9373.4, 1.1618e-06
9375.4, 1.1623e-06
9377.4, 1.1629e-06
9379.4, 1.1635e-06
9381.4, 1.1642e-06
9383.4, 1.1648e-06
9385.4, 1.1655e-06
9387.4, 1.166e-06
9389.4, 1.1666e-06
9391.4, 1.1672e-06
9393.4, 1.1679e-06
9395.4, 1.1685e-06
9397.4, 1.1692e-06
9399.4, 1.1698e-06
9401.4, 1.1703e-06
9403.4, 1.171e-06
9405.4, 1.1716e-06
9407.4, 1.1722e-06
9409.4, 1.1728e-06
9411.4, 1.1734e-06
9413.4, 1.174e-06
9415.4, 1.1746e-06
9417.4, 1.1753e-06
9419.4, 1.1759e-06
9421.4, 1.1766e-06
9423.4, 1.1772e-06
9425.4, 1.1778e-06
9427.4, 1.1784e-06
9429.4, 1.179e-06
9431.4, 1.1796e-06
9433.4, 1.1803e-06
9435.4, 1.1809e-06
9437.4, 1.1816e-06
9439.4, 1.1822e-06
9441.4, 1.1827e-06
9443.4, 1.1834e-06
9445.4, 1.1841e-06
9447.4, 1.1849e-06
9449.4, 1.1855e-06
9451.4, 1.1861e-06
9453.4, 1.1867e-06
9455.4, 1.1872e-06
9457.4, 1.1878e-06
9459.4, 1.1884e-06
9461.5, 1.189e-06
9463.5, 1.1897e-06
9465.5, 1.1903e-06
9467.5, 1.191e-06
9469.5, 1.1916e-06
9471.5, 1.1922e-06
9473.5, 1.1929e-06
9475.5, 1.1936e-06
9477.5, 1.1943e-06
9479.5, 1.1949e-06
9481.5, 1.1956e-06
9483.5, 1.1962e-06
9485.5, 1.1969e-06
9487.5, 1.1975e-06
9489.5, 1.1981e-06
9491.5, 1.1988e-06
9493.5, 1.1994e-06
9495.5, 1.2001e-06
9497.5, 1.2008e-06
9499.5, 1.2014e-06
9501.5, 1.202e-06
9503.5, 1.2026e-06
9505.5, 1.2031e-06
9507.5, 1.2038e-06
9509.5, 1.2044e-06
9511.5, 1.205e-06
9513.5, 1.2056e-06
9515.5, 1.2062e-06
9517.5, 1.2068e-06
9519.5, 1.2074e-06
9521.5, 1.208e-06
9523.5, 1.2086e-06
9525.5, 1.2093e-06
9527.5, 1.2099e-06
9529.5, 1.2106e-06
9531.5, 1.2112e-06
9533.5, 1.2118e-06
9535.5, 1.2125e-06
9537.5, 1.2132e-06
9539.5, 1.2138e-06
9541.5, 1.2144e-06
9543.5, 1.215e-06
9545.5, 1.2157e-06
9547.5, 1.2162e-06
9549.5, 1.2168e-06
9551.5, 1.2174e-06
9553.5, 1.2181e-06
9555.5, 1.2187e-06
9557.5, 1.2193e-06
9559.5, 1.2199e-06
9561.6, 1.2205e-06
9563.6, 1.2211e-06
9565.6, 1.2217e-06
9567.6, 1.2224e-06
9569.6, 1.223e-06
9571.6, 1.2236e-06
9573.6, 1.2243e-06
9575.6, 1.2249e-06
9577.6, 1.2254e-06
9579.6, 1.2261e-06
9581.6, 1.2266e-06
9583.6, 1.2273e-06
9585.6, 1.2279e-06
9587.6, 1.2285e-06
9589.6, 1.2291e-06
9591.6, 1.2298e-06
9593.6, 1.2305e-06
9595.6, 1.231e-06
9597.6, 1.2317e-06
9599.6, 1.2323e-06
9601.6, 1.2329e-06
9603.6, 1.2334e-06
9605.6, 1.2341e-06
9607.6, 1.2347e-06
9609.6, 1.2354e-06
9611.6, 1.236e-06
9613.6, 1.2367e-06
9615.6, 1.2373e-06
9617.6, 1.238e-06
9619.6, 1.2386e-06
9621.6, 1.2393e-06
9623.6, 1.24e-06
9625.6, 1.2406e-06
9627.6, 1.2413e-06
9629.6, 1.2419e-06
9631.6, 1.2426e-06
9633.6, 1.2433e-06
9635.6, 1.2439e-06
9637.6, 1.2445e-06
9639.6, 1.2452e-06
9641.6, 1.2458e-06
9643.6, 1.2465e-06
9645.6, 1.2471e-06
9647.6, 1.2477e-06
9649.6, 1.2483e-06
9651.6, 1.249e-06
9653.6, 1.2496e-06
9655.6, 1.2502e-06
9657.6, 1.2508e-06
9659.6, 1.2514e-06
9661.7, 1.252e-06
9663.7, 1.2527e-06
9665.7, 1.2533e-06
9667.7, 1.254e-06
9669.7, 1.2547e-06
9671.7, 1.2553e-06
9673.7, 1.2559e-06
9675.7, 1.2566e-06
9677.7, 1.2572e-06
9679.7, 1.2578e-06
9681.7, 1.2585e-06
9683.7, 1.2592e-06
9685.7, 1.2598e-06
9687.7, 1.2605e-06
9689.7, 1.2612e-06
9691.7, 1.2618e-06
9693.7, 1.2625e-06
9695.7, 1.2632e-06
9697.7, 1.2638e-06
9699.7, 1.2644e-06
9701.7, 1.265e-06
9703.7, 1.2656e-06
9705.7, 1.2662e-06
9707.7, 1.2668e-06
9709.7, 1.2675e-06
9711.7, 1.2682e-06
9713.7, 1.2688e-06
9715.7, 1.2694e-06
9717.7, 1.2701e-06
9719.7, 1.2709e-06
9721.7, 1.2715e-06
9723.7, 1.2722e-06
9725.7, 1.2728e-06
9727.7, 1.2734e-06
9729.7, 1.274e-06
9731.7, 1.2746e-06
9733.7, 1.2753e-06
9735.7, 1.276e-06
9737.7, 1.2766e-06
9739.7, 1.2773e-06
9741.7, 1.2779e-06
9743.7, 1.2785e-06
9745.7, 1.2792e-06
9747.7, 1.2798e-06
9749.7, 1.2806e-06
9751.7, 1.2813e-06
9753.7, 1.282e-06
9755.7, 1.2826e-06
9757.7, 1.2833e-06
9759.7, 1.2839e-06
9761.8, 1.2845e-06
9763.8, 1.2852e-06
9765.8, 1.2858e-06
9767.8, 1.2864e-06
9769.8, 1.2871e-06
9771.8, 1.2877e-06
9773.8, 1.2884e-06
9775.8, 1.2889e-06
9777.8, 1.2897e-06
9779.8, 1.2903e-06
9781.8, 1.291e-06
9783.8, 1.2917e-06
9785.8, 1.2925e-06
9787.8, 1.2931e-06
9789.8, 1.2938e-06
9791.8, 1.2945e-06
9793.8, 1.2951e-06
9795.8, 1.2958e-06
9797.8, 1.2966e-06
9799.8, 1.2973e-06
9801.8, 1.2979e-06
9803.8, 1.2985e-06
9805.8, 1.2993e-06
9807.8, 1.3e-06
9809.8, 1.3006e-06
9811.8, 1.3013e-06
9813.8, 1.3019e-06
9815.8, 1.3026e-06
9817.8, 1.3032e-06
9819.8, 1.3039e-06
9821.8, 1.3047e-06
9823.8, 1.3054e-06
9825.8, 1.306e-06
9827.8, 1.3066e-06
9829.8, 1.3073e-06
9831.8, 1.3079e-06
9833.8, 1.3086e-06
9835.8, 1.3093e-06
9837.8, 1.31e-06
9839.8, 1.3106e-06
9841.8, 1.3113e-06
9843.8, 1.312e-06
9845.8, 1.3126e-06
9847.8, 1.3132e-06
9849.8, 1.3138e-06
9851.8, 1.3144e-06
9853.8, 1.3151e-06
9855.8, 1.3158e-06
9857.8, 1.3165e-06
9859.8, 1.317e-06
9861.9, 1.3177e-06
9863.9, 1.3183e-06
9865.9, 1.319e-06
9867.9, 1.3196e-06
9869.9, 1.3202e-06
9871.9, 1.3209e-06
9873.9, 1.3216e-06
9875.9, 1.3222e-06
9877.9, 1.3229e-06
9879.9, 1.3236e-06
9881.9, 1.3243e-06
9883.9, 1.3249e-06
9885.9, 1.3256e-06
9887.9, 1.3263e-06
9889.9, 1.327e-06
9891.9, 1.3276e-06
9893.9, 1.3283e-06
9895.9, 1.3289e-06
9897.9, 1.3295e-06
9899.9, 1.3302e-06
9901.9, 1.3308e-06
9903.9, 1.3315e-06
9905.9, 1.3321e-06
9907.9, 1.3328e-06
9909.9, 1.3334e-06
9911.9, 1.3341e-06
9913.9, 1.3348e-06
9915.9, 1.3354e-06
9917.9, 1.336e-06
9919.9, 1.3367e-06
9921.9, 1.3373e-06
9923.9, 1.338e-06
9925.9, 1.3388e-06
9927.9, 1.3395e-06
9929.9, 1.3402e-06
9931.9, 1.3409e-06
9933.9, 1.3416e-06
9935.9, 1.3422e-06
9937.9, 1.343e-06
9939.9, 1.3436e-06
9941.9, 1.3442e-06
9943.9, 1.3448e-06
9945.9, 1.3455e-06
9947.9, 1.3461e-06
9949.9, 1.3467e-06
9951.9, 1.3472e-06
9953.9, 1.3478e-06
9955.9, 1.3484e-06
9957.9, 1.3491e-06
9959.9, 1.3498e-06
9962.0, 1.3504e-06
9964.0, 1.351e-06
9966.0, 1.3517e-06
9968.0, 1.3524e-06
9970.0, 1.353e-06
9972.0, 1.3536e-06
9974.0, 1.3542e-06
9976.0, 1.3549e-06
9978.0, 1.3556e-06
9980.0, 1.3562e-06
9982.0, 1.3569e-06
9984.0, 1.3575e-06
9986.0, 1.3582e-06
9988.0, 1.3589e-06
9990.0, 1.3595e-06
9992.0, 1.3602e-06
9994.0, 1.3609e-06
9996.0, 1.3615e-06
9998.0, 1.3621e-06
10000.0, 1.3626e-06
10002.0, 1.3633e-06
10004.0, 1.364e-06
10006.0, 1.3647e-06
10008.0, 1.3653e-06
10010.0, 1.366e-06
10012.0, 1.3666e-06
10014.0, 1.3672e-06
10016.0, 1.3678e-06
10018.0, 1.3685e-06
10020.0, 1.3691e-06
10022.0, 1.3698e-06
10024.0, 1.3704e-06
10026.0, 1.3711e-06
10028.0, 1.3718e-06
10030.0, 1.3725e-06
10032.0, 1.3731e-06
10034.0, 1.3737e-06
10036.0, 1.3744e-06
10038.0, 1.375e-06
10040.0, 1.3757e-06
10042.0, 1.3763e-06
10044.0, 1.377e-06
10046.0, 1.3776e-06
10048.0, 1.3783e-06
10050.0, 1.3789e-06
10052.0, 1.3797e-06
10054.0, 1.3803e-06
10056.0, 1.381e-06
10058.0, 1.3816e-06
10060.0, 1.3824e-06
10062.0, 1.383e-06
10064.0, 1.3837e-06
10066.0, 1.3844e-06
10068.0, 1.3851e-06
10070.0, 1.3858e-06
10072.0, 1.3865e-06
10074.0, 1.3871e-06
10076.0, 1.3878e-06
10078.0, 1.3885e-06
10080.0, 1.3892e-06
10082.0, 1.3898e-06
10084.0, 1.3906e-06
10086.0, 1.3912e-06
10088.0, 1.3917e-06
10090.0, 1.3924e-06
10092.0, 1.3931e-06
10094.0, 1.3938e-06
10096.0, 1.3944e-06
10098.0, 1.3951e-06
10100.0, 1.3958e-06
10102.0, 1.3965e-06
10104.0, 1.3972e-06
10106.0, 1.3978e-06
10108.0, 1.3985e-06
10110.0, 1.3991e-06
10112.0, 1.3999e-06
10114.0, 1.4005e-06
10116.0, 1.4012e-06
10118.0, 1.4019e-06
10120.0, 1.4026e-06
10122.0, 1.4033e-06
10124.0, 1.404e-06
10126.0, 1.4047e-06
10128.0, 1.4054e-06
10130.0, 1.4061e-06
10132.0, 1.4068e-06
10134.0, 1.4075e-06
10136.0, 1.4082e-06
10138.0, 1.4089e-06
10140.0, 1.4096e-06
10142.0, 1.4103e-06
10144.0, 1.4109e-06
10146.0, 1.4117e-06
10148.0, 1.4122e-06
10150.0, 1.4129e-06
10152.0, 1.4136e-06
10154.0, 1.4143e-06
10156.0, 1.4149e-06
10158.0, 1.4156e-06
10160.0, 1.4163e-06
10162.0, 1.417e-06
10164.0, 1.4177e-06
10166.0, 1.4184e-06
10168.0, 1.4191e-06
10170.0, 1.4198e-06
10172.0, 1.4204e-06
10174.0, 1.4211e-06
10176.0, 1.4217e-06
10178.0, 1.4224e-06
10180.0, 1.4231e-06
10182.0, 1.4238e-06
10184.0, 1.4244e-06
10186.0, 1.425e-06
10188.0, 1.4257e-06
10190.0, 1.4263e-06
10192.0, 1.427e-06
10194.0, 1.4277e-06
10196.0, 1.4283e-06
10198.0, 1.4289e-06
10200.0, 1.4296e-06
10202.0, 1.4302e-06
10204.0, 1.4309e-06
10206.0, 1.4317e-06
10208.0, 1.4324e-06
10210.0, 1.4331e-06
10212.0, 1.4337e-06
10214.0, 1.4344e-06
10216.0, 1.4351e-06
10218.0, 1.4358e-06
10220.0, 1.4364e-06
10222.0, 1.437e-06
10224.0, 1.4377e-06
10226.0, 1.4383e-06
10228.0, 1.4391e-06
10230.0, 1.4397e-06
10232.0, 1.4404e-06
10234.0, 1.441e-06
10236.0, 1.4417e-06
10238.0, 1.4424e-06
10240.0, 1.443e-06
10242.0, 1.4437e-06
10244.0, 1.4444e-06
10246.0, 1.4451e-06
10248.0, 1.4458e-06
10250.0, 1.4465e-06
10252.0, 1.4472e-06
10254.0, 1.4478e-06
10256.0, 1.4486e-06
10258.0, 1.4492e-06
10260.0, 1.4498e-06
10262.0, 1.4505e-06
10264.0, 1.4511e-06
10266.0, 1.4516e-06
10268.0, 1.4515e-06
10270.0, 1.4515e-06
10272.0, 1.4514e-06
10274.0, 1.4513e-06
10276.0, 1.4513e-06
10278.0, 1.4512e-06
10280.0, 1.4512e-06
10282.0, 1.4511e-06
10284.0, 1.451e-06
10286.0, 1.451e-06
10288.0, 1.4509e-06
10290.0, 1.4509e-06
10292.0, 1.4508e-06
10294.0, 1.4507e-06
10296.0, 1.4507e-06
10298.0, 1.4506e-06
10300.0, 1.4505e-06
10302.0, 1.4505e-06
10304.0, 1.4504e-06
10306.0, 1.4504e-06
10308.0, 1.4503e-06
10310.0, 1.4503e-06
10312.0, 1.4502e-06
10314.0, 1.4501e-06
10316.0, 1.4501e-06
10318.0, 1.45e-06
10320.0, 1.45e-06
10322.0, 1.4499e-06
10324.0, 1.4498e-06
10326.0, 1.4498e-06
10328.0, 1.4497e-06
10330.0, 1.4496e-06
10332.0, 1.4496e-06
10334.0, 1.4495e-06
10336.0, 1.4495e-06
10338.0, 1.4494e-06
10340.0, 1.4493e-06
10342.0, 1.4493e-06
10344.0, 1.4492e-06
10346.0, 1.4492e-06
10348.0, 1.4491e-06
10350.0, 1.449e-06
10352.0, 1.449e-06
10354.0, 1.4489e-06
10356.0, 1.4488e-06
10358.0, 1.4488e-06
10360.0, 1.4487e-06
10362.0, 1.4487e-06
10364.0, 1.4486e-06
10366.0, 1.4485e-06
10368.0, 1.4485e-06
10370.0, 1.4484e-06
10372.0, 1.4484e-06
10374.0, 1.4483e-06
10376.0, 1.4483e-06
10378.0, 1.4482e-06
10380.0, 1.4481e-06
10382.0, 1.4481e-06
10384.0, 1.448e-06
10386.0, 1.448e-06
10388.0, 1.4479e-06
10390.0, 1.4478e-06
10392.0, 1.4478e-06
10394.0, 1.4477e-06
10396.0, 1.4477e-06
10398.0, 1.4476e-06
10400.0, 1.4475e-06
10402.0, 1.4475e-06
10404.0, 1.4474e-06
10406.0, 1.4474e-06
10408.0, 1.4473e-06
10410.0, 1.4473e-06
10412.0, 1.4472e-06
10414.0, 1.4471e-06
10416.0, 1.4471e-06
10418.0, 1.447e-06
10420.0, 1.4469e-06
10422.0, 1.4469e-06
10424.0, 1.4468e-06
10426.0, 1.4467e-06
10428.0, 1.4467e-06
10430.0, 1.4466e-06
10432.0, 1.4466e-06
10434.0, 1.4465e-06
10436.0, 1.4464e-06
10438.0, 1.4464e-06
10440.0, 1.4463e-06
10442.0, 1.4463e-06
10444.0, 1.4462e-06
10446.0, 1.4461e-06
10448.0, 1.4461e-06
10450.0, 1.446e-06
10452.0, 1.4459e-06
10454.0, 1.4459e-06
10456.0, 1.4458e-06
10458.0, 1.4458e-06
10460.0, 1.4457e-06
10462.0, 1.4456e-06
10464.0, 1.4456e-06
10466.0, 1.4455e-06
10468.0, 1.4455e-06
10470.0, 1.4454e-06
10472.0, 1.4453e-06
10474.0, 1.4453e-06
10476.0, 1.4452e-06
10478.0, 1.4452e-06
10480.0, 1.4451e-06
10482.0, 1.4451e-06
10484.0, 1.445e-06
10486.0, 1.4449e-06
10488.0, 1.4449e-06
10490.0, 1.4448e-06
10492.0, 1.4448e-06
10494.0, 1.4447e-06
10496.0, 1.4447e-06
10498.0, 1.4446e-06
10500.0, 1.4446e-06
10502.0, 1.4445e-06
10504.0, 1.4444e-06
10506.0, 1.4444e-06
10508.0, 1.4443e-06
10510.0, 1.4443e-06
10513.0, 1.4442e-06
10515.0, 1.4441e-06
10517.0, 1.4441e-06
10519.0, 1.444e-06
10521.0, 1.4439e-06
10523.0, 1.4439e-06
10525.0, 1.4438e-06
10527.0, 1.4438e-06
10529.0, 1.4437e-06
10531.0, 1.4436e-06
10533.0, 1.4436e-06
10535.0, 1.4435e-06
10537.0, 1.4435e-06
10539.0, 1.4434e-06
10541.0, 1.4434e-06
10543.0, 1.4433e-06
10545.0, 1.4432e-06
10547.0, 1.4432e-06
10549.0, 1.4431e-06
10551.0, 1.4431e-06
10553.0, 1.443e-06
10555.0, 1.443e-06
10557.0, 1.4429e-06
10559.0, 1.4428e-06
10561.0, 1.4428e-06
10563.0, 1.4427e-06
10565.0, 1.4427e-06
10567.0, 1.4426e-06
10569.0, 1.4426e-06
10571.0, 1.4425e-06
10573.0, 1.4424e-06
10575.0, 1.4424e-06
10577.0, 1.4423e-06
10579.0, 1.4423e-06
10581.0, 1.4422e-06
10583.0, 1.4422e-06
10585.0, 1.4421e-06
10587.0, 1.442e-06
10589.0, 1.442e-06
10591.0, 1.4419e-06
10593.0, 1.4419e-06
10595.0, 1.4418e-06
10597.0, 1.4418e-06
10599.0, 1.4417e-06
10601.0, 1.4416e-06
10603.0, 1.4416e-06
10605.0, 1.4415e-06
10607.0, 1.4415e-06
10609.0, 1.4414e-06
10611.0, 1.4414e-06
10613.0, 1.4413e-06
10615.0, 1.4412e-06
10617.0, 1.4412e-06
10619.0, 1.4411e-06
10621.0, 1.4411e-06
10623.0, 1.441e-06
10625.0, 1.4409e-06
10627.0, 1.4409e-06
10629.0, 1.4408e-06
10631.0, 1.4408e-06
10633.0, 1.4407e-06
10635.0, 1.4407e-06
10637.0, 1.4406e-06
10639.0, 1.4405e-06
10641.0, 1.4405e-06
10643.0, 1.4404e-06
10645.0, 1.4404e-06
10647.0, 1.4403e-06
10649.0, 1.4403e-06
10651.0, 1.4402e-06
10653.0, 1.4401e-06
10655.0, 1.4401e-06
10657.0, 1.44e-06
10659.0, 1.44e-06
10661.0, 1.4399e-06
10663.0, 1.4399e-06
10665.0, 1.4398e-06
10667.0, 1.4398e-06
10669.0, 1.4397e-06
10671.0, 1.4396e-06
10673.0, 1.4396e-06
10675.0, 1.4395e-06
10677.0, 1.4395e-06
10679.0, 1.4394e-06
10681.0, 1.4394e-06
10683.0, 1.4393e-06
10685.0, 1.4392e-06
10687.0, 1.4392e-06
10689.0, 1.4391e-06
10691.0, 1.4391e-06
10693.0, 1.439e-06
10695.0, 1.439e-06
10697.0, 1.4389e-06
10699.0, 1.4389e-06
10701.0, 1.4388e-06
10703.0, 1.4388e-06
10705.0, 1.4387e-06
10707.0, 1.4387e-06
10709.0, 1.4386e-06
10711.0, 1.4386e-06
10713.0, 1.4385e-06
10715.0, 1.4385e-06
10717.0, 1.4384e-06
10719.0, 1.4384e-06
10721.0, 1.4383e-06
10723.0, 1.4383e-06
10725.0, 1.4382e-06
10727.0, 1.4381e-06
10729.0, 1.4381e-06
10731.0, 1.438e-06
10733.0, 1.438e-06
10735.0, 1.4379e-06
10737.0, 1.4379e-06
10739.0, 1.4378e-06
10741.0, 1.4378e-06
10743.0, 1.4377e-06
10745.0, 1.4377e-06
10747.0, 1.4376e-06
10749.0, 1.4376e-06
10751.0, 1.4375e-06
10753.0, 1.4374e-06
10755.0, 1.4374e-06
10757.0, 1.4373e-06
10759.0, 1.4373e-06
10761.0, 1.4372e-06
10763.0, 1.4372e-06
10765.0, 1.4371e-06
10767.0, 1.437e-06
10769.0, 1.437e-06
10771.0, 1.4369e-06
10773.0, 1.4369e-06
10775.0, 1.4368e-06
10777.0, 1.4367e-06
10779.0, 1.4367e-06
10781.0, 1.4366e-06
10783.0, 1.4366e-06
10785.0, 1.4365e-06
10787.0, 1.4364e-06
10789.0, 1.4364e-06
10791.0, 1.4363e-06
10793.0, 1.4362e-06
10795.0, 1.4362e-06
10797.0, 1.4361e-06
10799.0, 1.4361e-06
10801.0, 1.436e-06
10803.0, 1.436e-06
10805.0, 1.4359e-06
10807.0, 1.4358e-06
10809.0, 1.4358e-06
10811.0, 1.4357e-06
10813.0, 1.4357e-06
10815.0, 1.4356e-06
10817.0, 1.4355e-06
10819.0, 1.4355e-06
10821.0, 1.4354e-06
10823.0, 1.4353e-06
10825.0, 1.4353e-06
10827.0, 1.4352e-06
10829.0, 1.4352e-06
10831.0, 1.4351e-06
10833.0, 1.4351e-06
10835.0, 1.435e-06
10837.0, 1.4349e-06
10839.0, 1.4349e-06
10841.0, 1.4348e-06
10843.0, 1.4348e-06
10845.0, 1.4347e-06
10847.0, 1.4346e-06
10849.0, 1.4346e-06
10851.0, 1.4345e-06
10853.0, 1.4345e-06
10855.0, 1.4344e-06
10857.0, 1.4344e-06
10859.0, 1.4343e-06
10861.0, 1.4342e-06
10863.0, 1.4342e-06
10865.0, 1.4341e-06
10867.0, 1.4341e-06
10869.0, 1.434e-06
10871.0, 1.4339e-06
10873.0, 1.4339e-06
10875.0, 1.4339e-06
10877.0, 1.4338e-06
10879.0, 1.4338e-06
10881.0, 1.4337e-06
10883.0, 1.4337e-06
10885.0, 1.4336e-06
10887.0, 1.4336e-06
10889.0, 1.4335e-06
10891.0, 1.4335e-06
10893.0, 1.4334e-06
10895.0, 1.4334e-06
10897.0, 1.4333e-06
10899.0, 1.4333e-06
10901.0, 1.4332e-06
10903.0, 1.4332e-06
10905.0, 1.4331e-06
10907.0, 1.4331e-06
10909.0, 1.433e-06
10911.0, 1.433e-06
10913.0, 1.4329e-06
10915.0, 1.4329e-06
10917.0, 1.4328e-06
10919.0, 1.4328e-06
10921.0, 1.4327e-06
10923.0, 1.4327e-06
10925.0, 1.4326e-06
10927.0, 1.4326e-06
10929.0, 1.4325e-06
10931.0, 1.4324e-06
10933.0, 1.4324e-06
10935.0, 1.4323e-06
10937.0, 1.4323e-06
10939.0, 1.4322e-06
10941.0, 1.4322e-06
10943.0, 1.4321e-06
10945.0, 1.4321e-06
10947.0, 1.432e-06
10949.0, 1.432e-06
10951.0, 1.4319e-06
10953.0, 1.4318e-06
10955.0, 1.4318e-06
10957.0, 1.4317e-06
10959.0, 1.4317e-06
10961.0, 1.4316e-06
10963.0, 1.4316e-06
10965.0, 1.4315e-06
10967.0, 1.4315e-06
10969.0, 1.4314e-06
10971.0, 1.4314e-06
10973.0, 1.4313e-06
10975.0, 1.4313e-06
10977.0, 1.4312e-06
10979.0, 1.4311e-06
10981.0, 1.4311e-06
10983.0, 1.431e-06
10985.0, 1.431e-06
10987.0, 1.4309e-06
10989.0, 1.4309e-06
10991.0, 1.4308e-06
10993.0, 1.4307e-06
10995.0, 1.4307e-06
10997.0, 1.4306e-06
10999.0, 1.4306e-06
11001.0, 1.4305e-06
11003.0, 1.4305e-06
11005.0, 1.4304e-06
11007.0, 1.4304e-06
11009.0, 1.4303e-06
