Time sep (ms?), Current (A)
0.0, -4.339e-08
2.002, -3.966e-08
4.004, -4.129e-08
6.006, -3.944e-08
8.008, -3.905e-08
10.01, -3.977e-08
12.012, -4.21e-08
14.014, -3.785e-08
16.016, -4.205e-08
18.018, -4.228e-08
20.02, -4.105e-08
22.022, -4.325e-08
24.024, -4.235e-08
26.026, -4.294e-08
28.028, -4.063e-08
30.03, -4.303e-08
32.032, -4.521e-08
34.034, -4.343e-08
36.036, -3.914e-08
38.038, -3.899e-08
40.04, -4.135e-08
42.042, -4.44e-08
44.044, -4.025e-08
46.046, -4.38e-08
48.048, -4.485e-08
50.05, -4.591e-08
52.052, -4.239e-08
54.054, -4.198e-08
56.056, -4.564e-08
58.058, -4.083e-08
60.06, -4.36e-08
62.062, -4.255e-08
64.064, -4.095e-08
66.066, -3.928e-08
68.068, -4.34e-08
70.07, -4.088e-08
72.072, -4.286e-08
74.074, -3.884e-08
76.076, -4.108e-08
78.078, -4.07e-08
80.08, -3.867e-08
82.082, -3.994e-08
84.084, -4.036e-08
86.086, -3.995e-08
88.088, -3.642e-08
90.09, -3.945e-08
92.092, -4.342e-08
94.094, -4.005e-08
96.096, -3.859e-08
98.098, -3.673e-08
100.1, -3.827e-08
102.1, -3.92e-08
104.1, -3.494e-08
106.11, -3.413e-08
108.11, -3.714e-08
110.11, -3.303e-08
112.11, -3.607e-08
114.11, -3.426e-08
116.12, -3.057e-08
118.12, -3.379e-08
120.12, -3.709e-08
122.12, -3.373e-08
124.12, -3.565e-08
126.13, -3.65e-08
128.13, -3.496e-08
130.13, -3.661e-08
132.13, -4.009e-08
134.13, -3.37e-08
136.14, -3.361e-08
138.14, -3.329e-08
140.14, -2.957e-08
142.14, -3.326e-08
144.14, -3.355e-08
146.15, -3.556e-08
148.15, -3.475e-08
150.15, -3.461e-08
152.15, -3.802e-08
154.15, -3.243e-08
156.16, -3.253e-08
158.16, -2.949e-08
160.16, -3.55e-08
162.16, -3.549e-08
164.16, -3.667e-08
166.17, -3.322e-08
168.17, -3.429e-08
170.17, -3.416e-08
172.17, -3.673e-08
174.17, -4.083e-08
176.18, -3.557e-08
178.18, -3.906e-08
180.18, -3.695e-08
182.18, -3.672e-08
184.18, -3.558e-08
186.19, -3.644e-08
188.19, -3.567e-08
190.19, -3.674e-08
192.19, -3.679e-08
194.19, -3.622e-08
196.2, -3.868e-08
198.2, -3.722e-08
200.2, -3.63e-08
202.2, -3.615e-08
204.2, -3.614e-08
206.21, -3.775e-08
208.21, -3.474e-08
210.21, -3.529e-08
212.21, -3.724e-08
214.21, -3.389e-08
216.22, -3.332e-08
218.22, -3.358e-08
220.22, -3.422e-08
222.22, -3.992e-08
224.22, -3.628e-08
226.23, -3.798e-08
228.23, -3.535e-08
230.23, -3.314e-08
232.23, -3.694e-08
234.23, -3.844e-08
236.24, -3.776e-08
238.24, -3.551e-08
240.24, -3.828e-08
242.24, -3.861e-08
244.24, -3.874e-08
246.25, -3.823e-08
248.25, -3.452e-08
250.25, -3.46e-08
252.25, -3.518e-08
254.25, -3.519e-08
256.26, -3.716e-08
258.26, -3.672e-08
260.26, -3.568e-08
262.26, -4.082e-08
264.26, -3.785e-08
266.27, -3.767e-08
268.27, -3.583e-08
270.27, -3.908e-08
272.27, -3.931e-08
274.27, -3.699e-08
276.28, -3.6e-08
278.28, -3.74e-08
280.28, -3.75e-08
282.28, -3.912e-08
284.28, -3.396e-08
286.29, -3.803e-08
288.29, -3.727e-08
290.29, -4.012e-08
292.29, -4.013e-08
294.29, -3.35e-08
296.3, -3.64e-08
298.3, -3.72e-08
300.3, -3.671e-08
302.3, -3.364e-08
304.3, -3.617e-08
306.31, -3.598e-08
308.31, -3.851e-08
310.31, -3.663e-08
312.31, -3.912e-08
314.31, -3.79e-08
316.32, -3.702e-08
318.32, -3.62e-08
320.32, -3.872e-08
322.32, -3.755e-08
324.32, -4.183e-08
326.33, -3.662e-08
328.33, -3.833e-08
330.33, -4.066e-08
332.33, -3.945e-08
334.33, -3.863e-08
336.34, -3.838e-08
338.34, -3.696e-08
340.34, -3.992e-08
342.34, -4.419e-08
344.34, -4.08e-08
346.35, -4.002e-08
348.35, -3.961e-08
350.35, -3.792e-08
352.35, -3.756e-08
354.35, -3.622e-08
356.36, -3.497e-08
358.36, -3.566e-08
360.36, -3.752e-08
362.36, -4.235e-08
364.36, -3.704e-08
366.37, -4.36e-08
368.37, -4.276e-08
370.37, -4.088e-08
372.37, -3.903e-08
374.37, -3.946e-08
376.38, -3.716e-08
378.38, -3.629e-08
380.38, -3.688e-08
382.38, -3.691e-08
384.38, -3.251e-08
386.39, -3.034e-08
388.39, -3.643e-08
390.39, -3.084e-08
392.39, -3.856e-08
394.39, -3.694e-08
396.4, -3.886e-08
398.4, -4.177e-08
400.4, -4.042e-08
402.4, -4.021e-08
404.4, -4.134e-08
406.41, -4.164e-08
408.41, -3.982e-08
410.41, -3.817e-08
412.41, -3.479e-08
414.41, -3.899e-08
416.42, -3.728e-08
418.42, -4.15e-08
420.42, -4.176e-08
422.42, -3.899e-08
424.42, -3.975e-08
426.43, -3.771e-08
428.43, -3.982e-08
430.43, -3.998e-08
432.43, -3.927e-08
434.43, -3.977e-08
436.44, -3.891e-08
438.44, -3.908e-08
440.44, -3.606e-08
442.44, -3.949e-08
444.44, -4.415e-08
446.45, -4.356e-08
448.45, -4.193e-08
450.45, -3.829e-08
452.45, -3.951e-08
454.45, -4.036e-08
456.46, -3.993e-08
458.46, -3.671e-08
460.46, -3.762e-08
462.46, -4.08e-08
464.46, -3.95e-08
466.47, -4.126e-08
468.47, -3.732e-08
470.47, -3.904e-08
472.47, -3.93e-08
474.47, -3.777e-08
476.48, -3.547e-08
478.48, -3.396e-08
480.48, -3.295e-08
482.48, -3.41e-08
484.48, -3.442e-08
486.49, -3.623e-08
488.49, -3.697e-08
490.49, -3.673e-08
492.49, -3.925e-08
494.49, -3.371e-08
496.5, -3.778e-08
498.5, -3.676e-08
500.5, -3.907e-08
502.5, -3.751e-08
504.5, -3.597e-08
506.51, -3.613e-08
508.51, -3.579e-08
510.51, -3.257e-08
512.51, -3.686e-08
514.51, -3.541e-08
516.52, -3.924e-08
518.52, -3.896e-08
520.52, -4.009e-08
522.52, -3.875e-08
524.52, -3.988e-08
526.53, -3.566e-08
528.53, -3.848e-08
530.53, -3.862e-08
532.53, -4.201e-08
534.53, -3.814e-08
536.54, -3.722e-08
538.54, -4.109e-08
540.54, -4.219e-08
542.54, -4.415e-08
544.54, -4.195e-08
546.55, -4.129e-08
548.55, -3.891e-08
550.55, -4.307e-08
552.55, -4.069e-08
554.55, -4.292e-08
556.56, -4.45e-08
558.56, -3.954e-08
560.56, -4.021e-08
562.56, -4.137e-08
564.56, -3.654e-08
566.57, -3.887e-08
568.57, -3.765e-08
570.57, -4.293e-08
572.57, -4.297e-08
574.57, -4.391e-08
576.58, -4.096e-08
578.58, -3.502e-08
580.58, -4.19e-08
582.58, -4.24e-08
584.58, -4.246e-08
586.59, -4.382e-08
588.59, -4.289e-08
590.59, -4.32e-08
592.59, -4.282e-08
594.59, -4.005e-08
596.6, -3.976e-08
598.6, -3.809e-08
600.6, -4.11e-08
602.6, -4.085e-08
604.6, -4.209e-08
606.61, -4.098e-08
608.61, -4.458e-08
610.61, -3.809e-08
612.61, -3.831e-08
614.61, -3.952e-08
616.62, -4.187e-08
618.62, -3.676e-08
620.62, -3.787e-08
622.62, -3.758e-08
624.62, -3.756e-08
626.63, -3.819e-08
628.63, -3.875e-08
630.63, -3.958e-08
632.63, -4.081e-08
634.63, -3.949e-08
636.64, -3.687e-08
638.64, -3.929e-08
640.64, -4.085e-08
642.64, -3.932e-08
644.64, -4.079e-08
646.65, -4.015e-08
648.65, -4.376e-08
650.65, -4.609e-08
652.65, -4.593e-08
654.65, -4.436e-08
656.66, -4.068e-08
658.66, -3.949e-08
660.66, -3.925e-08
662.66, -3.948e-08
664.66, -3.869e-08
666.67, -3.801e-08
668.67, -3.83e-08
670.67, -3.964e-08
672.67, -3.91e-08
674.67, -3.797e-08
676.68, -4.052e-08
678.68, -3.85e-08
680.68, -4.034e-08
682.68, -3.944e-08
684.68, -4.012e-08
686.69, -4.139e-08
688.69, -3.937e-08
690.69, -4.201e-08
692.69, -3.979e-08
694.69, -3.796e-08
696.7, -4.097e-08
698.7, -3.923e-08
700.7, -4.308e-08
702.7, -4.323e-08
704.7, -4.17e-08
706.71, -4.146e-08
708.71, -4.81e-08
710.71, -4.176e-08
712.71, -4.007e-08
714.71, -4.053e-08
716.72, -3.899e-08
718.72, -4.03e-08
720.72, -4.178e-08
722.72, -4.411e-08
724.72, -4.188e-08
726.73, -4.206e-08
728.73, -4.156e-08
730.73, -4.12e-08
732.73, -4.008e-08
734.73, -4.509e-08
736.74, -4.3e-08
738.74, -3.541e-08
740.74, -3.644e-08
742.74, -4.385e-08
744.74, -4.081e-08
746.75, -4.2e-08
748.75, -4.218e-08
750.75, -3.915e-08
752.75, -3.898e-08
754.75, -4.185e-08
756.76, -4.322e-08
758.76, -4.227e-08
760.76, -4.296e-08
762.76, -3.925e-08
764.76, -4.015e-08
766.77, -4.039e-08
768.77, -4.174e-08
770.77, -4.265e-08
772.77, -4.19e-08
774.77, -4.041e-08
776.78, -3.741e-08
778.78, -3.815e-08
780.78, -3.626e-08
782.78, -3.676e-08
784.78, -3.961e-08
786.79, -3.764e-08
788.79, -3.497e-08
790.79, -3.434e-08
792.79, -3.712e-08
794.79, -3.654e-08
796.8, -4.039e-08
798.8, -4.061e-08
800.8, -3.941e-08
802.8, -3.725e-08
804.8, -3.364e-08
806.81, -3.834e-08
808.81, -3.947e-08
810.81, -3.932e-08
812.81, -3.697e-08
814.81, -3.624e-08
816.82, -3.494e-08
818.82, -3.38e-08
820.82, -3.568e-08
822.82, -3.583e-08
824.82, -3.987e-08
826.83, -3.479e-08
828.83, -3.81e-08
830.83, -3.766e-08
832.83, -3.793e-08
834.83, -4.251e-08
836.84, -4.079e-08
838.84, -3.802e-08
840.84, -3.995e-08
842.84, -3.9e-08
844.84, -3.866e-08
846.85, -4.056e-08
848.85, -4.015e-08
850.85, -3.772e-08
852.85, -4.134e-08
854.85, -4.392e-08
856.86, -4.161e-08
858.86, -4.19e-08
860.86, -4.168e-08
862.86, -4.115e-08
864.86, -4.117e-08
866.87, -4.111e-08
868.87, -3.821e-08
870.87, -4.364e-08
872.87, -3.965e-08
874.87, -4.065e-08
876.88, -3.919e-08
878.88, -3.742e-08
880.88, -3.477e-08
882.88, -3.615e-08
884.88, -3.967e-08
886.89, -3.515e-08
888.89, -3.491e-08
890.89, -3.701e-08
892.89, -3.578e-08
894.89, -3.773e-08
896.9, -4.032e-08
898.9, -3.813e-08
900.9, -3.637e-08
902.9, -3.555e-08
904.9, -3.644e-08
906.91, -3.425e-08
908.91, -3.57e-08
910.91, -3.974e-08
912.91, -3.819e-08
914.91, -3.808e-08
916.92, -3.773e-08
918.92, -3.584e-08
920.92, -3.468e-08
922.92, -3.77e-08
924.92, -3.663e-08
926.93, -3.646e-08
928.93, -3.784e-08
930.93, -3.785e-08
932.93, -3.848e-08
934.93, -3.291e-08
936.94, -3.435e-08
938.94, -3.494e-08
940.94, -3.334e-08
942.94, -4.011e-08
944.94, -3.588e-08
946.95, -3.525e-08
948.95, -3.569e-08
950.95, -3.725e-08
952.95, -3.489e-08
954.95, -3.563e-08
956.96, -3.947e-08
958.96, -3.364e-08
960.96, -3.925e-08
962.96, -3.838e-08
964.96, -3.824e-08
966.97, -3.811e-08
968.97, -3.867e-08
970.97, -3.664e-08
972.97, -3.661e-08
974.97, -3.625e-08
976.98, -3.548e-08
978.98, -3.614e-08
980.98, -3.465e-08
982.98, -3.709e-08
984.98, -3.534e-08
986.99, -3.607e-08
988.99, -3.542e-08
990.99, -3.713e-08
992.99, -3.757e-08
994.99, -3.849e-08
997.0, -3.646e-08
999.0, -3.542e-08
1001.0, -3.849e-08
1003.0, -3.599e-08
1005.0, -3.776e-08
1007.0, -3.643e-08
1009.0, -3.671e-08
1011.0, -3.537e-08
1013.0, 2.6088e-06
1015.0, 5.1283e-06
1017.0, 5.1069e-06
1019.0, 5.0442e-06
1021.0, 5.0857e-06
1023.0, 5.0063e-06
1025.0, 5.036e-06
1027.0, 5.1543e-06
1029.0, 5.036e-06
1031.0, 5.0177e-06
1033.0, 5.0371e-06
1035.0, 5.0358e-06
1037.0, 5.1583e-06
1039.0, 5.0263e-06
1041.0, 5.0174e-06
1043.0, 5.0973e-06
1045.0, 5.1324e-06
1047.0, 5.0856e-06
1049.0, 5.051e-06
1051.0, 4.9613e-06
1053.1, 5.1033e-06
1055.1, 5.0708e-06
1057.1, 5.0358e-06
1059.1, 5.0502e-06
1061.1, 5.0584e-06
1063.1, 4.9145e-06
1065.1, 5.1399e-06
1067.1, 5.02e-06
1069.1, 4.9403e-06
1071.1, 5.0706e-06
1073.1, 5.0935e-06
1075.1, 4.9951e-06
1077.1, 5.033e-06
1079.1, 5.0293e-06
1081.1, 5.0607e-06
1083.1, 5.1684e-06
1085.1, 5.0536e-06
1087.1, 5.1828e-06
1089.1, 5.1586e-06
1091.1, 5.1854e-06
1093.1, 4.9602e-06
1095.1, 5.0978e-06
1097.1, 5.0712e-06
1099.1, 5.1567e-06
1101.1, 5.236e-06
1103.1, 5.0591e-06
1105.1, 5.1167e-06
1107.1, 5.1565e-06
1109.1, 5.0225e-06
1111.1, 5.1817e-06
1113.1, 4.8856e-06
1115.1, 5.1829e-06
1117.1, 5.0586e-06
1119.1, 5.0423e-06
1121.1, 5.1424e-06
1123.1, 5.1112e-06
1125.1, 5.1087e-06
1127.1, 5.0322e-06
1129.1, 5.1383e-06
1131.1, 5.0644e-06
1133.1, 5.0743e-06
1135.1, 5.1456e-06
1137.1, 5.043e-06
1139.1, 5.0929e-06
1141.1, 5.0538e-06
1143.1, 5.2657e-06
1145.1, 5.1204e-06
1147.1, 5.1576e-06
1149.1, 5.0807e-06
1151.1, 5.0917e-06
1153.2, 5.2432e-06
1155.2, 5.1807e-06
1157.2, 5.1693e-06
1159.2, 5.1307e-06
1161.2, 5.1457e-06
1163.2, 5.1086e-06
1165.2, 5.1797e-06
1167.2, 5.1161e-06
1169.2, 5.2109e-06
1171.2, 5.2193e-06
1173.2, 5.2936e-06
1175.2, 4.9976e-06
1177.2, 5.1427e-06
1179.2, 5.0664e-06
1181.2, 4.9848e-06
1183.2, 5.1638e-06
1185.2, 5.1779e-06
1187.2, 5.254e-06
1189.2, 5.0958e-06
1191.2, 5.1142e-06
1193.2, 5.0503e-06
1195.2, 5.2145e-06
1197.2, 5.0371e-06
1199.2, 5.1763e-06
1201.2, 5.1266e-06
1203.2, 5.142e-06
1205.2, 5.2411e-06
1207.2, 5.2297e-06
1209.2, 5.2337e-06
1211.2, 5.2481e-06
1213.2, 5.21e-06
1215.2, 5.192e-06
1217.2, 5.1465e-06
1219.2, 5.1431e-06
1221.2, 5.1671e-06
1223.2, 5.162e-06
1225.2, 5.1719e-06
1227.2, 5.1401e-06
1229.2, 5.184e-06
1231.2, 5.1555e-06
1233.2, 5.1864e-06
1235.2, 5.1913e-06
1237.2, 5.2028e-06
1239.2, 5.1313e-06
1241.2, 5.2427e-06
1243.2, 5.1714e-06
1245.2, 5.035e-06
1247.2, 5.2021e-06
1249.2, 5.1568e-06
1251.2, 5.1e-06
1253.3, 5.1979e-06
1255.3, 5.1596e-06
1257.3, 5.1396e-06
1259.3, 5.2254e-06
1261.3, 5.0906e-06
1263.3, 5.1527e-06
1265.3, 5.1665e-06
1267.3, 5.1969e-06
1269.3, 5.0955e-06
1271.3, 5.1596e-06
1273.3, 5.2087e-06
1275.3, 5.1921e-06
1277.3, 5.1717e-06
1279.3, 5.2831e-06
1281.3, 5.1941e-06
1283.3, 5.1318e-06
1285.3, 5.1796e-06
1287.3, 5.2125e-06
1289.3, 5.2191e-06
1291.3, 5.1724e-06
1293.3, 5.2127e-06
1295.3, 5.1921e-06
1297.3, 5.1714e-06
1299.3, 5.0747e-06
1301.3, 5.1304e-06
1303.3, 5.2175e-06
1305.3, 5.09e-06
1307.3, 5.1906e-06
1309.3, 5.1399e-06
1311.3, 5.2046e-06
1313.3, 5.2664e-06
1315.3, 5.2301e-06
1317.3, 5.2148e-06
1319.3, 5.2509e-06
1321.3, 5.264e-06
1323.3, 5.2703e-06
1325.3, 5.1068e-06
1327.3, 5.0384e-06
1329.3, 5.2149e-06
1331.3, 5.1745e-06
1333.3, 5.241e-06
1335.3, 5.3314e-06
1337.3, 5.2375e-06
1339.3, 5.148e-06
1341.3, 5.1459e-06
1343.3, 5.2309e-06
1345.3, 5.3382e-06
1347.3, 5.0005e-06
1349.3, 5.2565e-06
1351.3, 5.1625e-06
1353.4, 5.3561e-06
1355.4, 5.2147e-06
1357.4, 5.25e-06
1359.4, 5.1795e-06
1361.4, 5.1072e-06
1363.4, 5.3155e-06
1365.4, 5.2106e-06
1367.4, 5.2587e-06
1369.4, 5.2796e-06
1371.4, 5.211e-06
1373.4, 5.1831e-06
1375.4, 5.1279e-06
1377.4, 5.2933e-06
1379.4, 5.3329e-06
1381.4, 5.1705e-06
1383.4, 5.1834e-06
1385.4, 5.3264e-06
1387.4, 5.1844e-06
1389.4, 5.2094e-06
1391.4, 5.2588e-06
1393.4, 5.2129e-06
1395.4, 5.1657e-06
1397.4, 5.199e-06
1399.4, 5.2361e-06
1401.4, 5.1807e-06
1403.4, 5.2119e-06
1405.4, 5.2352e-06
1407.4, 5.2381e-06
1409.4, 5.1335e-06
1411.4, 5.1897e-06
1413.4, 5.2489e-06
1415.4, 5.1771e-06
1417.4, 5.2669e-06
1419.4, 5.1585e-06
1421.4, 5.2896e-06
1423.4, 5.3234e-06
1425.4, 5.1978e-06
1427.4, 5.1916e-06
1429.4, 5.2575e-06
1431.4, 5.2353e-06
1433.4, 5.1493e-06
1435.4, 5.1439e-06
1437.4, 5.2516e-06
1439.4, 5.1951e-06
1441.4, 5.0375e-06
1443.4, 5.2367e-06
1445.4, 5.2123e-06
1447.4, 5.1669e-06
1449.4, 5.243e-06
1451.4, 5.2013e-06
1453.5, 5.3272e-06
1455.5, 5.2489e-06
1457.5, 5.2841e-06
1459.5, 5.0788e-06
1461.5, 5.0691e-06
1463.5, 5.2291e-06
1465.5, 5.2321e-06
1467.5, 5.0866e-06
1469.5, 5.2394e-06
1471.5, 5.1865e-06
1473.5, 5.1028e-06
1475.5, 5.1458e-06
1477.5, 5.1774e-06
1479.5, 5.0938e-06
1481.5, 5.2322e-06
1483.5, 5.0796e-06
1485.5, 5.182e-06
1487.5, 5.2221e-06
1489.5, 5.1721e-06
1491.5, 5.1857e-06
1493.5, 5.2701e-06
1495.5, 5.1952e-06
1497.5, 5.2065e-06
1499.5, 5.1655e-06
1501.5, 5.2045e-06
1503.5, 5.1393e-06
1505.5, 5.201e-06
1507.5, 5.2158e-06
1509.5, 5.1798e-06
1511.5, 5.2141e-06
1513.5, 5.113e-06
1515.5, 5.19e-06
1517.5, 5.1103e-06
1519.5, 5.2262e-06
1521.5, 5.2624e-06
1523.5, 5.2313e-06
1525.5, 5.2688e-06
1527.5, 5.2071e-06
1529.5, 5.1951e-06
1531.5, 5.2164e-06
1533.5, 5.1934e-06
1535.5, 5.1446e-06
1537.5, 5.2184e-06
1539.5, 5.2713e-06
1541.5, 5.296e-06
1543.5, 5.3132e-06
1545.5, 5.3275e-06
1547.5, 5.3186e-06
1549.5, 5.1624e-06
1551.5, 5.2284e-06
1553.6, 5.2105e-06
1555.6, 5.2611e-06
1557.6, 5.2857e-06
1559.6, 5.2181e-06
1561.6, 5.2328e-06
1563.6, 5.2521e-06
1565.6, 5.2778e-06
1567.6, 5.2735e-06
1569.6, 5.2265e-06
1571.6, 5.2352e-06
1573.6, 5.1682e-06
1575.6, 5.23e-06
1577.6, 5.3105e-06
1579.6, 5.1301e-06
1581.6, 5.2416e-06
1583.6, 5.319e-06
1585.6, 5.2662e-06
1587.6, 5.254e-06
1589.6, 5.2834e-06
1591.6, 5.2423e-06
1593.6, 5.2466e-06
1595.6, 5.3454e-06
1597.6, 5.188e-06
1599.6, 5.1995e-06
1601.6, 5.1877e-06
1603.6, 5.2395e-06
1605.6, 5.2639e-06
1607.6, 5.304e-06
1609.6, 5.2049e-06
1611.6, 5.3534e-06
1613.6, 5.2014e-06
1615.6, 5.1341e-06
1617.6, 5.2606e-06
1619.6, 5.1676e-06
1621.6, 5.259e-06
1623.6, 5.1592e-06
1625.6, 5.3559e-06
1627.6, 5.229e-06
1629.6, 5.215e-06
1631.6, 5.087e-06
1633.6, 5.2204e-06
1635.6, 5.2552e-06
1637.6, 5.1998e-06
1639.6, 5.2495e-06
1641.6, 5.2758e-06
1643.6, 5.2082e-06
1645.6, 5.266e-06
1647.6, 5.2319e-06
1649.6, 5.1942e-06
1651.6, 5.1958e-06
1653.7, 5.2028e-06
1655.7, 5.2651e-06
1657.7, 5.2033e-06
1659.7, 5.1925e-06
1661.7, 5.2743e-06
1663.7, 5.1471e-06
1665.7, 5.2942e-06
1667.7, 5.2569e-06
1669.7, 5.2008e-06
1671.7, 5.1741e-06
1673.7, 5.2034e-06
1675.7, 5.0704e-06
1677.7, 5.2018e-06
1679.7, 5.2498e-06
1681.7, 5.2194e-06
1683.7, 5.235e-06
1685.7, 5.33e-06
1687.7, 5.2475e-06
1689.7, 5.2648e-06
1691.7, 5.2641e-06
1693.7, 5.2543e-06
1695.7, 5.172e-06
1697.7, 5.1684e-06
1699.7, 5.2513e-06
1701.7, 5.1623e-06
1703.7, 5.1266e-06
1705.7, 5.2688e-06
1707.7, 5.2138e-06
1709.7, 5.2478e-06
1711.7, 5.1785e-06
1713.7, 5.2944e-06
1715.7, 5.2094e-06
1717.7, 5.2189e-06
1719.7, 5.2102e-06
1721.7, 5.1506e-06
1723.7, 5.3296e-06
1725.7, 5.1243e-06
1727.7, 5.1503e-06
1729.7, 5.194e-06
1731.7, 5.175e-06
1733.7, 5.2662e-06
1735.7, 5.1807e-06
1737.7, 5.2296e-06
1739.7, 5.2143e-06
1741.7, 5.2796e-06
1743.7, 5.1914e-06
1745.7, 5.2354e-06
1747.7, 5.2202e-06
1749.7, 5.1794e-06
1751.7, 5.2025e-06
1753.8, 5.1946e-06
1755.8, 5.1961e-06
1757.8, 5.1498e-06
1759.8, 5.2091e-06
1761.8, 5.173e-06
1763.8, 5.1101e-06
1765.8, 5.2005e-06
1767.8, 5.2461e-06
1769.8, 5.1682e-06
1771.8, 5.2142e-06
1773.8, 5.1889e-06
1775.8, 5.178e-06
1777.8, 5.1969e-06
1779.8, 5.2025e-06
1781.8, 5.3456e-06
1783.8, 5.2294e-06
1785.8, 5.1264e-06
1787.8, 5.253e-06
1789.8, 5.144e-06
1791.8, 5.2222e-06
1793.8, 5.2676e-06
1795.8, 5.2523e-06
1797.8, 5.257e-06
1799.8, 5.3082e-06
1801.8, 5.1517e-06
1803.8, 5.193e-06
1805.8, 5.1303e-06
1807.8, 5.0587e-06
1809.8, 5.2634e-06
1811.8, 5.2957e-06
1813.8, 5.1322e-06
1815.8, 5.3126e-06
1817.8, 5.3179e-06
1819.8, 5.3015e-06
1821.8, 5.172e-06
1823.8, 5.2307e-06
1825.8, 5.2599e-06
1827.8, 5.1914e-06
1829.8, 5.1115e-06
1831.8, 5.2648e-06
1833.8, 5.345e-06
1835.8, 5.2171e-06
1837.8, 5.2216e-06
1839.8, 5.3057e-06
1841.8, 5.1684e-06
1843.8, 5.2244e-06
1845.8, 5.2211e-06
1847.8, 5.2713e-06
1849.8, 5.1955e-06
1851.8, 5.1166e-06
1853.9, 5.3099e-06
1855.9, 5.3528e-06
1857.9, 5.3175e-06
1859.9, 5.0698e-06
1861.9, 5.3989e-06
1863.9, 5.3002e-06
1865.9, 5.2845e-06
1867.9, 5.2598e-06
1869.9, 5.3108e-06
1871.9, 5.1812e-06
1873.9, 5.2771e-06
1875.9, 5.2228e-06
1877.9, 5.2314e-06
1879.9, 5.0779e-06
1881.9, 5.2515e-06
1883.9, 5.2969e-06
1885.9, 5.2737e-06
1887.9, 5.1865e-06
1889.9, 5.1911e-06
1891.9, 5.2637e-06
1893.9, 5.1611e-06
1895.9, 5.2266e-06
1897.9, 5.1784e-06
1899.9, 5.3527e-06
1901.9, 5.3196e-06
1903.9, 5.2265e-06
1905.9, 5.2892e-06
1907.9, 5.1812e-06
1909.9, 5.2251e-06
1911.9, 5.2324e-06
1913.9, 5.2673e-06
1915.9, 5.173e-06
1917.9, 5.0675e-06
1919.9, 5.1691e-06
1921.9, 5.2991e-06
1923.9, 5.2787e-06
1925.9, 5.2668e-06
1927.9, 5.2461e-06
1929.9, 5.1452e-06
1931.9, 5.2901e-06
1933.9, 5.2079e-06
1935.9, 5.1737e-06
1937.9, 5.2245e-06
1939.9, 5.2682e-06
1941.9, 5.2634e-06
1943.9, 5.2496e-06
1945.9, 5.2504e-06
1947.9, 5.0727e-06
1949.9, 5.3413e-06
1951.9, 5.29e-06
1954.0, 5.2179e-06
1956.0, 5.1921e-06
1958.0, 5.3198e-06
1960.0, 5.3467e-06
1962.0, 5.2436e-06
1964.0, 5.2295e-06
1966.0, 5.2982e-06
1968.0, 5.1912e-06
1970.0, 5.2048e-06
1972.0, 5.2109e-06
1974.0, 5.2294e-06
1976.0, 5.2502e-06
1978.0, 5.2486e-06
1980.0, 5.2082e-06
1982.0, 5.3825e-06
1984.0, 5.277e-06
1986.0, 5.2264e-06
1988.0, 5.2737e-06
1990.0, 5.2502e-06
1992.0, 5.1959e-06
1994.0, 5.1685e-06
1996.0, 5.2411e-06
1998.0, 5.2329e-06
2000.0, 5.2124e-06
2002.0, 5.2869e-06
2004.0, 5.1513e-06
2006.0, 5.2909e-06
2008.0, 5.2149e-06
2010.0, 5.2007e-06
2012.0, 5.2168e-06
2014.0, 2.6194e-06
2016.0, -2.703e-08
2018.0, -3.07e-08
2020.0, -3.004e-08
2022.0, -3.136e-08
2024.0, -2.826e-08
2026.0, -2.798e-08
2028.0, -2.774e-08
2030.0, -3.022e-08
2032.0, -2.966e-08
2034.0, -3.158e-08
2036.0, -3.013e-08
2038.0, -3.177e-08
2040.0, -2.839e-08
2042.0, -3.219e-08
2044.0, -2.82e-08
2046.0, -3.229e-08
2048.0, -2.902e-08
2050.0, -3.153e-08
2052.0, -3.391e-08
2054.1, -3.379e-08
2056.1, -3.075e-08
2058.1, -3.405e-08
2060.1, -3.276e-08
2062.1, -3.479e-08
2064.1, -3.193e-08
2066.1, -2.82e-08
2068.1, -3.041e-08
2070.1, -3.096e-08
2072.1, -3.17e-08
2074.1, -3.266e-08
2076.1, -3.455e-08
2078.1, -3.254e-08
2080.1, -3.683e-08
2082.1, -3.514e-08
2084.1, -3.694e-08
2086.1, -3.792e-08
2088.1, -3.76e-08
2090.1, -4.032e-08
2092.1, -3.655e-08
2094.1, -3.671e-08
2096.1, -3.385e-08
2098.1, -3.539e-08
2100.1, -3.286e-08
2102.1, -3.421e-08
2104.1, -3.28e-08
2106.1, -3.549e-08
2108.1, -3.741e-08
2110.1, -3.39e-08
2112.1, -3.583e-08
2114.1, -3.629e-08
2116.1, -3.342e-08
2118.1, -3.661e-08
2120.1, -3.816e-08
2122.1, -3.347e-08
2124.1, -3.426e-08
2126.1, -3.933e-08
2128.1, -3.755e-08
2130.1, -4.013e-08
2132.1, -3.836e-08
2134.1, -3.757e-08
2136.1, -3.798e-08
2138.1, -3.887e-08
2140.1, -3.6e-08
2142.1, -3.513e-08
2144.1, -3.576e-08
2146.1, -3.386e-08
2148.1, -3.842e-08
2150.1, -3.572e-08
2152.1, -3.668e-08
2154.2, -3.791e-08
2156.2, -3.445e-08
2158.2, -3.502e-08
2160.2, -3.476e-08
2162.2, -3.558e-08
2164.2, -3.85e-08
2166.2, -3.791e-08
2168.2, -3.566e-08
2170.2, -3.786e-08
2172.2, -3.879e-08
2174.2, -3.513e-08
2176.2, -3.491e-08
2178.2, -3.934e-08
2180.2, -3.118e-08
2182.2, -3.957e-08
2184.2, -3.673e-08
2186.2, -3.487e-08
2188.2, -3.425e-08
2190.2, -3.198e-08
2192.2, -3.367e-08
2194.2, -3.599e-08
2196.2, -3.486e-08
2198.2, -3.312e-08
2200.2, -3.26e-08
2202.2, -3.101e-08
2204.2, -3.128e-08
2206.2, -3.559e-08
2208.2, -3.673e-08
2210.2, -3.675e-08
2212.2, -3.752e-08
2214.2, -3.745e-08
2216.2, -3.583e-08
2218.2, -3.625e-08
2220.2, -3.379e-08
2222.2, -3.671e-08
2224.2, -3.559e-08
2226.2, -3.344e-08
2228.2, -3.49e-08
2230.2, -3.456e-08
2232.2, -3.324e-08
2234.2, -3.168e-08
2236.2, -2.969e-08
2238.2, -3.135e-08
2240.2, -3.37e-08
2242.2, -3.11e-08
2244.2, -2.972e-08
2246.2, -2.943e-08
2248.2, -3.06e-08
2250.2, -2.925e-08
2252.2, -3.363e-08
2254.3, -3.418e-08
2256.3, -3.15e-08
2258.3, -2.992e-08
2260.3, -3.481e-08
2262.3, -3.385e-08
2264.3, -3.74e-08
2266.3, -3.432e-08
2268.3, -3.664e-08
2270.3, -3.816e-08
2272.3, -3.463e-08
2274.3, -3.297e-08
2276.3, -3.487e-08
2278.3, -3.288e-08
2280.3, -3.541e-08
2282.3, -3.597e-08
2284.3, -3.383e-08
2286.3, -3.691e-08
2288.3, -3.479e-08
2290.3, -3.216e-08
2292.3, -3.359e-08
2294.3, -2.966e-08
2296.3, -3.232e-08
2298.3, -3.38e-08
2300.3, -3.203e-08
2302.3, -3.417e-08
2304.3, -3.689e-08
2306.3, -3.473e-08
2308.3, -3.096e-08
2310.3, -3.454e-08
2312.3, -3.902e-08
2314.3, -3.581e-08
2316.3, -3.591e-08
2318.3, -3.53e-08
2320.3, -3.685e-08
2322.3, -3.691e-08
2324.3, -3.2e-08
2326.3, -3.271e-08
2328.3, -3.265e-08
2330.3, -3.384e-08
2332.3, -3.472e-08
2334.3, -3.636e-08
2336.3, -3.575e-08
2338.3, -3.702e-08
2340.3, -3.571e-08
2342.3, -3.826e-08
2344.3, -3.786e-08
2346.3, -3.868e-08
2348.3, -3.394e-08
2350.3, -3.485e-08
2352.3, -3.66e-08
2354.4, -3.681e-08
2356.4, -3.603e-08
2358.4, -3.427e-08
2360.4, -3.741e-08
2362.4, -3.392e-08
2364.4, -3.83e-08
2366.4, -3.216e-08
2368.4, -3.309e-08
2370.4, -3.398e-08
2372.4, -3.231e-08
2374.4, -2.968e-08
2376.4, -3.228e-08
2378.4, -3.047e-08
2380.4, -3.319e-08
2382.4, -3.367e-08
2384.4, -3.061e-08
2386.4, -3.254e-08
2388.4, -3.103e-08
2390.4, -3.133e-08
2392.4, -2.777e-08
2394.4, -2.95e-08
2396.4, -2.987e-08
2398.4, -3.119e-08
2400.4, -3.483e-08
2402.4, -3.338e-08
2404.4, -3.433e-08
2406.4, -3.265e-08
2408.4, -3.327e-08
2410.4, -3.049e-08
2412.4, -2.918e-08
2414.4, -3.034e-08
2416.4, -3.011e-08
2418.4, -3.064e-08
2420.4, -2.93e-08
2422.4, -2.824e-08
2424.4, -3.144e-08
2426.4, -3.194e-08
2428.4, -3.379e-08
2430.4, -3.402e-08
2432.4, -3.013e-08
2434.4, -3.153e-08
2436.4, -3.049e-08
2438.4, -3.13e-08
2440.4, -3.083e-08
2442.4, -3.197e-08
2444.4, -2.865e-08
2446.4, -2.986e-08
2448.4, -3.14e-08
2450.4, -2.797e-08
2452.4, -3.109e-08
2454.5, -2.859e-08
2456.5, -3.142e-08
2458.5, -3.159e-08
2460.5, -2.955e-08
2462.5, -2.674e-08
2464.5, -3.072e-08
2466.5, -3.363e-08
2468.5, -3.465e-08
2470.5, -3.432e-08
2472.5, -2.884e-08
2474.5, -2.961e-08
2476.5, -2.727e-08
2478.5, -3.232e-08
2480.5, -3.188e-08
2482.5, -3.197e-08
2484.5, -3.043e-08
2486.5, -3.101e-08
2488.5, -2.843e-08
2490.5, -3.262e-08
2492.5, -2.969e-08
2494.5, -3.152e-08
2496.5, -2.965e-08
2498.5, -3.082e-08
2500.5, -2.867e-08
2502.5, -3.122e-08
2504.5, -3.347e-08
2506.5, -2.978e-08
2508.5, -3.077e-08
2510.5, -2.944e-08
2512.5, -3.11e-08
2514.5, -2.794e-08
2516.5, -3.275e-08
2518.5, -2.915e-08
2520.5, -2.891e-08
2522.5, -2.673e-08
2524.5, -2.969e-08
2526.5, -3.085e-08
2528.5, -2.899e-08
2530.5, -3.027e-08
2532.5, -3.104e-08
2534.5, -3.272e-08
2536.5, -3.24e-08
2538.5, -3.183e-08
2540.5, -3.526e-08
2542.5, -3.044e-08
2544.5, -3.554e-08
2546.5, -3.608e-08
2548.5, -3.152e-08
2550.5, -3.414e-08
2552.5, -3.135e-08
2554.6, -3.425e-08
2556.6, -3.055e-08
2558.6, -3.576e-08
2560.6, -2.949e-08
2562.6, -3.073e-08
2564.6, -3.353e-08
2566.6, -3.577e-08
2568.6, -3.356e-08
2570.6, -3.309e-08
2572.6, -3.393e-08
2574.6, -3.401e-08
2576.6, -3.371e-08
2578.6, -2.855e-08
2580.6, -2.973e-08
2582.6, -2.809e-08
2584.6, -3.086e-08
2586.6, -2.854e-08
2588.6, -2.51e-08
2590.6, -2.901e-08
2592.6, -3.063e-08
2594.6, -3.056e-08
2596.6, -2.672e-08
2598.6, -3.017e-08
2600.6, -3.055e-08
2602.6, -3.263e-08
2604.6, -3.276e-08
2606.6, -3.154e-08
2608.6, -3.246e-08
2610.6, -3.198e-08
2612.6, -3.362e-08
2614.6, -3.455e-08
2616.6, -3.084e-08
2618.6, -3.714e-08
2620.6, -3.498e-08
2622.6, -3.336e-08
2624.6, -3.429e-08
2626.6, -3.397e-08
2628.6, -3.055e-08
2630.6, -3.292e-08
2632.6, -3.201e-08
2634.6, -3.3e-08
2636.6, -3.018e-08
2638.6, -3.458e-08
2640.6, -3.342e-08
2642.6, -3.246e-08
2644.6, -3.26e-08
2646.6, -3.382e-08
2648.6, -3.583e-08
2650.6, -3.236e-08
2652.6, -3.438e-08
2654.7, -3.197e-08
2656.7, -3.499e-08
2658.7, -3.269e-08
2660.7, -3.45e-08
2662.7, -3.615e-08
2664.7, -3.624e-08
2666.7, -3.189e-08
2668.7, -3.352e-08
2670.7, -3.168e-08
2672.7, -3.383e-08
2674.7, -3.509e-08
2676.7, -3.404e-08
2678.7, -3.188e-08
2680.7, -3.143e-08
2682.7, -3.019e-08
2684.7, -3.161e-08
2686.7, -3.279e-08
2688.7, -3.427e-08
2690.7, -3.335e-08
2692.7, -3.566e-08
2694.7, -3.462e-08
2696.7, -3.189e-08
2698.7, -3.355e-08
2700.7, -3.542e-08
2702.7, -3.703e-08
2704.7, -3.995e-08
2706.7, -3.702e-08
2708.7, -3.787e-08
2710.7, -3.766e-08
2712.7, -3.975e-08
2714.7, -3.695e-08
2716.7, -3.659e-08
2718.7, -3.628e-08
2720.7, -3.852e-08
2722.7, -3.565e-08
2724.7, -3.716e-08
2726.7, -3.91e-08
2728.7, -3.937e-08
2730.7, -4.05e-08
2732.7, -3.557e-08
2734.7, -3.901e-08
2736.7, -3.512e-08
2738.7, -3.884e-08
2740.7, -3.608e-08
2742.7, -3.404e-08
2744.7, -3.654e-08
2746.7, -3.548e-08
2748.7, -3.13e-08
2750.7, -3.503e-08
2752.7, -3.784e-08
2754.8, -3.598e-08
2756.8, -3.635e-08
2758.8, -3.953e-08
2760.8, -3.838e-08
2762.8, -3.616e-08
2764.8, -4.262e-08
2766.8, -3.881e-08
2768.8, -3.941e-08
2770.8, -3.894e-08
2772.8, -3.805e-08
2774.8, -3.6e-08
2776.8, -3.345e-08
2778.8, -3.556e-08
2780.8, -3.424e-08
2782.8, -3.804e-08
2784.8, -3.896e-08
2786.8, -3.429e-08
2788.8, -4.105e-08
2790.8, -3.813e-08
2792.8, -3.551e-08
2794.8, -4.029e-08
2796.8, -3.797e-08
2798.8, -3.271e-08
2800.8, -3.345e-08
2802.8, -3.284e-08
2804.8, -3.732e-08
2806.8, -3.34e-08
2808.8, -3.713e-08
2810.8, -3.599e-08
2812.8, -3.628e-08
2814.8, -3.452e-08
2816.8, -3.276e-08
2818.8, -3.833e-08
2820.8, -3.768e-08
2822.8, -3.708e-08
2824.8, -3.812e-08
2826.8, -3.833e-08
2828.8, -3.265e-08
2830.8, -3.348e-08
2832.8, -3.231e-08
2834.8, -3.528e-08
2836.8, -3.523e-08
2838.8, -3.526e-08
2840.8, -3.226e-08
2842.8, -3.283e-08
2844.8, -3.049e-08
2846.8, -2.864e-08
2848.8, -3.163e-08
2850.8, -3.28e-08
2852.8, -3.349e-08
2854.9, -3.505e-08
2856.9, -3.296e-08
2858.9, -3.464e-08
2860.9, -3.535e-08
2862.9, -3.575e-08
2864.9, -3.369e-08
2866.9, -2.967e-08
2868.9, -3.136e-08
2870.9, -3.561e-08
2872.9, -3.073e-08
2874.9, -3.236e-08
2876.9, -3.184e-08
2878.9, -3.16e-08
2880.9, -3.233e-08
2882.9, -3.25e-08
2884.9, -3.526e-08
2886.9, -3.341e-08
2888.9, -2.794e-08
2890.9, -3.365e-08
2892.9, -3.079e-08
2894.9, -3.324e-08
2896.9, -3.223e-08
2898.9, -3.363e-08
2900.9, -3.404e-08
2902.9, -3.303e-08
2904.9, -3.02e-08
2906.9, -2.907e-08
2908.9, -3.028e-08
2910.9, -2.868e-08
2912.9, -3.002e-08
2914.9, -3.513e-08
2916.9, -3.291e-08
2918.9, -3.123e-08
2920.9, -3.235e-08
2922.9, -3.502e-08
2924.9, -3.191e-08
2926.9, -3.481e-08
2928.9, -3.546e-08
2930.9, -3.16e-08
2932.9, -3.454e-08
2934.9, -3.601e-08
2936.9, -3.526e-08
2938.9, -3.472e-08
2940.9, -3.668e-08
2942.9, -3.737e-08
2944.9, -3.506e-08
2946.9, -3.42e-08
2948.9, -3.397e-08
2950.9, -3.688e-08
2952.9, -3.757e-08
2955.0, -3.434e-08
2957.0, -3.686e-08
2959.0, -3.368e-08
2961.0, -3.529e-08
2963.0, -3.742e-08
2965.0, -3.54e-08
2967.0, -3.629e-08
2969.0, -3.642e-08
2971.0, -3.385e-08
2973.0, -3.484e-08
2975.0, -3.632e-08
2977.0, -3.451e-08
2979.0, -3.698e-08
2981.0, -3.766e-08
2983.0, -3.298e-08
2985.0, -3.357e-08
2987.0, -3.555e-08
2989.0, -3.557e-08
2991.0, -3.359e-08
2993.0, -3.569e-08
2995.0, -3.145e-08
2997.0, -2.888e-08
2999.0, -3.179e-08
3001.0, -2.691e-08
3003.0, -3.285e-08
3005.0, -2.85e-08
3007.0, -3.025e-08
3009.0, -3.377e-08
3011.0, -2.981e-08
3013.0, -3.028e-08
3015.0, -3.234e-08
3017.0, -3.596e-08
3019.0, -3.44e-08
3021.0, -3.263e-08
3023.0, -3.314e-08
3025.0, -3.273e-08
3027.0, -3.201e-08
3029.0, -3.114e-08
3031.0, -3.028e-08
3033.0, -3.586e-08
3035.0, -3.163e-08
3037.0, -3.459e-08
3039.0, -3.796e-08
3041.0, -3.248e-08
3043.0, -3.266e-08
3045.0, -3.516e-08
3047.0, -3.299e-08
3049.0, -3.346e-08
3051.0, -3.642e-08
3053.0, -3.489e-08
3055.1, -3.38e-08
3057.1, -3.318e-08
3059.1, -3.288e-08
3061.1, -3.33e-08
3063.1, -3.525e-08
3065.1, -3.349e-08
3067.1, -3.323e-08
3069.1, -2.952e-08
3071.1, -3.238e-08
3073.1, -3.291e-08
3075.1, -3.193e-08
3077.1, -3.23e-08
3079.1, -3.375e-08
3081.1, -3.394e-08
3083.1, -3.54e-08
3085.1, -3.208e-08
3087.1, 5.0432e-06
3089.1, 5.0853e-06
3091.1, 5.1148e-06
3093.1, 4.9633e-06
3095.1, 5.0174e-06
3097.1, 5.0802e-06
3099.1, 5.0169e-06
3101.1, 5.0033e-06
3103.1, 5.129e-06
3105.1, 5.061e-06
3107.1, 5.0886e-06
3109.1, 5.106e-06
3111.1, 5.1134e-06
3113.1, 5.198e-06
3115.1, 5.1063e-06
3117.1, 5.0989e-06
3119.1, 5.1514e-06
3121.1, 5.0979e-06
3123.1, 5.125e-06
3125.1, 5.0894e-06
3127.1, 5.0954e-06
3129.1, 5.1706e-06
3131.1, 5.1173e-06
3133.1, 5.1318e-06
3135.1, 5.1309e-06
3137.1, 5.1457e-06
3139.1, 5.0695e-06
3141.1, 5.0956e-06
3143.1, 5.0917e-06
3145.1, 5.2237e-06
3147.1, 5.1273e-06
3149.1, 5.2015e-06
3151.1, 5.1961e-06
3153.1, 5.2059e-06
3155.2, 5.1715e-06
3157.2, 5.0513e-06
3159.2, 5.1983e-06
3161.2, 5.1777e-06
3163.2, 5.1031e-06
3165.2, 5.2255e-06
3167.2, 5.1097e-06
3169.2, 5.1211e-06
3171.2, 5.1888e-06
3173.2, 4.9796e-06
3175.2, 5.1229e-06
3177.2, 5.117e-06
3179.2, 5.1294e-06
3181.2, 5.0696e-06
3183.2, 5.1522e-06
3185.2, 5.0228e-06
3187.2, 5.1863e-06
3189.2, 5.1679e-06
3191.2, 5.1609e-06
3193.2, 5.1465e-06
3195.2, 5.0247e-06
3197.2, 5.196e-06
3199.2, 5.1982e-06
3201.2, 5.0828e-06
3203.2, 5.2011e-06
3205.2, 5.2053e-06
3207.2, 5.1177e-06
3209.2, 5.1634e-06
3211.2, 5.1092e-06
3213.2, 5.1974e-06
3215.2, 5.0691e-06
3217.2, 5.2496e-06
3219.2, 5.0751e-06
3221.2, 5.0922e-06
3223.2, 5.2987e-06
3225.2, 5.1651e-06
3227.2, 5.181e-06
3229.2, 5.1911e-06
3231.2, 5.1541e-06
3233.2, 5.1601e-06
3235.2, 5.0405e-06
3237.2, 5.1707e-06
3239.2, 5.1746e-06
3241.2, 5.1563e-06
3243.2, 5.144e-06
3245.2, 5.2035e-06
3247.2, 5.0729e-06
3249.2, 5.2835e-06
3251.2, 5.1589e-06
3253.2, 5.1482e-06
3255.3, 5.2226e-06
3257.3, 5.0707e-06
3259.3, 5.0858e-06
3261.3, 5.2018e-06
3263.3, 5.1617e-06
3265.3, 5.1536e-06
3267.3, 5.1531e-06
3269.3, 5.1304e-06
3271.3, 5.1403e-06
3273.3, 5.083e-06
3275.3, 5.1134e-06
3277.3, 5.2006e-06
3279.3, 5.1721e-06
3281.3, 5.2078e-06
3283.3, 5.2321e-06
3285.3, 5.0885e-06
3287.3, 5.1353e-06
3289.3, 5.1753e-06
3291.3, 5.2275e-06
3293.3, 5.2571e-06
3295.3, 5.1805e-06
3297.3, 5.1725e-06
3299.3, 5.1012e-06
3301.3, 5.1315e-06
3303.3, 5.2443e-06
3305.3, 5.257e-06
3307.3, 5.2834e-06
3309.3, 5.1629e-06
3311.3, 5.2518e-06
3313.3, 5.0866e-06
3315.3, 5.0363e-06
3317.3, 5.172e-06
3319.3, 5.144e-06
3321.3, 5.2561e-06
3323.3, 5.2312e-06
3325.3, 5.1764e-06
3327.3, 5.1633e-06
3329.3, 5.0944e-06
3331.3, 5.2524e-06
3333.3, 5.2201e-06
3335.3, 5.2491e-06
3337.3, 5.235e-06
3339.3, 5.1601e-06
3341.3, 5.3007e-06
3343.3, 5.2286e-06
3345.3, 5.1856e-06
3347.3, 5.1972e-06
3349.3, 5.2642e-06
3351.3, 5.2638e-06
3353.3, 5.1824e-06
3355.4, 5.1993e-06
3357.4, 5.1812e-06
3359.4, 5.2316e-06
3361.4, 5.2541e-06
3363.4, 5.2457e-06
3365.4, 5.2211e-06
3367.4, 5.1129e-06
3369.4, 5.2704e-06
3371.4, 5.2113e-06
3373.4, 5.2e-06
3375.4, 5.17e-06
3377.4, 5.2121e-06
3379.4, 5.2733e-06
3381.4, 5.2856e-06
3383.4, 5.2097e-06
3385.4, 5.2165e-06
3387.4, 5.2925e-06
3389.4, 5.1751e-06
3391.4, 5.2419e-06
3393.4, 5.2993e-06
3395.4, 5.2728e-06
3397.4, 5.2296e-06
3399.4, 5.1402e-06
3401.4, 5.2316e-06
3403.4, 5.2234e-06
3405.4, 5.2784e-06
3407.4, 5.2442e-06
3409.4, 5.0966e-06
3411.4, 5.2757e-06
3413.4, 5.3163e-06
3415.4, 5.3183e-06
3417.4, 5.1533e-06
3419.4, 5.262e-06
3421.4, 5.1921e-06
3423.4, 5.2138e-06
3425.4, 5.234e-06
3427.4, 5.1949e-06
3429.4, 5.2993e-06
3431.4, 5.251e-06
3433.4, 5.2633e-06
3435.4, 5.1872e-06
3437.4, 5.3029e-06
3439.4, 5.226e-06
3441.4, 5.2325e-06
3443.4, 5.2923e-06
3445.4, 5.1217e-06
3447.4, 5.2309e-06
3449.4, 5.1904e-06
3451.4, 5.2345e-06
3453.4, 5.2286e-06
3455.5, 5.2221e-06
3457.5, 5.3156e-06
3459.5, 5.2536e-06
3461.5, 5.1063e-06
3463.5, 5.3701e-06
3465.5, 5.2325e-06
3467.5, 5.2738e-06
3469.5, 5.1205e-06
3471.5, 5.233e-06
3473.5, 5.2089e-06
3475.5, 5.255e-06
3477.5, 5.2125e-06
3479.5, 5.2669e-06
3481.5, 5.2944e-06
3483.5, 5.279e-06
3485.5, 5.1284e-06
3487.5, 5.296e-06
3489.5, 5.27e-06
3491.5, 5.2958e-06
3493.5, 5.2387e-06
3495.5, 5.2437e-06
3497.5, 5.3826e-06
3499.5, 5.3514e-06
3501.5, 5.2445e-06
3503.5, 5.1868e-06
3505.5, 5.2969e-06
3507.5, 5.3442e-06
3509.5, 5.118e-06
3511.5, 5.2314e-06
3513.5, 5.1792e-06
3515.5, 5.2928e-06
3517.5, 5.2721e-06
3519.5, 5.1869e-06
3521.5, 5.2348e-06
3523.5, 5.2545e-06
3525.5, 5.3114e-06
3527.5, 5.2316e-06
3529.5, 5.202e-06
3531.5, 5.238e-06
3533.5, 5.3038e-06
3535.5, 5.2135e-06
3537.5, 5.2174e-06
3539.5, 5.2948e-06
3541.5, 5.1859e-06
3543.5, 5.1742e-06
3545.5, 5.339e-06
3547.5, 5.2943e-06
3549.5, 5.1792e-06
3551.5, 5.276e-06
3553.5, 5.2676e-06
3555.6, 5.1976e-06
3557.6, 5.1757e-06
3559.6, 5.1478e-06
3561.6, 5.2353e-06
3563.6, 5.2399e-06
3565.6, 5.2847e-06
3567.6, 5.3019e-06
3569.6, 5.3337e-06
3571.6, 5.2435e-06
3573.6, 5.3261e-06
3575.6, 5.1302e-06
3577.6, 5.273e-06
3579.6, 5.1877e-06
3581.6, 5.1752e-06
3583.6, 5.3042e-06
3585.6, 5.1588e-06
3587.6, 5.2516e-06
3589.6, 5.1508e-06
3591.6, 5.1801e-06
3593.6, 5.2554e-06
3595.6, 5.2162e-06
3597.6, 5.2303e-06
3599.6, 5.2215e-06
3601.6, 5.2794e-06
3603.6, 5.2741e-06
3605.6, 5.2534e-06
3607.6, 5.2192e-06
3609.6, 5.2498e-06
3611.6, 5.1954e-06
3613.6, 5.3264e-06
3615.6, 5.1311e-06
3617.6, 5.1707e-06
3619.6, 5.2432e-06
3621.6, 5.185e-06
3623.6, 5.2029e-06
3625.6, 5.37e-06
3627.6, 5.1775e-06
3629.6, 5.275e-06
3631.6, 5.2931e-06
3633.6, 5.2404e-06
3635.6, 5.1395e-06
3637.6, 5.3319e-06
3639.6, 5.3042e-06
3641.6, 5.3115e-06
3643.6, 5.1132e-06
3645.6, 5.2333e-06
3647.6, 5.3279e-06
3649.6, 5.1482e-06
3651.6, 5.1816e-06
3653.6, 5.2474e-06
3655.7, 5.2064e-06
3657.7, 5.2182e-06
3659.7, 5.269e-06
3661.7, 5.1373e-06
3663.7, 5.3726e-06
3665.7, 5.3372e-06
3667.7, 5.2747e-06
3669.7, 5.3117e-06
3671.7, 5.3331e-06
3673.7, 5.2478e-06
3675.7, 5.3683e-06
3677.7, 5.2482e-06
3679.7, 5.1817e-06
3681.7, 5.269e-06
3683.7, 5.1818e-06
3685.7, 5.1276e-06
3687.7, 5.2063e-06
3689.7, 5.2644e-06
3691.7, 5.2444e-06
3693.7, 5.27e-06
3695.7, 5.252e-06
3697.7, 5.0733e-06
3699.7, 5.2145e-06
3701.7, 5.3171e-06
3703.7, 5.2413e-06
3705.7, 5.352e-06
3707.7, 5.2788e-06
3709.7, 5.2623e-06
3711.7, 5.3571e-06
3713.7, 5.2239e-06
3715.7, 5.3366e-06
3717.7, 5.2339e-06
3719.7, 5.2571e-06
3721.7, 5.1986e-06
3723.7, 5.3351e-06
3725.7, 5.2407e-06
3727.7, 5.3107e-06
3729.7, 5.3018e-06
3731.7, 5.2777e-06
3733.7, 5.2087e-06
3735.7, 5.2062e-06
3737.7, 5.2968e-06
3739.7, 5.2112e-06
3741.7, 5.123e-06
3743.7, 5.2597e-06
3745.7, 5.2358e-06
3747.7, 5.3442e-06
3749.7, 5.14e-06
3751.7, 5.2755e-06
3753.7, 5.2389e-06
3755.8, 5.1213e-06
3757.8, 5.2519e-06
3759.8, 5.295e-06
3761.8, 5.1862e-06
3763.8, 5.2713e-06
3765.8, 5.3092e-06
3767.8, 5.3198e-06
3769.8, 5.3866e-06
3771.8, 5.2061e-06
3773.8, 5.2894e-06
3775.8, 5.2465e-06
3777.8, 5.3559e-06
3779.8, 5.2728e-06
3781.8, 5.2437e-06
3783.8, 5.2322e-06
3785.8, 5.2688e-06
3787.8, 5.2943e-06
3789.8, 5.2117e-06
3791.8, 5.2651e-06
3793.8, 5.3076e-06
3795.8, 5.2998e-06
3797.8, 5.2822e-06
3799.8, 5.31e-06
3801.8, 5.2551e-06
3803.8, 5.2023e-06
3805.8, 5.304e-06
3807.8, 5.2555e-06
3809.8, 5.2324e-06
3811.8, 5.3361e-06
3813.8, 5.2438e-06
3815.8, 5.3513e-06
3817.8, 5.1592e-06
3819.8, 5.234e-06
3821.8, 5.3141e-06
3823.8, 5.3605e-06
3825.8, 5.3477e-06
3827.8, 5.2909e-06
3829.8, 5.2121e-06
3831.8, 5.2074e-06
3833.8, 5.3494e-06
3835.8, 5.2259e-06
3837.8, 5.2816e-06
3839.8, 5.2612e-06
3841.8, 5.2825e-06
3843.8, 5.2258e-06
3845.8, 5.1383e-06
3847.8, 5.2775e-06
3849.8, 5.2873e-06
3851.8, 5.2196e-06
3853.8, 5.1686e-06
3855.9, 5.189e-06
3857.9, 5.2685e-06
3859.9, 5.262e-06
3861.9, 5.3419e-06
3863.9, 5.2242e-06
3865.9, 5.2903e-06
3867.9, 5.3634e-06
3869.9, 5.3114e-06
3871.9, 5.2925e-06
3873.9, 5.3027e-06
3875.9, 5.2715e-06
3877.9, 5.1629e-06
3879.9, 5.3185e-06
3881.9, 5.3114e-06
3883.9, 5.3014e-06
3885.9, 5.2757e-06
3887.9, 5.1071e-06
3889.9, 5.1965e-06
3891.9, 5.348e-06
3893.9, 5.2873e-06
3895.9, 5.3072e-06
3897.9, 5.2434e-06
3899.9, 5.0618e-06
3901.9, 5.2468e-06
3903.9, 5.2628e-06
3905.9, 5.2885e-06
3907.9, 5.1988e-06
3909.9, 5.0828e-06
3911.9, 5.2916e-06
3913.9, 5.2902e-06
3915.9, 5.2636e-06
3917.9, 5.3788e-06
3919.9, 5.3507e-06
3921.9, 5.3004e-06
3923.9, 5.1461e-06
3925.9, 5.2858e-06
3927.9, 5.2809e-06
3929.9, 5.3254e-06
3931.9, 5.2805e-06
3933.9, 5.2915e-06
3935.9, 5.2106e-06
3937.9, 5.2096e-06
3939.9, 5.2605e-06
3941.9, 5.2587e-06
3943.9, 5.2365e-06
3945.9, 5.2333e-06
3947.9, 5.2419e-06
3949.9, 5.295e-06
3951.9, 5.2938e-06
3953.9, 5.2032e-06
3956.0, 5.1893e-06
3958.0, 5.2711e-06
3960.0, 5.4552e-06
3962.0, 5.3268e-06
3964.0, 5.2061e-06
3966.0, 5.3366e-06
3968.0, 5.2461e-06
3970.0, 5.3467e-06
3972.0, 5.2205e-06
3974.0, 5.2447e-06
3976.0, 5.1714e-06
3978.0, 5.3459e-06
3980.0, 5.3075e-06
3982.0, 5.306e-06
3984.0, 5.1761e-06
3986.0, 5.2547e-06
3988.0, 5.283e-06
3990.0, 5.3179e-06
3992.0, 5.3332e-06
3994.0, 5.2443e-06
3996.0, 5.2696e-06
3998.0, 5.3586e-06
4000.0, 5.2955e-06
4002.0, 5.2757e-06
4004.0, 5.3317e-06
4006.0, 5.2124e-06
4008.0, 5.2455e-06
4010.0, 5.2768e-06
4012.0, 5.2736e-06
4014.0, 5.2723e-06
4016.0, 5.3489e-06
4018.0, 5.2908e-06
4020.0, 5.3183e-06
4022.0, 5.3066e-06
4024.0, 5.22e-06
4026.0, 5.3468e-06
4028.0, 5.3492e-06
4030.0, 5.3242e-06
4032.0, 5.2138e-06
4034.0, 5.3128e-06
4036.0, 5.2106e-06
4038.0, 5.3181e-06
4040.0, 5.2784e-06
4042.0, 5.2357e-06
4044.0, 5.2345e-06
4046.0, 5.3197e-06
4048.0, 5.2643e-06
4050.0, 5.2566e-06
4052.0, 5.3377e-06
4054.0, 5.3543e-06
4056.1, 5.3358e-06
4058.1, 5.2801e-06
4060.1, 5.2223e-06
4062.1, 5.2209e-06
4064.1, 5.272e-06
4066.1, 5.3241e-06
4068.1, 5.2051e-06
4070.1, 5.2885e-06
4072.1, 5.2713e-06
4074.1, 5.2278e-06
4076.1, 5.2822e-06
4078.1, 5.3043e-06
4080.1, 5.2231e-06
4082.1, 5.2179e-06
4084.1, 5.2507e-06
4086.1, 5.2668e-06
4088.1, -1.943e-08
4090.1, -2.981e-08
4092.1, -3.082e-08
4094.1, -3.306e-08
4096.1, -3.185e-08
4098.1, -3.131e-08
4100.1, -2.803e-08
4102.1, -2.946e-08
4104.1, -2.84e-08
4106.1, -3.037e-08
4108.1, -3.393e-08
4110.1, -2.864e-08
4112.1, -3.09e-08
4114.1, -3.383e-08
4116.1, -3.253e-08
4118.1, -3.501e-08
4120.1, -3.326e-08
4122.1, -3.203e-08
4124.1, -3.28e-08
4126.1, -3.494e-08
4128.1, -3.336e-08
4130.1, -2.982e-08
4132.1, -3.062e-08
4134.1, -3.16e-08
4136.1, -3.086e-08
4138.1, -2.976e-08
4140.1, -3.014e-08
4142.1, -2.917e-08
4144.1, -2.884e-08
4146.1, -2.962e-08
4148.1, -2.919e-08
4150.1, -3.045e-08
4152.1, -3.043e-08
4154.1, -3.302e-08
4156.2, -3.118e-08
4158.2, -3.294e-08
4160.2, -2.875e-08
4162.2, -3.349e-08
4164.2, -3.041e-08
4166.2, -3.219e-08
4168.2, -3.266e-08
4170.2, -3.156e-08
4172.2, -3.075e-08
4174.2, -3.207e-08
4176.2, -3.024e-08
4178.2, -3.203e-08
4180.2, -3.174e-08
4182.2, -2.77e-08
4184.2, -2.812e-08
4186.2, -3.101e-08
4188.2, -3.167e-08
4190.2, -3.25e-08
4192.2, -3.227e-08
4194.2, -3.474e-08
4196.2, -3.592e-08
4198.2, -3.778e-08
4200.2, -3.319e-08
4202.2, -3.466e-08
4204.2, -3.082e-08
4206.2, -3.34e-08
4208.2, -3.272e-08
4210.2, -3.283e-08
4212.2, -3.394e-08
4214.2, -3.096e-08
4216.2, -3.425e-08
4218.2, -3.435e-08
4220.2, -3.171e-08
4222.2, -3.478e-08
4224.2, -3.819e-08
4226.2, -3.479e-08
4228.2, -3.352e-08
4230.2, -3.521e-08
4232.2, -3.2e-08
4234.2, -3.042e-08
4236.2, -3.359e-08
4238.2, -3.615e-08
4240.2, -3.509e-08
4242.2, -3.509e-08
4244.2, -3.083e-08
4246.2, -3.014e-08
4248.2, -3.256e-08
4250.2, -2.871e-08
4252.2, -2.949e-08
4254.2, -3.327e-08
4256.3, -3.256e-08
4258.3, -2.975e-08
4260.3, -3.491e-08
4262.3, -3.256e-08
4264.3, -3.229e-08
4266.3, -3.202e-08
4268.3, -2.916e-08
4270.3, -3.27e-08
4272.3, -3.005e-08
4274.3, -3.212e-08
4276.3, -3.32e-08
4278.3, -3.665e-08
4280.3, -3.323e-08
4282.3, -2.835e-08
4284.3, -3.239e-08
4286.3, -3.097e-08
4288.3, -3.286e-08
4290.3, -3.047e-08
4292.3, -2.886e-08
4294.3, -3.425e-08
4296.3, -3.52e-08
4298.3, -3.591e-08
4300.3, -3.446e-08
4302.3, -3.155e-08
4304.3, -3.509e-08
4306.3, -3.392e-08
4308.3, -3.242e-08
4310.3, -3.011e-08
4312.3, -3.242e-08
4314.3, -3.546e-08
4316.3, -3.574e-08
4318.3, -3.657e-08
4320.3, -3.437e-08
4322.3, -3.443e-08
4324.3, -3.401e-08
4326.3, -3.921e-08
4328.3, -3.929e-08
4330.3, -3.697e-08
4332.3, -3.858e-08
4334.3, -3.854e-08
4336.3, -3.885e-08
4338.3, -3.434e-08
4340.3, -3.603e-08
4342.3, -3.766e-08
4344.3, -3.592e-08
4346.3, -3.846e-08
4348.3, -3.723e-08
4350.3, -3.72e-08
4352.3, -3.663e-08
4354.3, -3.775e-08
4356.4, -3.587e-08
4358.4, -3.939e-08
4360.4, -3.862e-08
4362.4, -3.925e-08
4364.4, -3.737e-08
4366.4, -4.02e-08
4368.4, -4.003e-08
4370.4, -4.242e-08
4372.4, -3.934e-08
4374.4, -3.941e-08
4376.4, -3.951e-08
4378.4, -4.031e-08
4380.4, -4.315e-08
4382.4, -3.866e-08
4384.4, -4.183e-08
4386.4, -4.067e-08
4388.4, -3.997e-08
4390.4, -3.548e-08
4392.4, -3.526e-08
4394.4, -3.403e-08
4396.4, -3.42e-08
4398.4, -3.703e-08
4400.4, -3.599e-08
4402.4, -3.904e-08
4404.4, -4.022e-08
4406.4, -3.897e-08
4408.4, -3.907e-08
4410.4, -3.698e-08
4412.4, -3.576e-08
4414.4, -3.347e-08
4416.4, -3.752e-08
4418.4, -3.705e-08
4420.4, -3.657e-08
4422.4, -3.388e-08
4424.4, -3.451e-08
4426.4, -3.4e-08
4428.4, -3.64e-08
4430.4, -3.243e-08
4432.4, -3.702e-08
4434.4, -3.316e-08
4436.4, -3.418e-08
4438.4, -4.06e-08
4440.4, -3.779e-08
4442.4, -3.734e-08
4444.4, -3.883e-08
4446.4, -3.739e-08
4448.4, -4.074e-08
4450.4, -3.843e-08
4452.4, -4.114e-08
4454.4, -3.743e-08
4456.5, -3.927e-08
4458.5, -3.633e-08
4460.5, -3.738e-08
4462.5, -3.755e-08
4464.5, -3.709e-08
4466.5, -3.954e-08
4468.5, -3.635e-08
4470.5, -3.883e-08
4472.5, -3.909e-08
4474.5, -4.028e-08
4476.5, -3.531e-08
4478.5, -3.386e-08
4480.5, -3.385e-08
4482.5, -3.232e-08
4484.5, -3.269e-08
4486.5, -3.087e-08
4488.5, -3.306e-08
4490.5, -3.513e-08
4492.5, -3.273e-08
4494.5, -3.702e-08
4496.5, -3.534e-08
4498.5, -4.206e-08
4500.5, -4.063e-08
4502.5, -3.551e-08
4504.5, -3.594e-08
4506.5, -3.814e-08
4508.5, -3.934e-08
4510.5, -4.172e-08
4512.5, -4.011e-08
4514.5, -3.833e-08
4516.5, -3.629e-08
4518.5, -3.51e-08
4520.5, -3.686e-08
4522.5, -3.364e-08
4524.5, -3.56e-08
4526.5, -3.625e-08
4528.5, -3.634e-08
4530.5, -3.583e-08
4532.5, -3.724e-08
4534.5, -4.04e-08
4536.5, -3.914e-08
4538.5, -4.123e-08
4540.5, -3.527e-08
4542.5, -3.76e-08
4544.5, -4.052e-08
4546.5, -3.527e-08
4548.5, -3.507e-08
4550.5, -3.292e-08
4552.5, -3.404e-08
4554.5, -3.546e-08
4556.6, -3.9e-08
4558.6, -3.914e-08
4560.6, -3.581e-08
4562.6, -3.421e-08
4564.6, -3.493e-08
4566.6, -3.514e-08
4568.6, -3.717e-08
4570.6, -3.276e-08
4572.6, -3.933e-08
4574.6, -3.518e-08
4576.6, -3.543e-08
4578.6, -3.688e-08
4580.6, -3.686e-08
4582.6, -3.271e-08
4584.6, -3.55e-08
4586.6, -3.987e-08
4588.6, -3.91e-08
4590.6, -3.744e-08
4592.6, -3.939e-08
4594.6, -4.129e-08
4596.6, -4.076e-08
4598.6, -4.11e-08
4600.6, -4.111e-08
4602.6, -4.249e-08
4604.6, -4.112e-08
4606.6, -3.964e-08
4608.6, -3.708e-08
4610.6, -3.928e-08
4612.6, -3.545e-08
4614.6, -3.931e-08
4616.6, -4.057e-08
4618.6, -4.024e-08
4620.6, -4.122e-08
4622.6, -3.702e-08
4624.6, -3.748e-08
4626.6, -3.943e-08
4628.6, -3.731e-08
4630.6, -3.49e-08
4632.6, -3.513e-08
4634.6, -3.791e-08
4636.6, -3.809e-08
4638.6, -4.027e-08
4640.6, -3.872e-08
4642.6, -4.015e-08
4644.6, -3.974e-08
4646.6, -3.429e-08
4648.6, -4.198e-08
4650.6, -3.804e-08
4652.6, -4.121e-08
4654.6, -4.613e-08
4656.7, -3.789e-08
4658.7, -3.952e-08
4660.7, -3.973e-08
4662.7, -3.632e-08
4664.7, -3.602e-08
4666.7, -3.88e-08
4668.7, -3.871e-08
4670.7, -3.881e-08
4672.7, -3.612e-08
4674.7, -3.874e-08
4676.7, -3.946e-08
4678.7, -3.825e-08
4680.7, -3.902e-08
4682.7, -3.802e-08
4684.7, -3.767e-08
4686.7, -3.923e-08
4688.7, -4.054e-08
4690.7, -4.152e-08
4692.7, -3.772e-08
4694.7, -4.069e-08
4696.7, -3.959e-08
4698.7, -3.722e-08
4700.7, -3.766e-08
4702.7, -3.852e-08
4704.7, -3.93e-08
4706.7, -3.59e-08
4708.7, -3.243e-08
4710.7, -3.435e-08
4712.7, -3.146e-08
4714.7, -3.894e-08
4716.7, -3.86e-08
4718.7, -3.517e-08
4720.7, -3.325e-08
4722.7, -3.283e-08
4724.7, -3.753e-08
4726.7, -3.789e-08
4728.7, -3.36e-08
4730.7, -3.91e-08
4732.7, -3.387e-08
4734.7, -3.995e-08
4736.7, -3.754e-08
4738.7, -3.822e-08
4740.7, -3.71e-08
4742.7, -4.105e-08
4744.7, -3.778e-08
4746.7, -3.527e-08
4748.7, -3.81e-08
4750.7, -3.326e-08
4752.7, -3.543e-08
4754.7, -3.655e-08
4756.8, -3.614e-08
4758.8, -3.638e-08
4760.8, -3.456e-08
4762.8, -3.383e-08
4764.8, -3.598e-08
4766.8, -3.95e-08
4768.8, -3.738e-08
4770.8, -3.917e-08
4772.8, -4.062e-08
4774.8, -3.962e-08
4776.8, -3.726e-08
4778.8, -4.162e-08
4780.8, -3.6e-08
4782.8, -3.319e-08
4784.8, -3.538e-08
4786.8, -4.021e-08
4788.8, -3.957e-08
4790.8, -3.899e-08
4792.8, -3.965e-08
4794.8, -3.49e-08
4796.8, -3.74e-08
4798.8, -3.91e-08
4800.8, -3.835e-08
4802.8, -3.542e-08
4804.8, -3.519e-08
4806.8, -3.889e-08
4808.8, -4.202e-08
4810.8, -3.792e-08
4812.8, -3.656e-08
4814.8, -3.855e-08
4816.8, -4.007e-08
4818.8, -3.422e-08
4820.8, -3.496e-08
4822.8, -3.758e-08
4824.8, -3.602e-08
4826.8, -3.86e-08
4828.8, -3.91e-08
4830.8, -3.9e-08
4832.8, -3.606e-08
4834.8, -3.295e-08
4836.8, -3.809e-08
4838.8, -3.853e-08
4840.8, -3.951e-08
4842.8, -3.575e-08
4844.8, -3.462e-08
4846.8, -3.532e-08
4848.8, -3.811e-08
4850.8, -3.327e-08
4852.8, -4.18e-08
4854.8, -3.791e-08
4856.9, -3.775e-08
4858.9, -3.443e-08
4860.9, -3.948e-08
4862.9, -3.415e-08
4864.9, -3.536e-08
4866.9, -3.707e-08
4868.9, -3.468e-08
4870.9, -3.389e-08
4872.9, -3.669e-08
4874.9, -3.578e-08
4876.9, -3.463e-08
4878.9, -4.012e-08
4880.9, -4.017e-08
4882.9, -3.828e-08
4884.9, -3.577e-08
4886.9, -3.719e-08
4888.9, -3.717e-08
4890.9, -3.873e-08
4892.9, -3.888e-08
4894.9, -4.18e-08
4896.9, -3.856e-08
4898.9, -3.641e-08
4900.9, -4.074e-08
4902.9, -4.301e-08
4904.9, -3.93e-08
4906.9, -4.058e-08
4908.9, -3.957e-08
4910.9, -4.065e-08
4912.9, -4.106e-08
4914.9, -4.302e-08
4916.9, -4.021e-08
4918.9, -4.231e-08
4920.9, -3.952e-08
4922.9, -3.971e-08
4924.9, -4.311e-08
4926.9, -4.117e-08
4928.9, -4.262e-08
4930.9, -4.154e-08
4932.9, -4.112e-08
4934.9, -4.086e-08
4936.9, -4.39e-08
4938.9, -4.111e-08
4940.9, -3.986e-08
4942.9, -4.015e-08
4944.9, -4.076e-08
4946.9, -4.01e-08
4948.9, -4.126e-08
4950.9, -3.581e-08
4952.9, -4.235e-08
4954.9, -4.31e-08
4957.0, -4.235e-08
4959.0, -4.211e-08
4961.0, -4.034e-08
4963.0, -4.286e-08
4965.0, -4.489e-08
4967.0, -4.246e-08
4969.0, -4.49e-08
4971.0, -4.588e-08
4973.0, -4.185e-08
4975.0, -4.198e-08
4977.0, -4.384e-08
4979.0, -4.423e-08
4981.0, -4.142e-08
4983.0, -4.133e-08
4985.0, -4.138e-08
4987.0, -4.04e-08
4989.0, -4.164e-08
4991.0, -4.147e-08
4993.0, -4.029e-08
4995.0, -3.875e-08
4997.0, -3.656e-08
4999.0, -4.018e-08
5001.0, -4.165e-08
5003.0, -3.945e-08
5005.0, -3.947e-08
5007.0, -4.359e-08
5009.0, -4.005e-08
5011.0, -3.985e-08
5013.0, -4.008e-08
5015.0, -4.16e-08
5017.0, -4.176e-08
5019.0, -3.995e-08
5021.0, -3.816e-08
5023.0, -4.365e-08
5025.0, -4.237e-08
5027.0, -4.082e-08
5029.0, -4.244e-08
5031.0, -4.16e-08
5033.0, -4.093e-08
5035.0, -3.907e-08
5037.0, -4.293e-08
5039.0, -4.584e-08
5041.0, -4.359e-08
5043.0, -4.299e-08
5045.0, -4.088e-08
5047.0, -4.329e-08
5049.0, -4.285e-08
5051.0, -4.112e-08
5053.0, -4.269e-08
5055.0, -4.149e-08
5057.1, -3.769e-08
5059.1, -4.174e-08
5061.1, -4.092e-08
5063.1, -4.177e-08
5065.1, -4.169e-08
5067.1, -4.235e-08
5069.1, -4.252e-08
5071.1, -4.419e-08
5073.1, -4.065e-08
5075.1, -4.27e-08
5077.1, -3.897e-08
5079.1, -4.004e-08
5081.1, -3.862e-08
5083.1, -3.841e-08
5085.1, -4.127e-08
5087.1, -4.125e-08
5089.1, -3.858e-08
5091.1, -3.85e-08
5093.1, -4.148e-08
5095.1, -3.726e-08
5097.1, -3.993e-08
5099.1, -3.953e-08
5101.1, -4.128e-08
5103.1, -3.899e-08
5105.1, -3.749e-08
5107.1, -3.723e-08
5109.1, -3.52e-08
5111.1, -4.144e-08
5113.1, -3.883e-08
5115.1, -3.464e-08
5117.1, 5.1633e-06
5119.1, 4.8576e-06
5121.1, 5.0191e-06
5123.1, 5.1396e-06
5125.1, 5.022e-06
5127.1, 5.0352e-06
5129.1, 5.0746e-06
5131.1, 5.0248e-06
5133.1, 5.0848e-06
5135.1, 5.146e-06
5137.1, 5.027e-06
5139.1, 5.2064e-06
5141.1, 5.0826e-06
5143.1, 5.0749e-06
5145.1, 5.1751e-06
5147.1, 5.0433e-06
5149.1, 5.0642e-06
5151.1, 5.0577e-06
5153.1, 4.998e-06
5155.1, 5.0391e-06
5157.2, 5.1173e-06
5159.2, 5.298e-06
5161.2, 5.3242e-06
5163.2, 5.0353e-06
5165.2, 5.1501e-06
5167.2, 4.9768e-06
5169.2, 5.1871e-06
5171.2, 5.1855e-06
5173.2, 5.077e-06
5175.2, 5.1541e-06
5177.2, 5.1305e-06
5179.2, 5.036e-06
5181.2, 5.1158e-06
5183.2, 5.1537e-06
5185.2, 5.1429e-06
5187.2, 5.1698e-06
5189.2, 5.2357e-06
5191.2, 5.1089e-06
5193.2, 5.1111e-06
5195.2, 5.1771e-06
5197.2, 5.1545e-06
5199.2, 5.0376e-06
5201.2, 5.24e-06
5203.2, 5.233e-06
5205.2, 5.2264e-06
5207.2, 5.2046e-06
5209.2, 5.14e-06
5211.2, 5.1413e-06
5213.2, 5.0312e-06
5215.2, 5.1761e-06
5217.2, 5.1875e-06
5219.2, 5.1314e-06
5221.2, 5.1266e-06
5223.2, 5.1371e-06
5225.2, 5.2064e-06
5227.2, 5.0888e-06
5229.2, 5.0872e-06
5231.2, 5.1411e-06
5233.2, 5.2335e-06
5235.2, 5.2225e-06
5237.2, 5.1467e-06
5239.2, 5.1233e-06
5241.2, 5.2454e-06
5243.2, 5.1285e-06
5245.2, 5.1608e-06
5247.2, 5.2481e-06
5249.2, 5.1917e-06
5251.2, 5.0453e-06
5253.2, 5.2337e-06
5255.2, 5.1961e-06
5257.3, 5.219e-06
5259.3, 5.0593e-06
5261.3, 5.2243e-06
5263.3, 5.3043e-06
5265.3, 5.1759e-06
5267.3, 5.1814e-06
5269.3, 5.2525e-06
5271.3, 5.1514e-06
5273.3, 5.2282e-06
5275.3, 5.1948e-06
5277.3, 5.1597e-06
5279.3, 5.1647e-06
5281.3, 5.2616e-06
5283.3, 5.0887e-06
5285.3, 5.2329e-06
5287.3, 5.2317e-06
5289.3, 5.1407e-06
5291.3, 5.3167e-06
5293.3, 5.2052e-06
5295.3, 5.1946e-06
5297.3, 5.2613e-06
5299.3, 5.2227e-06
5301.3, 5.2529e-06
5303.3, 5.1268e-06
5305.3, 5.2362e-06
5307.3, 5.2388e-06
5309.3, 5.2053e-06
5311.3, 5.1506e-06
5313.3, 5.1436e-06
5315.3, 5.1492e-06
5317.3, 5.2774e-06
5319.3, 5.1503e-06
5321.3, 5.1573e-06
5323.3, 5.2237e-06
5325.3, 5.295e-06
5327.3, 5.1074e-06
5329.3, 5.2936e-06
5331.3, 5.2391e-06
5333.3, 5.2665e-06
5335.3, 5.1545e-06
5337.3, 5.2095e-06
5339.3, 5.1719e-06
5341.3, 5.2181e-06
5343.3, 5.2329e-06
5345.3, 5.2772e-06
5347.3, 5.1655e-06
5349.3, 5.3739e-06
5351.3, 5.2202e-06
5353.3, 5.0759e-06
5355.3, 5.0877e-06
5357.4, 5.322e-06
5359.4, 5.2019e-06
5361.4, 5.4021e-06
5363.4, 5.2143e-06
5365.4, 5.1136e-06
5367.4, 5.0738e-06
5369.4, 5.2289e-06
5371.4, 5.2384e-06
5373.4, 5.2322e-06
5375.4, 5.3241e-06
5377.4, 5.2039e-06
5379.4, 5.1745e-06
5381.4, 5.229e-06
5383.4, 5.2422e-06
5385.4, 5.2231e-06
5387.4, 5.2046e-06
5389.4, 5.3633e-06
5391.4, 4.9957e-06
5393.4, 5.2718e-06
5395.4, 5.1707e-06
5397.4, 5.1951e-06
5399.4, 5.2952e-06
5401.4, 5.1612e-06
5403.4, 5.2106e-06
5405.4, 5.2036e-06
5407.4, 5.236e-06
5409.4, 5.1774e-06
5411.4, 5.3415e-06
5413.4, 5.288e-06
5415.4, 5.1472e-06
5417.4, 5.151e-06
5419.4, 5.259e-06
5421.4, 5.3469e-06
5423.4, 5.2782e-06
5425.4, 5.2346e-06
5427.4, 5.2981e-06
5429.4, 5.22e-06
5431.4, 5.2288e-06
5433.4, 5.3222e-06
5435.4, 5.2542e-06
5437.4, 5.328e-06
5439.4, 5.3029e-06
5441.4, 5.1843e-06
5443.4, 5.2979e-06
5445.4, 5.1137e-06
5447.4, 5.2802e-06
5449.4, 5.1847e-06
5451.4, 5.1918e-06
5453.4, 5.1119e-06
5455.4, 5.1155e-06
5457.5, 5.1564e-06
5459.5, 5.1599e-06
5461.5, 5.3241e-06
5463.5, 5.1952e-06
5465.5, 5.2226e-06
5467.5, 5.1618e-06
5469.5, 5.1924e-06
5471.5, 5.1673e-06
5473.5, 5.2258e-06
5475.5, 5.2703e-06
5477.5, 5.1486e-06
5479.5, 5.1507e-06
5481.5, 5.2335e-06
5483.5, 5.2015e-06
5485.5, 5.3132e-06
5487.5, 5.3372e-06
5489.5, 5.2074e-06
5491.5, 5.3024e-06
5493.5, 5.1521e-06
5495.5, 5.2244e-06
5497.5, 5.2556e-06
5499.5, 5.2358e-06
5501.5, 5.2543e-06
5503.5, 5.2183e-06
5505.5, 5.2086e-06
5507.5, 5.273e-06
5509.5, 5.2428e-06
5511.5, 5.2327e-06
5513.5, 5.1907e-06
5515.5, 5.2524e-06
5517.5, 5.3266e-06
5519.5, 5.1564e-06
5521.5, 5.2075e-06
5523.5, 5.261e-06
5525.5, 5.2315e-06
5527.5, 5.2149e-06
5529.5, 5.2813e-06
5531.5, 5.2237e-06
5533.5, 5.2284e-06
5535.5, 5.1818e-06
5537.5, 5.192e-06
5539.5, 5.2869e-06
5541.5, 5.319e-06
5543.5, 5.2759e-06
5545.5, 5.2574e-06
5547.5, 5.1671e-06
5549.5, 5.3223e-06
5551.5, 5.2377e-06
5553.5, 5.2713e-06
5555.5, 5.3155e-06
5557.6, 5.2727e-06
5559.6, 5.2957e-06
5561.6, 5.2398e-06
5563.6, 5.1943e-06
5565.6, 5.2204e-06
5567.6, 5.1585e-06
5569.6, 5.3884e-06
5571.6, 5.2985e-06
5573.6, 5.2099e-06
5575.6, 5.2553e-06
5577.6, 5.2839e-06
5579.6, 5.305e-06
5581.6, 5.2339e-06
5583.6, 5.154e-06
5585.6, 5.1038e-06
5587.6, 5.1993e-06
5589.6, 5.2362e-06
5591.6, 5.3723e-06
5593.6, 5.201e-06
5595.6, 5.255e-06
5597.6, 5.2458e-06
5599.6, 5.2545e-06
5601.6, 5.2095e-06
5603.6, 5.211e-06
5605.6, 5.2268e-06
5607.6, 5.2876e-06
5609.6, 5.2084e-06
5611.6, 5.2048e-06
5613.6, 5.2403e-06
5615.6, 5.2828e-06
5617.6, 5.3279e-06
5619.6, 5.1807e-06
5621.6, 5.2872e-06
5623.6, 5.2779e-06
5625.6, 5.095e-06
5627.6, 5.216e-06
5629.6, 5.0946e-06
5631.6, 5.2371e-06
5633.6, 5.2023e-06
5635.6, 5.1999e-06
5637.6, 5.3467e-06
5639.6, 5.2281e-06
5641.6, 5.1686e-06
5643.6, 5.267e-06
5645.6, 5.3179e-06
5647.6, 5.1101e-06
5649.6, 5.294e-06
5651.6, 5.3312e-06
5653.6, 5.2225e-06
5655.6, 5.2125e-06
5657.7, 5.2972e-06
5659.7, 5.3076e-06
5661.7, 5.3269e-06
5663.7, 5.3376e-06
5665.7, 5.2229e-06
5667.7, 5.255e-06
5669.7, 5.2818e-06
5671.7, 5.248e-06
5673.7, 5.2873e-06
5675.7, 5.2419e-06
5677.7, 5.2315e-06
5679.7, 5.2812e-06
5681.7, 5.2634e-06
5683.7, 5.2853e-06
5685.7, 5.3238e-06
5687.7, 5.25e-06
5689.7, 5.2085e-06
5691.7, 5.3409e-06
5693.7, 5.2496e-06
5695.7, 5.2193e-06
5697.7, 5.2847e-06
5699.7, 5.3288e-06
5701.7, 5.2604e-06
5703.7, 5.307e-06
5705.7, 5.343e-06
5707.7, 5.2509e-06
5709.7, 5.2823e-06
5711.7, 5.3313e-06
5713.7, 5.178e-06
5715.7, 5.3176e-06
5717.7, 5.1283e-06
5719.7, 5.2411e-06
5721.7, 5.2599e-06
5723.7, 5.2174e-06
5725.7, 5.3888e-06
5727.7, 5.1734e-06
5729.7, 5.3673e-06
5731.7, 5.3519e-06
5733.7, 5.3175e-06
5735.7, 5.3391e-06
5737.7, 5.3863e-06
5739.7, 5.2484e-06
5741.7, 5.2919e-06
5743.7, 5.3536e-06
5745.7, 5.2259e-06
5747.7, 5.2563e-06
5749.7, 5.2958e-06
5751.7, 5.3189e-06
5753.7, 5.2668e-06
5755.7, 5.277e-06
5757.8, 5.2377e-06
5759.8, 5.3007e-06
5761.8, 5.3025e-06
5763.8, 5.2022e-06
5765.8, 5.2815e-06
5767.8, 5.2718e-06
5769.8, 5.2634e-06
5771.8, 5.3188e-06
5773.8, 5.1833e-06
5775.8, 5.3812e-06
5777.8, 5.2799e-06
5779.8, 5.2006e-06
5781.8, 5.3429e-06
5783.8, 5.2652e-06
5785.8, 5.3199e-06
5787.8, 5.3527e-06
5789.8, 5.2698e-06
5791.8, 5.2148e-06
5793.8, 5.2452e-06
5795.8, 5.1716e-06
5797.8, 5.2732e-06
5799.8, 5.2371e-06
5801.8, 5.2154e-06
5803.8, 5.2834e-06
5805.8, 5.2506e-06
5807.8, 5.2004e-06
5809.8, 5.3686e-06
5811.8, 5.1535e-06
5813.8, 5.306e-06
5815.8, 5.2779e-06
5817.8, 5.2333e-06
5819.8, 5.3117e-06
5821.8, 5.2887e-06
5823.8, 5.2948e-06
5825.8, 5.3129e-06
5827.8, 5.2966e-06
5829.8, 5.2794e-06
5831.8, 5.3432e-06
5833.8, 5.2961e-06
5835.8, 5.202e-06
5837.8, 5.2571e-06
5839.8, 5.2504e-06
5841.8, 5.3406e-06
5843.8, 5.2284e-06
5845.8, 5.2465e-06
5847.8, 5.296e-06
5849.8, 5.3143e-06
5851.8, 5.2933e-06
5853.8, 5.2935e-06
5855.8, 5.2351e-06
5857.9, 5.2684e-06
5859.9, 5.2823e-06
5861.9, 5.2928e-06
5863.9, 5.3622e-06
5865.9, 5.1753e-06
5867.9, 5.3262e-06
5869.9, 5.1932e-06
5871.9, 5.1873e-06
5873.9, 5.3031e-06
5875.9, 5.2442e-06
5877.9, 5.3646e-06
5879.9, 5.3517e-06
5881.9, 5.2069e-06
5883.9, 5.3601e-06
5885.9, 5.2807e-06
5887.9, 5.2449e-06
5889.9, 5.2008e-06
5891.9, 5.3145e-06
5893.9, 5.2654e-06
5895.9, 5.4195e-06
5897.9, 5.2407e-06
5899.9, 5.3612e-06
5901.9, 5.1902e-06
5903.9, 5.2476e-06
5905.9, 5.2286e-06
5907.9, 5.3285e-06
5909.9, 5.2395e-06
5911.9, 5.3451e-06
5913.9, 5.2166e-06
5915.9, 5.2196e-06
5917.9, 5.2752e-06
5919.9, 5.1881e-06
5921.9, 5.2324e-06
5923.9, 5.3472e-06
5925.9, 5.2775e-06
5927.9, 5.2808e-06
5929.9, 5.3104e-06
5931.9, 5.2289e-06
5933.9, 5.276e-06
5935.9, 5.2518e-06
5937.9, 5.2606e-06
5939.9, 5.2685e-06
5941.9, 5.2829e-06
5943.9, 5.393e-06
5945.9, 5.2959e-06
5947.9, 5.1481e-06
5949.9, 5.1911e-06
5951.9, 5.2586e-06
5953.9, 5.3105e-06
5955.9, 5.3107e-06
5958.0, 5.2687e-06
5960.0, 5.1911e-06
5962.0, 5.3776e-06
5964.0, 5.3112e-06
5966.0, 5.2207e-06
5968.0, 5.3195e-06
5970.0, 5.2951e-06
5972.0, 5.2967e-06
5974.0, 5.3201e-06
5976.0, 5.2567e-06
5978.0, 5.2088e-06
5980.0, 5.2617e-06
5982.0, 5.3115e-06
5984.0, 5.3347e-06
5986.0, 5.2167e-06
5988.0, 5.1733e-06
5990.0, 5.2746e-06
5992.0, 5.342e-06
5994.0, 5.2267e-06
5996.0, 5.2685e-06
5998.0, 5.3698e-06
6000.0, 5.2384e-06
6002.0, 5.351e-06
6004.0, 5.3231e-06
6006.0, 5.2674e-06
6008.0, 5.3651e-06
6010.0, 5.182e-06
6012.0, 5.2605e-06
6014.0, 5.3285e-06
6016.0, 5.3548e-06
6018.0, 5.3496e-06
6020.0, 5.2742e-06
6022.0, 5.1821e-06
6024.0, 5.3683e-06
6026.0, 5.2587e-06
6028.0, 5.213e-06
6030.0, 5.2055e-06
6032.0, 5.2172e-06
6034.0, 5.2543e-06
6036.0, 5.167e-06
6038.0, 5.3262e-06
6040.0, 5.296e-06
6042.0, 5.2499e-06
6044.0, 5.368e-06
6046.0, 5.2796e-06
6048.0, 5.2961e-06
6050.0, 5.2777e-06
6052.0, 5.2013e-06
6054.0, 5.3691e-06
6056.0, 5.2855e-06
6058.1, 5.2951e-06
6060.1, 5.394e-06
6062.1, 5.2467e-06
6064.1, 5.2622e-06
6066.1, 5.3413e-06
6068.1, 5.2272e-06
6070.1, 5.1714e-06
6072.1, 5.2619e-06
6074.1, 5.273e-06
6076.1, 5.2621e-06
6078.1, 5.3308e-06
6080.1, 5.2979e-06
6082.1, 5.1658e-06
6084.1, 5.1841e-06
6086.1, 5.2424e-06
6088.1, 5.2367e-06
6090.1, 5.2165e-06
6092.1, 5.2292e-06
6094.1, 5.2717e-06
6096.1, 5.3405e-06
6098.1, 5.2596e-06
6100.1, 5.2608e-06
6102.1, 5.2251e-06
6104.1, 5.269e-06
6106.1, 5.3955e-06
6108.1, 5.2827e-06
6110.1, 5.1452e-06
6112.1, 5.2686e-06
6114.1, 5.3817e-06
6116.1, 5.3186e-06
6118.1, -2.055e-08
6120.1, -3.143e-08
6122.1, -3.104e-08
6124.1, -3.089e-08
6126.1, -3.018e-08
6128.1, -3.5e-08
6130.1, -2.964e-08
6132.1, -2.809e-08
6134.1, -2.944e-08
6136.1, -3.054e-08
6138.1, -3.164e-08
6140.1, -3.287e-08
6142.1, -2.761e-08
6144.1, -2.889e-08
6146.1, -3.267e-08
6148.1, -3.308e-08
6150.1, -3.344e-08
6152.1, -3.74e-08
6154.1, -3.32e-08
6156.1, -3.468e-08
6158.2, -3.347e-08
6160.2, -3.025e-08
6162.2, -2.871e-08
6164.2, -3.062e-08
6166.2, -3.458e-08
6168.2, -3.242e-08
6170.2, -3.625e-08
6172.2, -3.176e-08
6174.2, -3.483e-08
6176.2, -3.344e-08
6178.2, -3.597e-08
6180.2, -3.299e-08
6182.2, -3.323e-08
6184.2, -3.291e-08
6186.2, -3.081e-08
6188.2, -3.255e-08
6190.2, -3.194e-08
6192.2, -3.264e-08
6194.2, -3.116e-08
6196.2, -3.186e-08
6198.2, -3.248e-08
6200.2, -2.913e-08
6202.2, -3.079e-08
6204.2, -3.147e-08
6206.2, -3.263e-08
6208.2, -3.433e-08
6210.2, -3.075e-08
6212.2, -3.064e-08
6214.2, -2.845e-08
6216.2, -3.646e-08
6218.2, -3.619e-08
6220.2, -3.317e-08
6222.2, -3.332e-08
6224.2, -3.077e-08
6226.2, -3.332e-08
6228.2, -3.239e-08
6230.2, -3.226e-08
6232.2, -3.475e-08
6234.2, -3.347e-08
6236.2, -2.809e-08
6238.2, -3.235e-08
6240.2, -3.506e-08
6242.2, -3.333e-08
6244.2, -2.853e-08
6246.2, -2.845e-08
6248.2, -3.149e-08
6250.2, -2.782e-08
6252.2, -2.777e-08
6254.2, -3.264e-08
6256.2, -3.073e-08
6258.3, -3.21e-08
6260.3, -3.126e-08
6262.3, -3.04e-08
6264.3, -3.251e-08
6266.3, -3.395e-08
6268.3, -3.082e-08
6270.3, -2.879e-08
6272.3, -2.828e-08
6274.3, -3.038e-08
6276.3, -3.53e-08
6278.3, -3.214e-08
6280.3, -3.101e-08
6282.3, -3.297e-08
6284.3, -3.077e-08
6286.3, -3.423e-08
6288.3, -3.912e-08
6290.3, -3.157e-08
6292.3, -3.692e-08
6294.3, -3.673e-08
6296.3, -3.588e-08
6298.3, -3.372e-08
6300.3, -3.208e-08
6302.3, -3.564e-08
6304.3, -3.211e-08
6306.3, -3.116e-08
6308.3, -3.482e-08
6310.3, -3.771e-08
6312.3, -3.189e-08
6314.3, -3.694e-08
6316.3, -3.808e-08
6318.3, -3.485e-08
6320.3, -3.625e-08
6322.3, -3.474e-08
6324.3, -3.506e-08
6326.3, -3.532e-08
6328.3, -3.761e-08
6330.3, -3.258e-08
6332.3, -3.465e-08
6334.3, -3.505e-08
6336.3, -3.277e-08
6338.3, -3.285e-08
6340.3, -3.219e-08
6342.3, -3.703e-08
6344.3, -3.71e-08
6346.3, -3.715e-08
6348.3, -3.627e-08
6350.3, -3.439e-08
6352.3, -3.42e-08
6354.3, -3.541e-08
6356.3, -3.205e-08
6358.4, -3.109e-08
6360.4, -3.366e-08
6362.4, -3.036e-08
6364.4, -3.077e-08
6366.4, -3.258e-08
6368.4, -3.382e-08
6370.4, -3.207e-08
6372.4, -3.311e-08
6374.4, -2.989e-08
6376.4, -3.011e-08
6378.4, -3.354e-08
6380.4, -3.098e-08
6382.4, -3.267e-08
6384.4, -3.397e-08
6386.4, -3.233e-08
6388.4, -3.673e-08
6390.4, -3.379e-08
6392.4, -3.261e-08
6394.4, -3.097e-08
6396.4, -3.488e-08
6398.4, -3.411e-08
6400.4, -3.1e-08
6402.4, -3.415e-08
6404.4, -3.296e-08
6406.4, -3.35e-08
6408.4, -3.046e-08
6410.4, -3.229e-08
6412.4, -2.906e-08
6414.4, -3.55e-08
6416.4, -3.04e-08
6418.4, -3.211e-08
6420.4, -3.072e-08
6422.4, -3.196e-08
6424.4, -2.782e-08
6426.4, -3.048e-08
6428.4, -2.842e-08
6430.4, -2.868e-08
6432.4, -3.002e-08
6434.4, -3.17e-08
6436.4, -2.855e-08
6438.4, -2.902e-08
6440.4, -3.409e-08
6442.4, -3.226e-08
6444.4, -3.079e-08
6446.4, -3.07e-08
6448.4, -3.315e-08
6450.4, -3.077e-08
6452.4, -3.149e-08
6454.4, -3.142e-08
6456.4, -3.286e-08
6458.5, -2.984e-08
6460.5, -3.09e-08
6462.5, -3.244e-08
6464.5, -2.893e-08
6466.5, -3.113e-08
6468.5, -2.635e-08
6470.5, -2.88e-08
6472.5, -2.522e-08
6474.5, -2.792e-08
6476.5, -3.253e-08
6478.5, -3.069e-08
6480.5, -3.093e-08
6482.5, -2.732e-08
6484.5, -2.978e-08
6486.5, -2.97e-08
6488.5, -3.367e-08
6490.5, -3.031e-08
6492.5, -3.039e-08
6494.5, -3.099e-08
6496.5, -3.268e-08
6498.5, -3.418e-08
6500.5, -3.272e-08
6502.5, -3.795e-08
6504.5, -3.853e-08
6506.5, -3.788e-08
6508.5, -3.355e-08
6510.5, -3.797e-08
6512.5, -3.348e-08
6514.5, -3.744e-08
6516.5, -3.129e-08
6518.5, -3.067e-08
6520.5, -3.002e-08
6522.5, -3.227e-08
6524.5, -2.946e-08
6526.5, -3.53e-08
6528.5, -3.752e-08
6530.5, -3.411e-08
6532.5, -2.895e-08
6534.5, -3.268e-08
6536.5, -3.277e-08
6538.5, -3.278e-08
6540.5, -3.179e-08
6542.5, -2.895e-08
6544.5, -3.154e-08
6546.5, -2.868e-08
6548.5, -3.336e-08
6550.5, -3.113e-08
6552.5, -2.973e-08
6554.5, -3.19e-08
6556.5, -3.008e-08
6558.6, -3.286e-08
6560.6, -3.482e-08
6562.6, -3.343e-08
6564.6, -2.928e-08
6566.6, -3.017e-08
6568.6, -2.713e-08
6570.6, -2.96e-08
6572.6, -3.184e-08
6574.6, -2.973e-08
6576.6, -3.043e-08
6578.6, -3.657e-08
6580.6, -3.62e-08
6582.6, -3.35e-08
6584.6, -3.321e-08
6586.6, -2.944e-08
6588.6, -2.839e-08
6590.6, -3.459e-08
6592.6, -3.24e-08
6594.6, -3.618e-08
6596.6, -3.564e-08
6598.6, -3.543e-08
6600.6, -3.354e-08
6602.6, -3.405e-08
6604.6, -3.508e-08
6606.6, -3.521e-08
6608.6, -3.789e-08
6610.6, -3.636e-08
6612.6, -3.518e-08
6614.6, -3.168e-08
6616.6, -3.538e-08
6618.6, -3.397e-08
6620.6, -3.434e-08
6622.6, -3.436e-08
6624.6, -2.884e-08
6626.6, -3.158e-08
6628.6, -3.015e-08
6630.6, -3.177e-08
6632.6, -3.268e-08
6634.6, -3.472e-08
6636.6, -3.285e-08
6638.6, -3.154e-08
6640.6, -3.197e-08
6642.6, -3.282e-08
6644.6, -3.005e-08
6646.6, -3.131e-08
6648.6, -3.05e-08
6650.6, -3.341e-08
6652.6, -3.414e-08
6654.6, -3.269e-08
6656.6, -3.086e-08
6658.7, -3.257e-08
6660.7, -3.4e-08
6662.7, -3.341e-08
6664.7, -3.123e-08
6666.7, -3.403e-08
6668.7, -3.146e-08
6670.7, -3.325e-08
6672.7, -3.074e-08
6674.7, -3.056e-08
6676.7, -3.173e-08
6678.7, -2.635e-08
6680.7, -3.11e-08
6682.7, -3.45e-08
6684.7, -3.382e-08
6686.7, -3.409e-08
6688.7, -3.05e-08
6690.7, -3.111e-08
6692.7, -3.186e-08
6694.7, -3.405e-08
6696.7, -3.16e-08
6698.7, -2.893e-08
6700.7, -3.187e-08
6702.7, -3.215e-08
6704.7, -2.814e-08
6706.7, -3.201e-08
6708.7, -3.232e-08
6710.7, -3.04e-08
6712.7, -2.866e-08
6714.7, -3.417e-08
6716.7, -3.264e-08
6718.7, -3.183e-08
6720.7, -3.382e-08
6722.7, -3.055e-08
6724.7, -3.152e-08
6726.7, -3.185e-08
6728.7, -3.062e-08
6730.7, -3.162e-08
6732.7, -2.867e-08
6734.7, -3.058e-08
6736.7, -3.307e-08
6738.7, -3.552e-08
6740.7, -3.396e-08
6742.7, -3.134e-08
6744.7, -3.087e-08
6746.7, -3.07e-08
6748.7, -3.032e-08
6750.7, -3.509e-08
6752.7, -3.221e-08
6754.7, -3.367e-08
6756.7, -2.904e-08
6758.8, -3.342e-08
6760.8, -3.439e-08
6762.8, -2.977e-08
6764.8, -3.408e-08
6766.8, -3.199e-08
6768.8, -3.305e-08
6770.8, -3.086e-08
6772.8, -3.352e-08
6774.8, -3.333e-08
6776.8, -2.938e-08
6778.8, -2.593e-08
6780.8, -3.087e-08
6782.8, -3.121e-08
6784.8, -3.006e-08
6786.8, -3.252e-08
6788.8, -3.597e-08
6790.8, -3.294e-08
6792.8, -3.104e-08
6794.8, -3.331e-08
6796.8, -3.102e-08
6798.8, -3.256e-08
6800.8, -2.891e-08
6802.8, -3.053e-08
6804.8, -2.807e-08
6806.8, -2.986e-08
6808.8, -2.973e-08
6810.8, -2.846e-08
6812.8, -3.427e-08
6814.8, -3.123e-08
6816.8, -3.119e-08
6818.8, -3.152e-08
6820.8, -3.154e-08
6822.8, -3.476e-08
6824.8, -3.614e-08
6826.8, -3.567e-08
6828.8, -3.49e-08
6830.8, -3.176e-08
6832.8, -3.036e-08
6834.8, -3.113e-08
6836.8, -3.314e-08
6838.8, -3.076e-08
6840.8, -3.529e-08
6842.8, -3.121e-08
6844.8, -3.13e-08
6846.8, -3.108e-08
6848.8, -3.225e-08
6850.8, -2.657e-08
6852.8, -2.739e-08
6854.8, -3.107e-08
6856.8, -3.001e-08
6858.9, -3.147e-08
6860.9, -3.431e-08
6862.9, -2.988e-08
6864.9, -3.235e-08
6866.9, -3.019e-08
6868.9, -3.033e-08
6870.9, -3.312e-08
6872.9, -2.817e-08
6874.9, -2.944e-08
6876.9, -2.76e-08
6878.9, -3.334e-08
6880.9, -3.116e-08
6882.9, -3.082e-08
6884.9, -3.148e-08
6886.9, -3.376e-08
6888.9, -2.916e-08
6890.9, -2.763e-08
6892.9, -2.702e-08
6894.9, -3.054e-08
6896.9, -3.103e-08
6898.9, -3.199e-08
6900.9, -3.754e-08
6902.9, -3.677e-08
6904.9, -3.466e-08
6906.9, -3.379e-08
6908.9, -3.673e-08
6910.9, -3.265e-08
6912.9, -3.37e-08
6914.9, -3.252e-08
6916.9, -3.705e-08
6918.9, -3.333e-08
6920.9, -3.44e-08
6922.9, -3.609e-08
6924.9, -3.362e-08
6926.9, -3.438e-08
6928.9, -3.573e-08
6930.9, -3.448e-08
6932.9, -3.485e-08
6934.9, -3.437e-08
6936.9, -3.247e-08
6938.9, -3.429e-08
6940.9, -3.811e-08
6942.9, -3.489e-08
6944.9, -2.977e-08
6946.9, -3.119e-08
6948.9, -3.556e-08
6950.9, -3.149e-08
6952.9, -3.326e-08
6954.9, -3.36e-08
6956.9, -3.327e-08
6959.0, -3.875e-08
6961.0, -3.581e-08
6963.0, -3.368e-08
6965.0, -3.589e-08
6967.0, -3.081e-08
6969.0, -3.543e-08
6971.0, -3.572e-08
6973.0, -3.58e-08
6975.0, -3.241e-08
6977.0, -3.452e-08
6979.0, -3.964e-08
6981.0, -3.776e-08
6983.0, -3.428e-08
6985.0, -3.663e-08
6987.0, -3.76e-08
6989.0, -3.627e-08
6991.0, -3.75e-08
6993.0, -2.859e-08
6995.0, -3.233e-08
6997.0, -3.495e-08
6999.0, -3.199e-08
7001.0, -3.803e-08
7003.0, -3.477e-08
7005.0, -3.274e-08
7007.0, -3.399e-08
7009.0, -3.431e-08
7011.0, -3.368e-08
7013.0, -3.412e-08
7015.0, -3.033e-08
7017.0, -3.169e-08
7019.0, -3.236e-08
7021.0, -3.475e-08
7023.0, -3.103e-08
7025.0, -3.272e-08
7027.0, -3.475e-08
7029.0, -3.161e-08
7031.0, -3.228e-08
7033.0, -3.249e-08
7035.0, -3.229e-08
7037.0, -3.289e-08
7039.0, -3.054e-08
7041.0, -3.173e-08
7043.0, -3.23e-08
7045.0, -2.708e-08
7047.0, -2.571e-08
7049.0, -2.672e-08
7051.0, -3.365e-08
7053.0, -3.236e-08
7055.0, -3.097e-08
7057.0, -2.719e-08
7059.1, -3.063e-08
7061.1, -3.415e-08
7063.1, -3.303e-08
7065.1, -2.84e-08
7067.1, -2.853e-08
7069.1, -3.163e-08
7071.1, -3.386e-08
7073.1, -2.983e-08
7075.1, -3.242e-08
7077.1, -3.253e-08
7079.1, -3.231e-08
7081.1, -2.96e-08
7083.1, -3.282e-08
7085.1, -3.138e-08
7087.1, -3.066e-08
7089.1, -2.97e-08
7091.1, -3.001e-08
7093.1, -2.678e-08
7095.1, -3.387e-08
7097.1, -2.796e-08
7099.1, -2.946e-08
7101.1, -3.15e-08
7103.1, -3.046e-08
7105.1, -3.149e-08
7107.1, -3.353e-08
7109.1, -3.571e-08
7111.1, -3.573e-08
7113.1, -3.03e-08
7115.1, -3.132e-08
7117.1, -3.144e-08
7119.1, -2.724e-08
7121.1, -3.072e-08
7123.1, -2.996e-08
7125.1, -3.234e-08
7127.1, -3.269e-08
7129.1, -3.379e-08
7131.1, -3.407e-08
7133.1, -3.154e-08
7135.1, -3.313e-08
7137.1, -3.399e-08
7139.1, -3.61e-08
7141.1, -3.321e-08
7143.1, -3.365e-08
7145.1, -3.142e-08
7147.1, -2.992e-08
7149.1, -3.151e-08
7151.1, -3.273e-08
7153.1, -3.317e-08
7155.1, -3.124e-08
7157.1, -3.306e-08
7159.2, -3.629e-08
7161.2, -3.231e-08
7163.2, -3.4e-08
7165.2, -3.207e-08
7167.2, 3.4133e-06
7169.2, 4.9467e-06
7171.2, 4.9319e-06
7173.2, 4.9897e-06
7175.2, 4.843e-06
7177.2, 4.9647e-06
7179.2, 4.9727e-06
7181.2, 4.9543e-06
7183.2, 4.9015e-06
7185.2, 5.022e-06
7187.2, 4.9899e-06
7189.2, 4.9267e-06
7191.2, 4.9262e-06
7193.2, 4.8989e-06
7195.2, 5.0633e-06
7197.2, 5.0371e-06
7199.2, 5.0024e-06
7201.2, 4.972e-06
7203.2, 5.0139e-06
7205.2, 5.0808e-06
7207.2, 5.0854e-06
7209.2, 5.0221e-06
7211.2, 4.9818e-06
7213.2, 4.9997e-06
7215.2, 5.0276e-06
7217.2, 5.0467e-06
7219.2, 5.1859e-06
7221.2, 5.0201e-06
7223.2, 5.076e-06
7225.2, 4.9664e-06
7227.2, 4.84e-06
7229.2, 5.061e-06
7231.2, 5.1408e-06
7233.2, 5.0221e-06
7235.2, 5.0863e-06
7237.2, 4.908e-06
7239.2, 4.8738e-06
7241.2, 4.817e-06
7243.2, 5.0081e-06
7245.2, 5.0972e-06
7247.2, 5.0228e-06
7249.2, 5.0588e-06
7251.2, 5.0196e-06
7253.2, 5.1223e-06
7255.2, 5.0773e-06
7257.2, 4.9606e-06
7259.3, 5.08e-06
7261.3, 4.9887e-06
7263.3, 4.9003e-06
7265.3, 5.0104e-06
7267.3, 5.0324e-06
7269.3, 5.0901e-06
7271.3, 5.0593e-06
7273.3, 5.1702e-06
7275.3, 5.0365e-06
7277.3, 4.9179e-06
7279.3, 5.0193e-06
7281.3, 5.1042e-06
7283.3, 4.9959e-06
7285.3, 5.0715e-06
7287.3, 4.9453e-06
7289.3, 5.0913e-06
7291.3, 5.0618e-06
7293.3, 5.0392e-06
7295.3, 5.0346e-06
7297.3, 4.9603e-06
7299.3, 4.9397e-06
7301.3, 4.99e-06
7303.3, 5.038e-06
7305.3, 5.0708e-06
7307.3, 4.9822e-06
7309.3, 4.9466e-06
7311.3, 5.1169e-06
7313.3, 5.0908e-06
7315.3, 5.158e-06
7317.3, 5.0566e-06
7319.3, 5.0805e-06
7321.3, 5.0199e-06
7323.3, 5.1029e-06
7325.3, 5.106e-06
7327.3, 5.0218e-06
7329.3, 4.9963e-06
7331.3, 5.0582e-06
7333.3, 5.0077e-06
7335.3, 5.1667e-06
7337.3, 5.0526e-06
7339.3, 5.0622e-06
7341.3, 5.0605e-06
7343.3, 5.0348e-06
7345.3, 5.109e-06
7347.3, 5.0963e-06
7349.3, 5.0323e-06
7351.3, 5.0837e-06
7353.3, 4.9978e-06
7355.3, 4.9906e-06
7357.3, 4.949e-06
7359.4, 5.0847e-06
7361.4, 5.0826e-06
7363.4, 5.1772e-06
7365.4, 5.1209e-06
7367.4, 5.041e-06
7369.4, 4.9283e-06
7371.4, 5.0857e-06
7373.4, 5.1209e-06
7375.4, 5.0696e-06
7377.4, 5.0928e-06
7379.4, 5.0497e-06
7381.4, 5.1092e-06
7383.4, 5.1498e-06
7385.4, 5.0513e-06
7387.4, 5.1298e-06
7389.4, 5.0703e-06
7391.4, 5.1035e-06
7393.4, 5.1019e-06
7395.4, 5.0705e-06
7397.4, 5.1068e-06
7399.4, 5.0701e-06
7401.4, 5.1319e-06
7403.4, 5.0754e-06
7405.4, 5.0401e-06
7407.4, 5.1224e-06
7409.4, 5.0784e-06
7411.4, 5.0562e-06
7413.4, 5.0796e-06
7415.4, 5.0151e-06
7417.4, 5.1718e-06
7419.4, 5.1595e-06
7421.4, 5.0893e-06
7423.4, 5.0121e-06
7425.4, 5.1493e-06
7427.4, 5.1256e-06
7429.4, 4.9926e-06
7431.4, 4.9676e-06
7433.4, 5.1129e-06
7435.4, 5.1551e-06
7437.4, 5.1038e-06
7439.4, 5.1437e-06
7441.4, 5.1532e-06
7443.4, 5.0951e-06
7445.4, 5.0582e-06
7447.4, 5.0235e-06
7449.4, 5.1407e-06
7451.4, 5.1123e-06
7453.4, 5.1491e-06
7455.4, 5.1328e-06
7457.4, 5.109e-06
7459.5, 5.0216e-06
7461.5, 5.0152e-06
7463.5, 5.0584e-06
7465.5, 5.0846e-06
7467.5, 5.0625e-06
7469.5, 5.1538e-06
7471.5, 5.1858e-06
7473.5, 5.1227e-06
7475.5, 5.0622e-06
7477.5, 5.0626e-06
7479.5, 5.0981e-06
7481.5, 5.1116e-06
7483.5, 5.0574e-06
7485.5, 5.0969e-06
7487.5, 5.1165e-06
7489.5, 5.1722e-06
7491.5, 5.1083e-06
7493.5, 4.9707e-06
7495.5, 5.0344e-06
7497.5, 5.116e-06
7499.5, 5.0771e-06
7501.5, 5.0574e-06
7503.5, 5.0363e-06
7505.5, 5.0789e-06
7507.5, 5.0919e-06
7509.5, 5.0456e-06
7511.5, 5.0141e-06
7513.5, 5.1926e-06
7515.5, 5.0618e-06
7517.5, 5.1303e-06
7519.5, 5.1414e-06
7521.5, 5.0592e-06
7523.5, 5.1375e-06
7525.5, 5.0777e-06
7527.5, 5.0288e-06
7529.5, 4.9698e-06
7531.5, 5.1433e-06
7533.5, 4.9958e-06
7535.5, 5.1386e-06
7537.5, 5.142e-06
7539.5, 5.0526e-06
7541.5, 5.1352e-06
7543.5, 5.1239e-06
7545.5, 5.1499e-06
7547.5, 4.9894e-06
7549.5, 5.012e-06
7551.5, 4.9757e-06
7553.5, 5.1092e-06
7555.5, 5.1657e-06
7557.5, 5.173e-06
7559.6, 5.0249e-06
7561.6, 5.2164e-06
7563.6, 5.089e-06
7565.6, 5.1869e-06
7567.6, 5.0878e-06
7569.6, 5.1006e-06
7571.6, 5.1693e-06
7573.6, 5.0136e-06
7575.6, 5.0561e-06
7577.6, 5.1595e-06
7579.6, 5.0697e-06
7581.6, 5.0331e-06
7583.6, 5.0811e-06
7585.6, 5.018e-06
7587.6, 5.1851e-06
7589.6, 5.0922e-06
7591.6, 5.1178e-06
7593.6, 5.1176e-06
7595.6, 5.0346e-06
7597.6, 5.1538e-06
7599.6, 5.0771e-06
7601.6, 5.0471e-06
7603.6, 5.0884e-06
7605.6, 5.0611e-06
7607.6, 4.9928e-06
7609.6, 5.0559e-06
7611.6, 5.0328e-06
7613.6, 5.1493e-06
7615.6, 5.1936e-06
7617.6, 5.134e-06
7619.6, 5.1368e-06
7621.6, 5.1327e-06
7623.6, 5.0301e-06
7625.6, 5.1183e-06
7627.6, 5.0265e-06
7629.6, 5.0798e-06
7631.6, 5.0511e-06
7633.6, 5.0854e-06
7635.6, 5.1491e-06
7637.6, 5.1541e-06
7639.6, 5.2179e-06
7641.6, 5.1827e-06
7643.6, 5.0211e-06
7645.6, 5.2057e-06
7647.6, 5.1694e-06
7649.6, 5.114e-06
7651.6, 5.1445e-06
7653.6, 5.0569e-06
7655.6, 5.216e-06
7657.6, 5.1049e-06
7659.7, 5.2035e-06
7661.7, 5.1837e-06
7663.7, 5.0809e-06
7665.7, 5.0719e-06
7667.7, 5.2046e-06
7669.7, 5.1565e-06
7671.7, 5.1018e-06
7673.7, 5.1459e-06
7675.7, 5.196e-06
7677.7, 5.1282e-06
7679.7, 5.226e-06
7681.7, 5.2038e-06
7683.7, 5.087e-06
7685.7, 5.1399e-06
7687.7, 5.1128e-06
7689.7, 5.1282e-06
7691.7, 5.1607e-06
7693.7, 5.0296e-06
7695.7, 5.0889e-06
7697.7, 5.1437e-06
7699.7, 5.2084e-06
7701.7, 5.1654e-06
7703.7, 5.125e-06
7705.7, 5.1131e-06
7707.7, 5.1182e-06
7709.7, 5.1577e-06
7711.7, 5.1555e-06
7713.7, 5.0031e-06
7715.7, 5.0943e-06
7717.7, 5.1427e-06
7719.7, 5.099e-06
7721.7, 5.1135e-06
7723.7, 5.0881e-06
7725.7, 5.157e-06
7727.7, 5.1895e-06
7729.7, 5.1868e-06
7731.7, 5.1913e-06
7733.7, 5.1556e-06
7735.7, 5.0913e-06
7737.7, 5.079e-06
7739.7, 5.0937e-06
7741.7, 5.1149e-06
7743.7, 5.1226e-06
7745.7, 5.1763e-06
7747.7, 5.1637e-06
7749.7, 5.1e-06
7751.7, 5.0777e-06
7753.7, 5.1426e-06
7755.7, 5.1388e-06
7757.7, 4.9883e-06
7759.8, 5.1634e-06
7761.8, 5.0377e-06
7763.8, 5.1394e-06
7765.8, 5.005e-06
7767.8, 5.1097e-06
7769.8, 5.1316e-06
7771.8, 5.0972e-06
7773.8, 5.1822e-06
7775.8, 5.1145e-06
7777.8, 5.1561e-06
7779.8, 5.1793e-06
7781.8, 5.2057e-06
7783.8, 5.0665e-06
7785.8, 5.0196e-06
7787.8, 5.1402e-06
7789.8, 5.172e-06
7791.8, 5.1047e-06
7793.8, 5.121e-06
7795.8, 5.1428e-06
7797.8, 5.1388e-06
7799.8, 5.1631e-06
7801.8, 5.1214e-06
7803.8, 5.1321e-06
7805.8, 5.1603e-06
7807.8, 5.0586e-06
7809.8, 5.1306e-06
7811.8, 5.109e-06
7813.8, 5.1198e-06
7815.8, 5.1185e-06
7817.8, 5.0643e-06
7819.8, 5.0845e-06
7821.8, 5.1084e-06
7823.8, 5.1134e-06
7825.8, 5.1049e-06
7827.8, 5.1178e-06
7829.8, 5.1935e-06
7831.8, 5.0722e-06
7833.8, 5.2349e-06
7835.8, 5.0937e-06
7837.8, 5.1603e-06
7839.8, 5.1723e-06
7841.8, 5.1269e-06
7843.8, 5.0455e-06
7845.8, 5.1244e-06
7847.8, 5.156e-06
7849.8, 5.0696e-06
7851.8, 5.0853e-06
7853.8, 5.1187e-06
7855.8, 5.2072e-06
7857.8, 5.1411e-06
7859.9, 5.1579e-06
7861.9, 5.0218e-06
7863.9, 5.0466e-06
7865.9, 5.0736e-06
7867.9, 5.0199e-06
7869.9, 5.1016e-06
7871.9, 5.1584e-06
7873.9, 5.1938e-06
7875.9, 5.0595e-06
7877.9, 5.2074e-06
7879.9, 5.1837e-06
7881.9, 5.1418e-06
7883.9, 5.1138e-06
7885.9, 5.0857e-06
7887.9, 5.2204e-06
7889.9, 5.0773e-06
7891.9, 5.0375e-06
7893.9, 5.0692e-06
7895.9, 5.1044e-06
7897.9, 5.0922e-06
7899.9, 5.1444e-06
7901.9, 5.0736e-06
7903.9, 4.9053e-06
7905.9, 5.159e-06
7907.9, 5.1579e-06
7909.9, 5.1666e-06
7911.9, 5.1283e-06
7913.9, 5.1461e-06
7915.9, 5.1726e-06
7917.9, 5.1005e-06
7919.9, 5.1465e-06
7921.9, 5.0732e-06
7923.9, 5.1082e-06
7925.9, 5.1351e-06
7927.9, 5.1445e-06
7929.9, 5.0964e-06
7931.9, 5.1558e-06
7933.9, 5.092e-06
7935.9, 5.1373e-06
7937.9, 5.0831e-06
7939.9, 5.1709e-06
7941.9, 5.0879e-06
7943.9, 5.1641e-06
7945.9, 5.1387e-06
7947.9, 5.1267e-06
7949.9, 5.1092e-06
7951.9, 5.1468e-06
7953.9, 5.1542e-06
7955.9, 5.129e-06
7957.9, 5.1933e-06
7960.0, 5.18e-06
7962.0, 5.1103e-06
7964.0, 5.1155e-06
7966.0, 5.1562e-06
7968.0, 5.1832e-06
7970.0, 5.1136e-06
7972.0, 5.1578e-06
7974.0, 5.1243e-06
7976.0, 5.0899e-06
7978.0, 5.1036e-06
7980.0, 5.1817e-06
7982.0, 5.1903e-06
7984.0, 5.1369e-06
7986.0, 5.1237e-06
7988.0, 5.2477e-06
7990.0, 5.1462e-06
7992.0, 5.129e-06
7994.0, 5.1707e-06
7996.0, 5.1674e-06
7998.0, 5.169e-06
8000.0, 5.1624e-06
8002.0, 5.1997e-06
8004.0, 5.1125e-06
8006.0, 5.1852e-06
8008.0, 5.1243e-06
8010.0, 5.1678e-06
8012.0, 5.163e-06
8014.0, 5.1924e-06
8016.0, 5.1201e-06
8018.0, 5.0816e-06
8020.0, 5.0432e-06
8022.0, 4.9699e-06
8024.0, 5.1373e-06
8026.0, 5.1725e-06
8028.0, 5.1443e-06
8030.0, 5.1268e-06
8032.0, 5.1288e-06
8034.0, 5.0941e-06
8036.0, 5.0456e-06
8038.0, 5.0803e-06
8040.0, 5.0763e-06
8042.0, 5.0962e-06
8044.0, 5.1644e-06
8046.0, 5.046e-06
8048.0, 5.045e-06
8050.0, 5.0826e-06
8052.0, 5.1978e-06
8054.0, 5.1192e-06
8056.0, 5.1054e-06
8058.0, 5.061e-06
8060.1, 5.1713e-06
8062.1, 5.0933e-06
8064.1, 5.1101e-06
8066.1, 5.1347e-06
8068.1, 4.935e-06
8070.1, 5.1033e-06
8072.1, 5.2026e-06
8074.1, 5.2132e-06
8076.1, 5.1073e-06
8078.1, 5.0409e-06
8080.1, 5.0779e-06
8082.1, 5.1665e-06
8084.1, 5.1587e-06
8086.1, 5.1916e-06
8088.1, 5.2004e-06
8090.1, 5.0531e-06
8092.1, 5.0504e-06
8094.1, 5.2305e-06
8096.1, 5.1098e-06
8098.1, 5.1531e-06
8100.1, 5.1024e-06
8102.1, 5.1895e-06
8104.1, 5.1074e-06
8106.1, 5.0518e-06
8108.1, 5.1074e-06
8110.1, 5.102e-06
8112.1, 5.2037e-06
8114.1, 5.1417e-06
8116.1, 5.1679e-06
8118.1, 5.1182e-06
8120.1, 5.1812e-06
8122.1, 5.1005e-06
8124.1, 5.1441e-06
8126.1, 5.0226e-06
8128.1, 5.0372e-06
8130.1, 5.1433e-06
8132.1, 5.1522e-06
8134.1, 5.0637e-06
8136.1, 5.1489e-06
8138.1, 5.2135e-06
8140.1, 5.156e-06
8142.1, 5.1086e-06
8144.1, 5.1824e-06
8146.1, 5.1573e-06
8148.1, 5.1187e-06
8150.1, 5.1136e-06
8152.1, 5.0445e-06
8154.1, 5.1227e-06
8156.1, 5.0711e-06
8158.1, 4.9801e-06
8160.2, 5.0616e-06
8162.2, 5.1364e-06
8164.2, 5.19e-06
8166.2, 5.1556e-06
8168.2, 5.46e-07
8170.2, -2.861e-08
8172.2, -3.096e-08
8174.2, -3.141e-08
8176.2, -3.316e-08
8178.2, -2.895e-08
8180.2, -3.44e-08
8182.2, -3.535e-08
8184.2, -3.278e-08
8186.2, -3.434e-08
8188.2, -3.168e-08
8190.2, -3.257e-08
8192.2, -3.331e-08
8194.2, -3.716e-08
8196.2, -3.843e-08
8198.2, -4.334e-08
8200.2, -3.919e-08
8202.2, -3.926e-08
8204.2, -3.915e-08
8206.2, -4.068e-08
8208.2, -3.551e-08
8210.2, -3.882e-08
8212.2, -3.768e-08
8214.2, -3.637e-08
8216.2, -3.959e-08
8218.2, -4.044e-08
8220.2, -3.769e-08
8222.2, -3.668e-08
8224.2, -3.437e-08
8226.2, -3.641e-08
8228.2, -3.565e-08
8230.2, -4.004e-08
8232.2, -3.947e-08
8234.2, -3.737e-08
8236.2, -3.7e-08
8238.2, -3.557e-08
8240.2, -3.396e-08
8242.2, -3.788e-08
8244.2, -3.457e-08
8246.2, -3.356e-08
8248.2, -3.491e-08
8250.2, -3.613e-08
8252.2, -3.317e-08
8254.2, -3.422e-08
8256.2, -3.758e-08
8258.2, -3.803e-08
8260.3, -3.762e-08
8262.3, -3.644e-08
8264.3, -3.331e-08
8266.3, -3.456e-08
8268.3, -3.61e-08
8270.3, -3.607e-08
8272.3, -3.485e-08
8274.3, -3.386e-08
8276.3, -3.434e-08
8278.3, -3.549e-08
8280.3, -3.677e-08
8282.3, -3.554e-08
8284.3, -3.569e-08
8286.3, -3.529e-08
8288.3, -3.155e-08
8290.3, -3.565e-08
8292.3, -4.129e-08
8294.3, -3.696e-08
8296.3, -3.771e-08
8298.3, -3.715e-08
8300.3, -3.689e-08
8302.3, -3.688e-08
8304.3, -3.535e-08
8306.3, -3.346e-08
8308.3, -3.559e-08
8310.3, -3.774e-08
8312.3, -3.547e-08
8314.3, -3.437e-08
8316.3, -3.424e-08
8318.3, -3.074e-08
8320.3, -2.922e-08
8322.3, -2.773e-08
8324.3, -3.298e-08
8326.3, -3.49e-08
8328.3, -3.637e-08
8330.3, -3.539e-08
8332.3, -3.442e-08
8334.3, -3.475e-08
8336.3, -3.148e-08
8338.3, -3.565e-08
8340.3, -3.34e-08
8342.3, -3.319e-08
8344.3, -3.265e-08
8346.3, -3.435e-08
8348.3, -2.948e-08
8350.3, -3.313e-08
8352.3, -3.337e-08
8354.3, -3.656e-08
8356.3, -3.625e-08
8358.3, -3.678e-08
8360.4, -3.445e-08
8362.4, -3.742e-08
8364.4, -3.84e-08
8366.4, -3.554e-08
8368.4, -3.499e-08
8370.4, -3.961e-08
8372.4, -3.29e-08
8374.4, -3.728e-08
8376.4, -3.525e-08
8378.4, -3.369e-08
8380.4, -3.338e-08
8382.4, -3.238e-08
8384.4, -3.226e-08
8386.4, -3.354e-08
8388.4, -3.287e-08
8390.4, -3.396e-08
8392.4, -3.626e-08
8394.4, -3.274e-08
8396.4, -3.044e-08
8398.4, -3.567e-08
8400.4, -3.316e-08
8402.4, -3.89e-08
8404.4, -3.36e-08
8406.4, -3.097e-08
8408.4, -3.254e-08
8410.4, -3.142e-08
8412.4, -3.04e-08
8414.4, -3.003e-08
8416.4, -3.006e-08
8418.4, -3.381e-08
8420.4, -3.513e-08
8422.4, -3.338e-08
8424.4, -3.24e-08
8426.4, -3.887e-08
8428.4, -3.447e-08
8430.4, -3.319e-08
8432.4, -3.493e-08
8434.4, -3.332e-08
8436.4, -3.175e-08
8438.4, -3.32e-08
8440.4, -3.618e-08
8442.4, -3.474e-08
8444.4, -3.359e-08
8446.4, -3.324e-08
8448.4, -3.26e-08
8450.4, -3.699e-08
8452.4, -3.662e-08
8454.4, -3.668e-08
8456.4, -3.821e-08
8458.4, -4.036e-08
8460.5, -4.011e-08
8462.5, -4.355e-08
8464.5, -3.592e-08
8466.5, -3.712e-08
8468.5, -3.767e-08
8470.5, -3.823e-08
8472.5, -3.9e-08
8474.5, -3.803e-08
8476.5, -3.333e-08
8478.5, -3.589e-08
8480.5, -3.684e-08
8482.5, -3.698e-08
8484.5, -4.003e-08
8486.5, -3.396e-08
8488.5, -3.382e-08
8490.5, -3.504e-08
8492.5, -4.052e-08
8494.5, -3.782e-08
8496.5, -3.782e-08
8498.5, -3.795e-08
8500.5, -3.954e-08
8502.5, -3.971e-08
8504.5, -4.029e-08
8506.5, -3.541e-08
8508.5, -3.613e-08
8510.5, -3.823e-08
8512.5, -3.675e-08
8514.5, -3.742e-08
8516.5, -3.519e-08
8518.5, -3.528e-08
8520.5, -3.548e-08
8522.5, -3.743e-08
8524.5, -3.527e-08
8526.5, -3.092e-08
8528.5, -3.141e-08
8530.5, -3.347e-08
8532.5, -3.624e-08
8534.5, -3.585e-08
8536.5, -3.464e-08
8538.5, -3.033e-08
8540.5, -3.091e-08
8542.5, -3.66e-08
8544.5, -3.393e-08
8546.5, -3.211e-08
8548.5, -3.183e-08
8550.5, -3.503e-08
8552.5, -3.479e-08
8554.5, -3.524e-08
8556.5, -3.623e-08
8558.5, -3.327e-08
8560.6, -3.218e-08
8562.6, -3.541e-08
8564.6, -3.335e-08
8566.6, -3.359e-08
8568.6, -3.017e-08
8570.6, -3.439e-08
8572.6, -3.34e-08
8574.6, -3.795e-08
8576.6, -4.031e-08
8578.6, -4.117e-08
8580.6, -3.853e-08
8582.6, -3.597e-08
8584.6, -3.889e-08
8586.6, -3.812e-08
8588.6, -3.415e-08
8590.6, -3.835e-08
8592.6, -3.842e-08
8594.6, -3.817e-08
8596.6, -4.134e-08
8598.6, -3.765e-08
8600.6, -4.045e-08
8602.6, -4.188e-08
8604.6, -3.611e-08
8606.6, -3.919e-08
8608.6, -4.027e-08
8610.6, -4.193e-08
8612.6, -4.047e-08
8614.6, -3.94e-08
8616.6, -3.979e-08
8618.6, -3.679e-08
8620.6, -4.541e-08
8622.6, -4.258e-08
8624.6, -4.323e-08
8626.6, -4.054e-08
8628.6, -3.897e-08
8630.6, -3.815e-08
8632.6, -3.847e-08
8634.6, -3.752e-08
8636.6, -4.008e-08
8638.6, -3.74e-08
8640.6, -4.226e-08
8642.6, -3.653e-08
8644.6, -4.075e-08
8646.6, -4.208e-08
8648.6, -3.544e-08
8650.6, -3.77e-08
8652.6, -3.918e-08
8654.6, -4.133e-08
8656.6, -3.758e-08
8658.6, -3.715e-08
8660.7, -3.849e-08
8662.7, -4.013e-08
8664.7, -3.89e-08
8666.7, -3.779e-08
8668.7, -3.727e-08
8670.7, -3.62e-08
8672.7, -3.756e-08
8674.7, -3.493e-08
8676.7, -3.916e-08
8678.7, -3.847e-08
8680.7, -3.805e-08
8682.7, -3.919e-08
8684.7, -3.653e-08
8686.7, -3.836e-08
8688.7, -3.808e-08
8690.7, -3.47e-08
8692.7, -3.866e-08
8694.7, -3.966e-08
8696.7, -3.676e-08
8698.7, -3.539e-08
8700.7, -3.974e-08
8702.7, -4.075e-08
8704.7, -3.584e-08
8706.7, -3.764e-08
8708.7, -3.756e-08
8710.7, -3.096e-08
8712.7, -3.813e-08
8714.7, -3.954e-08
8716.7, -3.95e-08
8718.7, -3.742e-08
8720.7, -4.169e-08
8722.7, -4.078e-08
8724.7, -3.838e-08
8726.7, -3.751e-08
8728.7, -4.197e-08
8730.7, -3.688e-08
8732.7, -3.499e-08
8734.7, -3.293e-08
8736.7, -3.606e-08
8738.7, -3.642e-08
8740.7, -3.432e-08
8742.7, -3.9e-08
8744.7, -3.755e-08
8746.7, -3.564e-08
8748.7, -3.597e-08
8750.7, -3.834e-08
8752.7, -3.614e-08
8754.7, -3.759e-08
8756.7, -3.602e-08
8758.7, -3.517e-08
8760.8, -3.528e-08
8762.8, -3.78e-08
8764.8, -4.004e-08
8766.8, -4.069e-08
8768.8, -4.059e-08
8770.8, -3.657e-08
8772.8, -4.151e-08
8774.8, -3.724e-08
8776.8, -3.749e-08
8778.8, -3.641e-08
8780.8, -3.951e-08
8782.8, -3.896e-08
8784.8, -4.067e-08
8786.8, -4.122e-08
8788.8, -4.166e-08
8790.8, -4.033e-08
8792.8, -4.012e-08
8794.8, -3.893e-08
8796.8, -3.972e-08
8798.8, -4.259e-08
8800.8, -3.915e-08
8802.8, -3.774e-08
8804.8, -3.333e-08
8806.8, -3.509e-08
8808.8, -3.625e-08
8810.8, -3.819e-08
8812.8, -3.857e-08
8814.8, -3.863e-08
8816.8, -3.817e-08
8818.8, -3.702e-08
8820.8, -3.639e-08
8822.8, -3.519e-08
8824.8, -3.279e-08
8826.8, -3.489e-08
8828.8, -3.745e-08
8830.8, -3.654e-08
8832.8, -3.843e-08
8834.8, -3.793e-08
8836.8, -3.65e-08
8838.8, -3.402e-08
8840.8, -3.618e-08
8842.8, -3.62e-08
8844.8, -3.497e-08
8846.8, -4.014e-08
8848.8, -3.748e-08
8850.8, -3.72e-08
8852.8, -3.916e-08
8854.8, -3.84e-08
8856.8, -4.021e-08
8858.8, -3.708e-08
8860.9, -3.583e-08
8862.9, -3.836e-08
8864.9, -3.526e-08
8866.9, -3.823e-08
8868.9, -3.546e-08
8870.9, -3.621e-08
8872.9, -3.702e-08
8874.9, -3.474e-08
8876.9, -3.436e-08
8878.9, -3.484e-08
8880.9, -3.333e-08
8882.9, -3.801e-08
8884.9, -4.031e-08
8886.9, -3.597e-08
8888.9, -3.766e-08
8890.9, -3.49e-08
8892.9, -3.226e-08
8894.9, -3.262e-08
8896.9, -3.386e-08
8898.9, -3.402e-08
8900.9, -3.613e-08
8902.9, -3.974e-08
8904.9, -3.397e-08
8906.9, -3.306e-08
8908.9, -3.5e-08
8910.9, -3.87e-08
8912.9, -3.658e-08
8914.9, -3.455e-08
8916.9, -3.791e-08
8918.9, -3.552e-08
8920.9, -3.711e-08
8922.9, -3.581e-08
8924.9, -3.752e-08
8926.9, -3.246e-08
8928.9, -3.628e-08
8930.9, -3.575e-08
8932.9, -3.784e-08
8934.9, -3.433e-08
8936.9, -3.003e-08
8938.9, -3.406e-08
8940.9, -3.328e-08
8942.9, -3.793e-08
8944.9, -3.835e-08
8946.9, -3.729e-08
8948.9, -4.033e-08
8950.9, -3.512e-08
8952.9, -3.804e-08
8954.9, -3.334e-08
8956.9, -3.897e-08
8958.9, -3.648e-08
8961.0, -3.535e-08
8963.0, -3.215e-08
8965.0, -3.688e-08
8967.0, -3.539e-08
8969.0, -3.709e-08
8971.0, -4.039e-08
8973.0, -4.065e-08
8975.0, -3.62e-08
8977.0, -3.987e-08
8979.0, -3.635e-08
8981.0, -3.967e-08
8983.0, -4.232e-08
8985.0, -3.964e-08
8987.0, -3.781e-08
8989.0, -4.064e-08
8991.0, -3.799e-08
8993.0, -4.185e-08
8995.0, -3.7e-08
8997.0, -3.872e-08
8999.0, -3.732e-08
9001.0, -3.648e-08
9003.0, -4.03e-08
9005.0, -4.078e-08
9007.0, -4.215e-08
9009.0, -3.862e-08
9011.0, -3.8e-08
9013.0, -3.966e-08
9015.0, -4.061e-08
9017.0, -4.228e-08
9019.0, -3.815e-08
9021.0, -4.28e-08
9023.0, -3.944e-08
9025.0, -4.129e-08
9027.0, -3.825e-08
9029.0, -3.816e-08
9031.0, -3.812e-08
9033.0, -3.865e-08
9035.0, -3.836e-08
9037.0, -3.874e-08
9039.0, -4.218e-08
9041.0, -3.6e-08
9043.0, -3.603e-08
9045.0, -3.882e-08
9047.0, -3.084e-08
9049.0, -3.413e-08
9051.0, -3.729e-08
9053.0, -3.528e-08
9055.0, -3.721e-08
9057.0, -3.589e-08
9059.0, -3.368e-08
9061.1, -3.554e-08
9063.1, -3.649e-08
9065.1, -3.774e-08
9067.1, -3.868e-08
9069.1, -3.808e-08
9071.1, -3.757e-08
9073.1, -4.031e-08
9075.1, -4.01e-08
9077.1, -3.66e-08
9079.1, -3.809e-08
9081.1, -3.857e-08
9083.1, -4.019e-08
9085.1, -3.561e-08
9087.1, -3.245e-08
9089.1, -3.53e-08
9091.1, -3.757e-08
9093.1, -3.497e-08
9095.1, -3.358e-08
9097.1, -3.545e-08
9099.1, -3.643e-08
9101.1, -3.867e-08
9103.1, -3.72e-08
9105.1, -3.488e-08
9107.1, -3.458e-08
9109.1, -3.535e-08
9111.1, -3.399e-08
9113.1, -3.727e-08
9115.1, -3.292e-08
9117.1, -3.308e-08
9119.1, -3.194e-08
9121.1, -3.526e-08
9123.1, -3.453e-08
9125.1, -3.763e-08
9127.1, -3.572e-08
9129.1, -3.56e-08
9131.1, -3.601e-08
9133.1, -3.548e-08
9135.1, -3.553e-08
9137.1, -3.632e-08
9139.1, -3.477e-08
9141.1, -3.759e-08
9143.1, -3.671e-08
9145.1, -3.671e-08
9147.1, -3.894e-08
9149.1, -3.973e-08
9151.1, -3.933e-08
9153.1, -3.412e-08
9155.1, -3.487e-08
9157.1, -4.039e-08
9159.1, -3.4e-08
9161.2, -3.287e-08
9163.2, -4.031e-08
9165.2, -3.854e-08
9167.2, -3.522e-08
9169.2, -3.775e-08
9171.2, -3.802e-08
9173.2, -3.739e-08
9175.2, -3.805e-08
9177.2, -4.071e-08
9179.2, -3.998e-08
9181.2, -3.481e-08
9183.2, -4.27e-08
9185.2, -4.107e-08
9187.2, -3.803e-08
9189.2, -4.25e-08
9191.2, -3.879e-08
9193.2, -4.135e-08
9195.2, -3.799e-08
9197.2, 2.6231e-06
9199.2, 5.0744e-06
9201.2, 4.9741e-06
9203.2, 4.9552e-06
9205.2, 5.0238e-06
9207.2, 5.025e-06
9209.2, 4.9794e-06
9211.2, 4.8582e-06
9213.2, 5.0201e-06
9215.2, 4.95e-06
9217.2, 5.065e-06
9219.2, 5.0115e-06
9221.2, 5.1535e-06
9223.2, 5.0795e-06
9225.2, 5.069e-06
9227.2, 4.9709e-06
9229.2, 4.9558e-06
9231.2, 5.1602e-06
9233.2, 4.9714e-06
9235.2, 4.988e-06
9237.2, 5.0034e-06
9239.2, 5.0637e-06
9241.2, 4.9017e-06
9243.2, 4.9199e-06
9245.2, 4.9878e-06
9247.2, 5.1072e-06
9249.2, 4.9728e-06
9251.2, 5.1306e-06
9253.2, 5.2326e-06
9255.2, 5.1014e-06
9257.2, 4.9934e-06
9259.2, 5.0499e-06
9261.3, 4.9091e-06
9263.3, 5.1004e-06
9265.3, 5.1682e-06
9267.3, 5.0236e-06
9269.3, 5.1089e-06
9271.3, 5.1102e-06
9273.3, 5.0461e-06
9275.3, 4.8801e-06
9277.3, 5.095e-06
9279.3, 5.0077e-06
9281.3, 5.1186e-06
9283.3, 5.0302e-06
9285.3, 5.1761e-06
9287.3, 5.0545e-06
9289.3, 5.0892e-06
9291.3, 5.1214e-06
9293.3, 5.0923e-06
9295.3, 5.1081e-06
9297.3, 5.1286e-06
9299.3, 5.0892e-06
9301.3, 5.0613e-06
9303.3, 5.0992e-06
9305.3, 5.206e-06
9307.3, 4.9735e-06
9309.3, 5.0742e-06
9311.3, 5.0614e-06
9313.3, 5.1602e-06
9315.3, 4.9763e-06
9317.3, 5.2521e-06
9319.3, 5.026e-06
9321.3, 5.0944e-06
9323.3, 5.1485e-06
9325.3, 4.9875e-06
9327.3, 5.0799e-06
9329.3, 5.2724e-06
9331.3, 5.0602e-06
9333.3, 5.2423e-06
9335.3, 5.0984e-06
9337.3, 5.3106e-06
9339.3, 5.0354e-06
9341.3, 5.2712e-06
9343.3, 5.1541e-06
9345.3, 5.1835e-06
9347.3, 5.0386e-06
9349.3, 5.1782e-06
9351.3, 5.0772e-06
9353.3, 5.195e-06
9355.3, 5.2077e-06
9357.3, 5.163e-06
9359.3, 5.1949e-06
9361.4, 5.1664e-06
9363.4, 5.1072e-06
9365.4, 5.2333e-06
9367.4, 5.1802e-06
9369.4, 5.2316e-06
9371.4, 5.104e-06
9373.4, 5.1952e-06
9375.4, 5.1486e-06
9377.4, 5.1645e-06
9379.4, 5.138e-06
9381.4, 5.2124e-06
9383.4, 5.0935e-06
9385.4, 5.1827e-06
9387.4, 5.2028e-06
9389.4, 5.1816e-06
9391.4, 5.2345e-06
9393.4, 5.1544e-06
9395.4, 5.1435e-06
9397.4, 5.1301e-06
9399.4, 5.2736e-06
9401.4, 5.1164e-06
9403.4, 5.194e-06
9405.4, 5.1145e-06
9407.4, 5.1467e-06
9409.4, 5.1008e-06
9411.4, 5.0745e-06
9413.4, 5.083e-06
9415.4, 5.2023e-06
9417.4, 5.1139e-06
9419.4, 5.0813e-06
9421.4, 5.1491e-06
9423.4, 5.2611e-06
9425.4, 5.2118e-06
9427.4, 5.1712e-06
9429.4, 5.1773e-06
9431.4, 5.2198e-06
9433.4, 5.2233e-06
9435.4, 5.1563e-06
9437.4, 5.1541e-06
9439.4, 5.1377e-06
9441.4, 5.1672e-06
9443.4, 5.1168e-06
9445.4, 5.1281e-06
9447.4, 5.2097e-06
9449.4, 5.1119e-06
9451.4, 5.258e-06
9453.4, 5.1093e-06
9455.4, 5.1071e-06
9457.4, 5.1384e-06
9459.4, 5.2048e-06
9461.5, 5.0182e-06
9463.5, 5.1263e-06
9465.5, 5.268e-06
9467.5, 5.2847e-06
9469.5, 5.1641e-06
9471.5, 5.1766e-06
9473.5, 5.1798e-06
9475.5, 5.2949e-06
9477.5, 5.1047e-06
9479.5, 5.0954e-06
9481.5, 5.147e-06
9483.5, 5.2688e-06
9485.5, 5.1983e-06
9487.5, 5.1085e-06
9489.5, 5.0441e-06
9491.5, 5.1749e-06
9493.5, 5.1779e-06
9495.5, 5.2103e-06
9497.5, 5.259e-06
9499.5, 5.0192e-06
9501.5, 5.1511e-06
9503.5, 5.1792e-06
9505.5, 5.2568e-06
9507.5, 5.1528e-06
9509.5, 5.1042e-06
9511.5, 5.0522e-06
9513.5, 5.2788e-06
9515.5, 5.3678e-06
9517.5, 5.133e-06
9519.5, 5.1883e-06
9521.5, 5.1197e-06
9523.5, 5.1229e-06
9525.5, 5.1684e-06
9527.5, 5.299e-06
9529.5, 5.155e-06
9531.5, 5.0575e-06
9533.5, 5.371e-06
9535.5, 5.245e-06
9537.5, 5.2879e-06
9539.5, 5.3012e-06
9541.5, 5.1976e-06
9543.5, 5.1387e-06
9545.5, 5.092e-06
9547.5, 5.168e-06
9549.5, 5.2533e-06
9551.5, 5.3582e-06
9553.5, 5.2594e-06
9555.5, 5.2702e-06
9557.5, 5.2676e-06
9559.5, 5.2342e-06
9561.6, 5.1984e-06
9563.6, 5.2013e-06
9565.6, 5.3008e-06
9567.6, 5.2019e-06
9569.6, 5.2568e-06
9571.6, 5.1666e-06
9573.6, 5.2127e-06
9575.6, 5.2498e-06
9577.6, 5.2323e-06
9579.6, 5.2316e-06
9581.6, 5.2573e-06
9583.6, 5.1999e-06
9585.6, 5.1549e-06
9587.6, 5.2258e-06
9589.6, 5.1517e-06
9591.6, 5.1778e-06
9593.6, 5.1048e-06
9595.6, 5.2617e-06
9597.6, 5.3189e-06
9599.6, 5.2422e-06
9601.6, 5.2015e-06
9603.6, 5.2738e-06
9605.6, 5.1869e-06
9607.6, 5.3154e-06
9609.6, 5.1378e-06
9611.6, 5.2555e-06
9613.6, 5.1575e-06
9615.6, 5.1316e-06
9617.6, 5.1854e-06
9619.6, 5.2164e-06
9621.6, 5.2487e-06
9623.6, 5.2201e-06
9625.6, 5.3013e-06
9627.6, 5.139e-06
9629.6, 5.1846e-06
9631.6, 5.1868e-06
9633.6, 5.1816e-06
9635.6, 5.2633e-06
9637.6, 5.2122e-06
9639.6, 5.1607e-06
9641.6, 5.2019e-06
9643.6, 5.2712e-06
9645.6, 5.1429e-06
9647.6, 5.3218e-06
9649.6, 5.2224e-06
9651.6, 5.141e-06
9653.6, 5.3335e-06
9655.6, 5.071e-06
9657.6, 5.3012e-06
9659.6, 5.1282e-06
9661.7, 5.2027e-06
9663.7, 5.185e-06
9665.7, 5.1522e-06
9667.7, 5.1412e-06
9669.7, 5.2576e-06
9671.7, 5.2613e-06
9673.7, 5.2521e-06
9675.7, 5.277e-06
9677.7, 5.243e-06
9679.7, 5.1867e-06
9681.7, 5.2419e-06
9683.7, 5.2194e-06
9685.7, 5.258e-06
9687.7, 5.2417e-06
9689.7, 5.1813e-06
9691.7, 5.2347e-06
9693.7, 5.1711e-06
9695.7, 5.1862e-06
9697.7, 5.226e-06
9699.7, 5.2267e-06
9701.7, 5.249e-06
9703.7, 5.136e-06
9705.7, 5.2376e-06
9707.7, 5.263e-06
9709.7, 5.1137e-06
9711.7, 5.1464e-06
9713.7, 5.1778e-06
9715.7, 5.3901e-06
9717.7, 5.2808e-06
9719.7, 5.2622e-06
9721.7, 5.2092e-06
9723.7, 5.1584e-06
9725.7, 5.2991e-06
9727.7, 5.114e-06
9729.7, 5.181e-06
9731.7, 5.2297e-06
9733.7, 5.2676e-06
9735.7, 5.1369e-06
9737.7, 5.2452e-06
9739.7, 5.2942e-06
9741.7, 5.2532e-06
9743.7, 5.1138e-06
9745.7, 5.3317e-06
9747.7, 5.1399e-06
9749.7, 5.3764e-06
9751.7, 5.237e-06
9753.7, 5.2678e-06
9755.7, 5.2635e-06
9757.7, 5.1219e-06
9759.7, 5.0926e-06
9761.8, 5.2624e-06
9763.8, 5.1302e-06
9765.8, 5.3015e-06
9767.8, 5.2953e-06
9769.8, 5.2228e-06
9771.8, 5.2606e-06
9773.8, 5.2562e-06
9775.8, 5.1239e-06
9777.8, 5.351e-06
9779.8, 5.2428e-06
9781.8, 5.1936e-06
9783.8, 5.1981e-06
9785.8, 5.3079e-06
9787.8, 5.2317e-06
9789.8, 5.1568e-06
9791.8, 5.3132e-06
9793.8, 5.2353e-06
9795.8, 5.3196e-06
9797.8, 5.1377e-06
9799.8, 5.1023e-06
9801.8, 5.296e-06
9803.8, 5.2258e-06
9805.8, 5.1229e-06
9807.8, 5.2396e-06
9809.8, 5.1249e-06
9811.8, 5.17e-06
9813.8, 5.257e-06
9815.8, 5.2378e-06
9817.8, 5.2006e-06
9819.8, 5.2612e-06
9821.8, 5.1786e-06
9823.8, 5.2529e-06
9825.8, 5.2925e-06
9827.8, 5.26e-06
9829.8, 5.2078e-06
9831.8, 5.2108e-06
9833.8, 5.2668e-06
9835.8, 5.2488e-06
9837.8, 5.1424e-06
9839.8, 5.234e-06
9841.8, 5.2976e-06
9843.8, 5.2311e-06
9845.8, 5.2239e-06
9847.8, 5.2529e-06
9849.8, 5.2749e-06
9851.8, 5.1847e-06
9853.8, 5.2364e-06
9855.8, 5.2599e-06
9857.8, 5.3737e-06
9859.8, 5.1626e-06
9861.9, 5.0765e-06
9863.9, 5.1574e-06
9865.9, 5.2755e-06
9867.9, 5.2205e-06
9869.9, 5.3031e-06
9871.9, 5.2108e-06
9873.9, 5.1563e-06
9875.9, 5.2434e-06
9877.9, 5.1861e-06
9879.9, 5.328e-06
9881.9, 5.2387e-06
9883.9, 5.2427e-06
9885.9, 5.3209e-06
9887.9, 5.1455e-06
9889.9, 5.2112e-06
9891.9, 5.0947e-06
9893.9, 5.2784e-06
9895.9, 5.2235e-06
9897.9, 5.1763e-06
9899.9, 5.2182e-06
9901.9, 5.2648e-06
9903.9, 5.2901e-06
9905.9, 5.3104e-06
9907.9, 5.2349e-06
9909.9, 5.2989e-06
9911.9, 5.1421e-06
9913.9, 5.3123e-06
9915.9, 5.2093e-06
9917.9, 5.2344e-06
9919.9, 5.1076e-06
9921.9, 5.2339e-06
9923.9, 5.2431e-06
9925.9, 5.2676e-06
9927.9, 5.1355e-06
9929.9, 5.27e-06
9931.9, 5.2511e-06
9933.9, 5.2139e-06
9935.9, 5.2627e-06
9937.9, 5.1842e-06
9939.9, 5.2303e-06
9941.9, 5.2024e-06
9943.9, 5.304e-06
9945.9, 5.2487e-06
9947.9, 5.2529e-06
9949.9, 5.2081e-06
9951.9, 5.2317e-06
9953.9, 5.2406e-06
9955.9, 5.3671e-06
9957.9, 5.1732e-06
9959.9, 5.1419e-06
9962.0, 5.3189e-06
9964.0, 5.1444e-06
9966.0, 5.3019e-06
9968.0, 5.2439e-06
9970.0, 5.1927e-06
9972.0, 5.2227e-06
9974.0, 5.334e-06
9976.0, 5.2708e-06
9978.0, 5.2331e-06
9980.0, 5.187e-06
9982.0, 5.2526e-06
9984.0, 5.2524e-06
9986.0, 5.2395e-06
9988.0, 5.2714e-06
9990.0, 5.3105e-06
9992.0, 5.1695e-06
9994.0, 5.2017e-06
9996.0, 5.2074e-06
9998.0, 5.3456e-06
10000.0, 5.1612e-06
10002.0, 5.1082e-06
10004.0, 5.1725e-06
10006.0, 5.2119e-06
10008.0, 5.2565e-06
10010.0, 5.1994e-06
10012.0, 5.1068e-06
10014.0, 5.2631e-06
10016.0, 5.1842e-06
10018.0, 5.22e-06
10020.0, 5.246e-06
10022.0, 5.1868e-06
10024.0, 5.3176e-06
10026.0, 5.115e-06
10028.0, 5.299e-06
10030.0, 5.2551e-06
10032.0, 5.2397e-06
10034.0, 5.2868e-06
10036.0, 5.12e-06
10038.0, 5.1615e-06
10040.0, 5.2138e-06
10042.0, 5.2272e-06
10044.0, 5.2624e-06
10046.0, 5.2156e-06
10048.0, 5.2003e-06
10050.0, 5.2873e-06
10052.0, 5.307e-06
10054.0, 5.2016e-06
10056.0, 5.1809e-06
10058.0, 5.1769e-06
10060.0, 5.2481e-06
10062.0, 5.1665e-06
10064.0, 5.3229e-06
10066.0, 5.3205e-06
10068.0, 5.2558e-06
10070.0, 5.3204e-06
10072.0, 5.1619e-06
10074.0, 5.2484e-06
10076.0, 5.2725e-06
10078.0, 5.0977e-06
10080.0, 5.292e-06
10082.0, 5.1988e-06
10084.0, 5.2717e-06
10086.0, 5.1676e-06
10088.0, 5.1458e-06
10090.0, 5.1916e-06
10092.0, 5.2071e-06
10094.0, 5.2646e-06
10096.0, 5.1579e-06
10098.0, 5.1808e-06
10100.0, 5.3081e-06
10102.0, 5.3237e-06
10104.0, 5.2893e-06
10106.0, 5.2367e-06
10108.0, 5.3599e-06
10110.0, 5.2009e-06
10112.0, 5.1753e-06
10114.0, 5.3584e-06
10116.0, 5.2476e-06
10118.0, 5.1699e-06
10120.0, 5.1437e-06
10122.0, 5.2121e-06
10124.0, 5.1599e-06
10126.0, 5.3272e-06
10128.0, 5.1512e-06
10130.0, 5.3183e-06
10132.0, 5.2314e-06
10134.0, 5.253e-06
10136.0, 5.2631e-06
10138.0, 5.2527e-06
10140.0, 5.3156e-06
10142.0, 5.2786e-06
10144.0, 5.2069e-06
10146.0, 5.149e-06
10148.0, 5.2395e-06
10150.0, 5.2665e-06
10152.0, 5.2411e-06
10154.0, 5.1097e-06
10156.0, 5.259e-06
10158.0, 5.2102e-06
10160.0, 5.2175e-06
10162.0, 5.2101e-06
10164.0, 5.3047e-06
10166.0, 5.282e-06
10168.0, 5.2683e-06
10170.0, 5.3029e-06
10172.0, 5.3978e-06
10174.0, 5.3213e-06
10176.0, 5.2908e-06
10178.0, 5.34e-06
10180.0, 5.265e-06
10182.0, 5.2637e-06
10184.0, 5.1806e-06
10186.0, 5.237e-06
10188.0, 5.1887e-06
10190.0, 5.1862e-06
10192.0, 5.2318e-06
10194.0, 5.2272e-06
10196.0, 5.3225e-06
10198.0, 2.5564e-06
10200.0, -2.339e-08
10202.0, -2.502e-08
10204.0, -2.584e-08
10206.0, -2.651e-08
10208.0, -2.794e-08
10210.0, -3.156e-08
10212.0, -2.917e-08
10214.0, -3.186e-08
10216.0, -3.392e-08
10218.0, -3.434e-08
10220.0, -3.537e-08
10222.0, -3.293e-08
10224.0, -3.504e-08
10226.0, -3.062e-08
10228.0, -3.156e-08
10230.0, -3.129e-08
10232.0, -3.185e-08
10234.0, -3.216e-08
10236.0, -3.327e-08
10238.0, -3.268e-08
10240.0, -2.709e-08
10242.0, -3.16e-08
10244.0, -3.239e-08
10246.0, -3.075e-08
10248.0, -3.346e-08
10250.0, -3.356e-08
10252.0, -3.53e-08
10254.0, -3.383e-08
10256.0, -3.25e-08
10258.0, -2.915e-08
10260.0, -2.976e-08
10262.0, -3.139e-08
10264.0, -3.318e-08
10266.0, -3.478e-08
10268.0, -3.33e-08
10270.0, -2.971e-08
10272.0, -3.479e-08
10274.0, -3.251e-08
10276.0, -3.264e-08
10278.0, -3.43e-08
10280.0, -3.293e-08
10282.0, -3.004e-08
10284.0, -3.134e-08
10286.0, -3.16e-08
10288.0, -3.367e-08
10290.0, -3.097e-08
10292.0, -3.39e-08
10294.0, -3.032e-08
10296.0, -3.304e-08
10298.0, -3.336e-08
10300.0, -3.111e-08
10302.0, -3.246e-08
10304.0, -3.624e-08
10306.0, -3.159e-08
10308.0, -3.444e-08
10310.0, -3.34e-08
10312.0, -3.344e-08
10314.0, -3.679e-08
10316.0, -3.351e-08
10318.0, -3.391e-08
10320.0, -3.03e-08
10322.0, -3.413e-08
10324.0, -3.334e-08
10326.0, -3.327e-08
10328.0, -3.728e-08
10330.0, -3.304e-08
10332.0, -3.733e-08
10334.0, -3.094e-08
10336.0, -3.53e-08
10338.0, -3.567e-08
10340.0, -3.661e-08
10342.0, -3.702e-08
10344.0, -3.48e-08
10346.0, -3.642e-08
10348.0, -3.58e-08
10350.0, -3.908e-08
10352.0, -3.338e-08
10354.0, -3.342e-08
10356.0, -3.257e-08
10358.0, -3.372e-08
10360.0, -3.33e-08
10362.0, -3.503e-08
10364.0, -3.003e-08
10366.0, -3.666e-08
10368.0, -3.463e-08
10370.0, -3.988e-08
10372.0, -3.966e-08
10374.0, -3.834e-08
10376.0, -3.709e-08
10378.0, -3.751e-08
10380.0, -3.605e-08
10382.0, -3.589e-08
10384.0, -3.396e-08
10386.0, -3.65e-08
10388.0, -3.592e-08
10390.0, -3.247e-08
10392.0, -3.372e-08
10394.0, -3.499e-08
10396.0, -3.7e-08
10398.0, -3.794e-08
10400.0, -3.312e-08
10402.0, -3.62e-08
10404.0, -3.536e-08
10406.0, -3.405e-08
10408.0, -3.588e-08
10410.0, -3.64e-08
10412.0, -3.45e-08
10414.0, -3.694e-08
10416.0, -3.861e-08
10418.0, -3.714e-08
10420.0, -3.66e-08
10422.0, -3.881e-08
10424.0, -3.938e-08
10426.0, -3.679e-08
10428.0, -3.882e-08
10430.0, -3.848e-08
10432.0, -3.966e-08
10434.0, -3.782e-08
10436.0, -3.903e-08
10438.0, -3.957e-08
10440.0, -4.21e-08
10442.0, -3.945e-08
10444.0, -3.758e-08
10446.0, -4.058e-08
10448.0, -3.75e-08
10450.0, -3.548e-08
10452.0, -3.529e-08
10454.0, -3.571e-08
10456.0, -3.446e-08
10458.0, -3.494e-08
10460.0, -3.611e-08
10462.0, -3.653e-08
10464.0, -4.033e-08
10466.0, -3.842e-08
10468.0, -3.498e-08
10470.0, -3.23e-08
10472.0, -3.203e-08
10474.0, -3.554e-08
10476.0, -3.603e-08
10478.0, -3.911e-08
10480.0, -4.063e-08
10482.0, -4.006e-08
10484.0, -4.117e-08
10486.0, -3.966e-08
10488.0, -3.891e-08
10490.0, -3.479e-08
10492.0, -4.054e-08
10494.0, -3.99e-08
10496.0, -4.075e-08
10498.0, -4.053e-08
10500.0, -3.842e-08
10502.0, -3.96e-08
10504.0, -4.154e-08
10506.0, -4.113e-08
10508.0, -3.975e-08
10510.0, -4.156e-08
10513.0, -3.582e-08
10515.0, -3.76e-08
10517.0, -3.554e-08
10519.0, -3.746e-08
10521.0, -3.625e-08
10523.0, -4.118e-08
10525.0, -4.05e-08
10527.0, -4.031e-08
10529.0, -3.796e-08
10531.0, -3.941e-08
10533.0, -4.191e-08
10535.0, -4.149e-08
10537.0, -3.962e-08
10539.0, -4.102e-08
10541.0, -4.047e-08
10543.0, -4.075e-08
10545.0, -3.844e-08
10547.0, -3.976e-08
10549.0, -4.048e-08
10551.0, -4.254e-08
10553.0, -4.139e-08
10555.0, -4.121e-08
10557.0, -4.111e-08
10559.0, -3.78e-08
10561.0, -3.975e-08
10563.0, -4.136e-08
10565.0, -3.809e-08
10567.0, -3.821e-08
10569.0, -4.117e-08
10571.0, -4.069e-08
10573.0, -4.097e-08
10575.0, -4.074e-08
10577.0, -4.094e-08
10579.0, -3.861e-08
10581.0, -4.226e-08
10583.0, -4.004e-08
10585.0, -4.174e-08
10587.0, -4.401e-08
10589.0, -4.164e-08
10591.0, -4.228e-08
10593.0, -4.138e-08
10595.0, -4.212e-08
10597.0, -3.84e-08
10599.0, -4.175e-08
10601.0, -4.247e-08
10603.0, -4.359e-08
10605.0, -3.983e-08
10607.0, -4.082e-08
10609.0, -3.991e-08
10611.0, -4.09e-08
10613.0, -4.075e-08
10615.0, -3.937e-08
10617.0, -3.931e-08
10619.0, -3.95e-08
10621.0, -3.785e-08
10623.0, -4.189e-08
10625.0, -4.168e-08
10627.0, -4.346e-08
10629.0, -4.32e-08
10631.0, -4.49e-08
10633.0, -4.771e-08
10635.0, -3.676e-08
10637.0, -3.656e-08
10639.0, -3.803e-08
10641.0, -4.504e-08
10643.0, -3.985e-08
10645.0, -3.96e-08
10647.0, -3.94e-08
10649.0, -4.136e-08
10651.0, -3.898e-08
10653.0, -4.164e-08
10655.0, -4.393e-08
10657.0, -4.115e-08
10659.0, -4.034e-08
10661.0, -3.893e-08
10663.0, -3.902e-08
10665.0, -3.963e-08
10667.0, -4.196e-08
10669.0, -3.81e-08
10671.0, -4.168e-08
10673.0, -3.978e-08
10675.0, -3.855e-08
10677.0, -4.242e-08
10679.0, -3.92e-08
10681.0, -3.675e-08
10683.0, -3.837e-08
10685.0, -4.132e-08
10687.0, -3.684e-08
10689.0, -3.888e-08
10691.0, -3.853e-08
10693.0, -3.849e-08
10695.0, -3.899e-08
10697.0, -3.833e-08
10699.0, -3.852e-08
10701.0, -4.177e-08
10703.0, -3.946e-08
10705.0, -4.432e-08
10707.0, -4.477e-08
10709.0, -3.898e-08
10711.0, -3.925e-08
10713.0, -3.865e-08
10715.0, -4.02e-08
10717.0, -3.818e-08
10719.0, -3.8e-08
10721.0, -3.66e-08
10723.0, -3.98e-08
10725.0, -3.911e-08
10727.0, -3.96e-08
10729.0, -4.238e-08
10731.0, -3.868e-08
10733.0, -3.623e-08
10735.0, -3.979e-08
10737.0, -3.892e-08
10739.0, -3.851e-08
10741.0, -4.262e-08
10743.0, -4.145e-08
10745.0, -4.1e-08
10747.0, -3.878e-08
10749.0, -4.07e-08
10751.0, -3.73e-08
10753.0, -4.151e-08
10755.0, -3.832e-08
10757.0, -3.596e-08
10759.0, -3.571e-08
10761.0, -3.46e-08
10763.0, -3.773e-08
10765.0, -4.086e-08
10767.0, -4.02e-08
10769.0, -3.619e-08
10771.0, -3.979e-08
10773.0, -4.207e-08
10775.0, -3.791e-08
10777.0, -3.629e-08
10779.0, -3.602e-08
10781.0, -3.837e-08
10783.0, -3.984e-08
10785.0, -3.83e-08
10787.0, -3.915e-08
10789.0, -3.853e-08
10791.0, -3.791e-08
10793.0, -3.869e-08
10795.0, -3.814e-08
10797.0, -3.893e-08
10799.0, -3.687e-08
10801.0, -3.982e-08
10803.0, -3.747e-08
10805.0, -3.919e-08
10807.0, -4.449e-08
10809.0, -3.912e-08
10811.0, -3.811e-08
10813.0, -3.889e-08
10815.0, -3.632e-08
10817.0, -4.012e-08
10819.0, -4.165e-08
10821.0, -4.139e-08
10823.0, -3.669e-08
10825.0, -3.821e-08
10827.0, -3.699e-08
10829.0, -3.711e-08
10831.0, -3.924e-08
10833.0, -3.975e-08
10835.0, -3.792e-08
10837.0, -4.052e-08
10839.0, -3.686e-08
10841.0, -3.609e-08
10843.0, -3.37e-08
10845.0, -3.599e-08
10847.0, -3.496e-08
10849.0, -3.386e-08
10851.0, -3.456e-08
10853.0, -3.318e-08
10855.0, -3.725e-08
10857.0, -3.28e-08
10859.0, -3.114e-08
10861.0, -3.48e-08
10863.0, -3.749e-08
10865.0, -3.66e-08
10867.0, -3.577e-08
10869.0, -3.4e-08
10871.0, -3.45e-08
10873.0, -3.766e-08
10875.0, -3.673e-08
10877.0, -3.665e-08
10879.0, -3.21e-08
10881.0, -3.383e-08
10883.0, -3.643e-08
10885.0, -3.321e-08
10887.0, -3.837e-08
10889.0, -3.27e-08
10891.0, -3.504e-08
10893.0, -3.571e-08
10895.0, -3.889e-08
10897.0, -3.604e-08
10899.0, -3.096e-08
10901.0, -3.557e-08
10903.0, -3.471e-08
10905.0, -3.522e-08
10907.0, -3.043e-08
10909.0, -3.362e-08
10911.0, -3.333e-08
10913.0, -3.144e-08
10915.0, -3.42e-08
10917.0, -3.842e-08
10919.0, -3.344e-08
10921.0, -3.137e-08
10923.0, -3.319e-08
10925.0, -3.306e-08
10927.0, -3.684e-08
10929.0, -3.476e-08
10931.0, -3.599e-08
10933.0, -3.413e-08
10935.0, -3.267e-08
10937.0, -3.456e-08
10939.0, -3.601e-08
10941.0, -3.805e-08
10943.0, -3.647e-08
10945.0, -3.788e-08
10947.0, -3.224e-08
10949.0, -3.71e-08
10951.0, -3.515e-08
10953.0, -3.663e-08
10955.0, -3.593e-08
10957.0, -3.339e-08
10959.0, -3.209e-08
10961.0, -3.339e-08
10963.0, -3.939e-08
10965.0, -3.741e-08
10967.0, -3.795e-08
10969.0, -4.041e-08
10971.0, -3.867e-08
10973.0, -4.124e-08
10975.0, -3.766e-08
10977.0, -3.944e-08
10979.0, -3.528e-08
10981.0, -3.799e-08
10983.0, -3.629e-08
10985.0, -3.567e-08
10987.0, -3.705e-08
10989.0, -3.576e-08
10991.0, -3.419e-08
10993.0, -3.786e-08
10995.0, -3.818e-08
10997.0, -3.806e-08
10999.0, -3.468e-08
11001.0, -3.718e-08
11003.0, -3.763e-08
11005.0, -3.785e-08
11007.0, -3.685e-08
11009.0, -3.777e-08
