Time sep (ms?), Charge (C)
0.0, -4.32e-10
2.002, -5.18e-10
4.004, -6.02e-10
6.006, -6.93e-10
8.008, -7.83e-10
10.01, -8.74e-10
12.012, -9.67e-10
14.014, -1.061e-09
16.016, -1.152e-09
18.018, -1.244e-09
20.02, -1.336e-09
22.022, -1.429e-09
24.024, -1.519e-09
26.026, -1.611e-09
28.028, -1.703e-09
30.03, -1.796e-09
32.032, -1.889e-09
34.034, -1.979e-09
36.036, -2.068e-09
38.038, -2.164e-09
40.04, -2.256e-09
42.042, -2.345e-09
44.044, -2.442e-09
46.046, -2.537e-09
48.048, -2.632e-09
50.05, -2.729e-09
52.052, -2.826e-09
54.054, -2.921e-09
56.056, -3.017e-09
58.058, -3.112e-09
60.06, -3.202e-09
62.062, -3.295e-09
64.064, -3.381e-09
66.066, -3.467e-09
68.068, -3.556e-09
70.07, -3.645e-09
72.072, -3.734e-09
74.074, -3.819e-09
76.076, -3.911e-09
78.078, -4.002e-09
80.08, -4.093e-09
82.082, -4.184e-09
84.084, -4.274e-09
86.086, -4.366e-09
88.088, -4.456e-09
90.09, -4.542e-09
92.092, -4.635e-09
94.094, -4.728e-09
96.096, -4.822e-09
98.098, -4.912e-09
100.1, -5.001e-09
102.1, -5.095e-09
104.1, -5.187e-09
106.11, -5.274e-09
108.11, -5.362e-09
110.11, -5.453e-09
112.11, -5.541e-09
114.11, -5.634e-09
116.12, -5.718e-09
118.12, -5.806e-09
120.12, -5.894e-09
122.12, -5.984e-09
124.12, -6.075e-09
126.13, -6.171e-09
128.13, -6.258e-09
130.13, -6.343e-09
132.13, -6.427e-09
134.13, -6.517e-09
136.14, -6.599e-09
138.14, -6.687e-09
140.14, -6.777e-09
142.14, -6.867e-09
144.14, -6.961e-09
146.15, -7.052e-09
148.15, -7.14e-09
150.15, -7.234e-09
152.15, -7.325e-09
154.15, -7.419e-09
156.16, -7.511e-09
158.16, -7.599e-09
160.16, -7.691e-09
162.16, -7.778e-09
164.16, -7.869e-09
166.17, -7.963e-09
168.17, -8.052e-09
170.17, -8.14e-09
172.17, -8.232e-09
174.17, -8.316e-09
176.18, -8.402e-09
178.18, -8.492e-09
180.18, -8.576e-09
182.18, -8.658e-09
184.18, -8.742e-09
186.19, -8.833e-09
188.19, -8.919e-09
190.19, -9.007e-09
192.19, -9.097e-09
194.19, -9.189e-09
196.2, -9.279e-09
198.2, -9.374e-09
200.2, -9.472e-09
202.2, -9.567e-09
204.2, -9.665e-09
206.21, -9.761e-09
208.21, -9.854e-09
210.21, -9.947e-09
212.21, -1.0042e-08
214.21, -1.0138e-08
216.22, -1.0232e-08
218.22, -1.033e-08
220.22, -1.0423e-08
222.22, -1.0511e-08
224.22, -1.0604e-08
226.23, -1.0701e-08
228.23, -1.0798e-08
230.23, -1.0893e-08
232.23, -1.0982e-08
234.23, -1.1075e-08
236.24, -1.1161e-08
238.24, -1.1251e-08
240.24, -1.1344e-08
242.24, -1.1438e-08
244.24, -1.1525e-08
246.25, -1.1614e-08
248.25, -1.1699e-08
250.25, -1.1788e-08
252.25, -1.1885e-08
254.25, -1.1978e-08
256.26, -1.207e-08
258.26, -1.2162e-08
260.26, -1.2256e-08
262.26, -1.2348e-08
264.26, -1.2441e-08
266.27, -1.253e-08
268.27, -1.2619e-08
270.27, -1.271e-08
272.27, -1.2796e-08
274.27, -1.2886e-08
276.28, -1.2975e-08
278.28, -1.3067e-08
280.28, -1.3157e-08
282.28, -1.3244e-08
284.28, -1.3337e-08
286.29, -1.3435e-08
288.29, -1.3528e-08
290.29, -1.3621e-08
292.29, -1.3711e-08
294.29, -1.3803e-08
296.3, -1.3894e-08
298.3, -1.399e-08
300.3, -1.4085e-08
302.3, -1.418e-08
304.3, -1.4274e-08
306.31, -1.4368e-08
308.31, -1.4465e-08
310.31, -1.4559e-08
312.31, -1.465e-08
314.31, -1.4744e-08
316.32, -1.4834e-08
318.32, -1.4922e-08
320.32, -1.5017e-08
322.32, -1.5109e-08
324.32, -1.5201e-08
326.33, -1.5292e-08
328.33, -1.5381e-08
330.33, -1.5478e-08
332.33, -1.5578e-08
334.33, -1.5677e-08
336.34, -1.5768e-08
338.34, -1.5857e-08
340.34, -1.5956e-08
342.34, -1.6053e-08
344.34, -1.6149e-08
346.35, -1.6246e-08
348.35, -1.6342e-08
350.35, -1.6433e-08
352.35, -1.652e-08
354.35, -1.6613e-08
356.36, -1.67e-08
358.36, -1.6789e-08
360.36, -1.6879e-08
362.36, -1.697e-08
364.36, -1.7063e-08
366.37, -1.7161e-08
368.37, -1.7251e-08
370.37, -1.7339e-08
372.37, -1.743e-08
374.37, -1.7521e-08
376.38, -1.7614e-08
378.38, -1.7702e-08
380.38, -1.78e-08
382.38, -1.7895e-08
384.38, -1.7989e-08
386.39, -1.8086e-08
388.39, -1.8181e-08
390.39, -1.827e-08
392.39, -1.8365e-08
394.39, -1.8457e-08
396.4, -1.8546e-08
398.4, -1.8639e-08
400.4, -1.873e-08
402.4, -1.8821e-08
404.4, -1.8913e-08
406.41, -1.9011e-08
408.41, -1.9105e-08
410.41, -1.9203e-08
412.41, -1.9297e-08
414.41, -1.9393e-08
416.42, -1.9491e-08
418.42, -1.9584e-08
420.42, -1.9677e-08
422.42, -1.9768e-08
424.42, -1.9859e-08
426.43, -1.9952e-08
428.43, -2.004e-08
430.43, -2.0131e-08
432.43, -2.0225e-08
434.43, -2.0318e-08
436.44, -2.0408e-08
438.44, -2.0503e-08
440.44, -2.0592e-08
442.44, -2.0693e-08
444.44, -2.079e-08
446.45, -2.0885e-08
448.45, -2.0983e-08
450.45, -2.1079e-08
452.45, -2.1174e-08
454.45, -2.1266e-08
456.46, -2.1353e-08
458.46, -2.1441e-08
460.46, -2.1531e-08
462.46, -2.162e-08
464.46, -2.171e-08
466.47, -2.1803e-08
468.47, -2.1896e-08
470.47, -2.1989e-08
472.47, -2.2085e-08
474.47, -2.2176e-08
476.48, -2.227e-08
478.48, -2.2366e-08
480.48, -2.2457e-08
482.48, -2.2551e-08
484.48, -2.2646e-08
486.49, -2.2739e-08
488.49, -2.2827e-08
490.49, -2.2922e-08
492.49, -2.3022e-08
494.49, -2.3113e-08
496.5, -2.3205e-08
498.5, -2.3298e-08
500.5, -2.3386e-08
502.5, -2.348e-08
504.5, -2.3569e-08
506.51, -2.3658e-08
508.51, -2.375e-08
510.51, -2.3845e-08
512.51, -2.3941e-08
514.51, -2.4036e-08
516.52, -2.4129e-08
518.52, -2.422e-08
520.52, -2.431e-08
522.52, -2.4401e-08
524.52, -2.4492e-08
526.53, -2.4584e-08
528.53, -2.4678e-08
530.53, -2.4771e-08
532.53, -2.4866e-08
534.53, -2.496e-08
536.54, -2.5054e-08
538.54, -2.5144e-08
540.54, -2.5228e-08
542.54, -2.5316e-08
544.54, -2.5409e-08
546.55, -2.55e-08
548.55, -2.5593e-08
550.55, -2.5683e-08
552.55, -2.5774e-08
554.55, -2.5865e-08
556.56, -2.5955e-08
558.56, -2.6047e-08
560.56, -2.6137e-08
562.56, -2.6225e-08
564.56, -2.6314e-08
566.57, -2.6404e-08
568.57, -2.649e-08
570.57, -2.6576e-08
572.57, -2.6662e-08
574.57, -2.6747e-08
576.58, -2.6843e-08
578.58, -2.6931e-08
580.58, -2.7018e-08
582.58, -2.7103e-08
584.58, -2.7194e-08
586.59, -2.7286e-08
588.59, -2.7378e-08
590.59, -2.7469e-08
592.59, -2.7566e-08
594.59, -2.7662e-08
596.6, -2.7757e-08
598.6, -2.785e-08
600.6, -2.7943e-08
602.6, -2.8034e-08
604.6, -2.813e-08
606.61, -2.8224e-08
608.61, -2.8311e-08
610.61, -2.8404e-08
612.61, -2.8494e-08
614.61, -2.8584e-08
616.62, -2.8673e-08
618.62, -2.8756e-08
620.62, -2.8839e-08
622.62, -2.8923e-08
624.62, -2.9009e-08
626.63, -2.9096e-08
628.63, -2.9183e-08
630.63, -2.9269e-08
632.63, -2.9354e-08
634.63, -2.9439e-08
636.64, -2.9529e-08
638.64, -2.9614e-08
640.64, -2.9698e-08
642.64, -2.9786e-08
644.64, -2.9874e-08
646.65, -2.996e-08
648.65, -3.0047e-08
650.65, -3.014e-08
652.65, -3.0229e-08
654.65, -3.0316e-08
656.66, -3.0397e-08
658.66, -3.0481e-08
660.66, -3.0564e-08
662.66, -3.0647e-08
664.66, -3.0727e-08
666.67, -3.0812e-08
668.67, -3.0893e-08
670.67, -3.0978e-08
672.67, -3.1071e-08
674.67, -3.1162e-08
676.68, -3.1249e-08
678.68, -3.1338e-08
680.68, -3.1426e-08
682.68, -3.1515e-08
684.68, -3.1601e-08
686.69, -3.1688e-08
688.69, -3.1773e-08
690.69, -3.1856e-08
692.69, -3.1945e-08
694.69, -3.2031e-08
696.7, -3.2119e-08
698.7, -3.2204e-08
700.7, -3.229e-08
702.7, -3.2367e-08
704.7, -3.245e-08
706.71, -3.2536e-08
708.71, -3.2623e-08
710.71, -3.2715e-08
712.71, -3.2802e-08
714.71, -3.2891e-08
716.72, -3.2975e-08
718.72, -3.3062e-08
720.72, -3.3149e-08
722.72, -3.3238e-08
724.72, -3.3329e-08
726.73, -3.342e-08
728.73, -3.3511e-08
730.73, -3.3599e-08
732.73, -3.3685e-08
734.73, -3.3772e-08
736.74, -3.3863e-08
738.74, -3.396e-08
740.74, -3.4046e-08
742.74, -3.4136e-08
744.74, -3.4228e-08
746.75, -3.4312e-08
748.75, -3.4395e-08
750.75, -3.4481e-08
752.75, -3.4576e-08
754.75, -3.4669e-08
756.76, -3.4761e-08
758.76, -3.4851e-08
760.76, -3.4937e-08
762.76, -3.5025e-08
764.76, -3.511e-08
766.77, -3.5194e-08
768.77, -3.528e-08
770.77, -3.5366e-08
772.77, -3.5454e-08
774.77, -3.5545e-08
776.78, -3.5639e-08
778.78, -3.5732e-08
780.78, -3.5817e-08
782.78, -3.5915e-08
784.78, -3.6006e-08
786.79, -3.6099e-08
788.79, -3.6189e-08
790.79, -3.6277e-08
792.79, -3.6368e-08
794.79, -3.6458e-08
796.8, -3.6547e-08
798.8, -3.6634e-08
800.8, -3.6724e-08
802.8, -3.6815e-08
804.8, -3.6906e-08
806.81, -3.6998e-08
808.81, -3.7085e-08
810.81, -3.717e-08
812.81, -3.726e-08
814.81, -3.7351e-08
816.82, -3.7441e-08
818.82, -3.7531e-08
820.82, -3.7614e-08
822.82, -3.7698e-08
824.82, -3.7791e-08
826.83, -3.7885e-08
828.83, -3.7978e-08
830.83, -3.807e-08
832.83, -3.8165e-08
834.83, -3.8256e-08
836.84, -3.8351e-08
838.84, -3.8439e-08
840.84, -3.8528e-08
842.84, -3.8627e-08
844.84, -3.8723e-08
846.85, -3.8817e-08
848.85, -3.8913e-08
850.85, -3.9005e-08
852.85, -3.9098e-08
854.85, -3.9192e-08
856.86, -3.9292e-08
858.86, -3.9385e-08
860.86, -3.9479e-08
862.86, -3.9574e-08
864.86, -3.9673e-08
866.87, -3.9771e-08
868.87, -3.9866e-08
870.87, -3.9964e-08
872.87, -4.0063e-08
874.87, -4.0159e-08
876.88, -4.0265e-08
878.88, -4.0364e-08
880.88, -4.0464e-08
882.88, -4.0565e-08
884.88, -4.0668e-08
886.89, -4.0767e-08
888.89, -4.0862e-08
890.89, -4.0966e-08
892.89, -4.1063e-08
894.89, -4.1173e-08
896.9, -4.1272e-08
898.9, -4.1367e-08
900.9, -4.1467e-08
902.9, -4.1568e-08
904.9, -4.1668e-08
906.91, -4.1763e-08
908.91, -4.1854e-08
910.91, -4.1948e-08
912.91, -4.2043e-08
914.91, -4.2136e-08
916.92, -4.2228e-08
918.92, -4.2318e-08
920.92, -4.2407e-08
922.92, -4.2494e-08
924.92, -4.2581e-08
926.93, -4.2674e-08
928.93, -4.2767e-08
930.93, -4.2861e-08
932.93, -4.2956e-08
934.93, -4.3052e-08
936.94, -4.3144e-08
938.94, -4.3233e-08
940.94, -4.3324e-08
942.94, -4.3417e-08
944.94, -4.3514e-08
946.95, -4.3613e-08
948.95, -4.3706e-08
950.95, -4.3797e-08
952.95, -4.3891e-08
954.95, -4.3981e-08
956.96, -4.4072e-08
958.96, -4.416e-08
960.96, -4.4247e-08
962.96, -4.4334e-08
964.96, -4.4421e-08
966.97, -4.4515e-08
968.97, -4.4605e-08
970.97, -4.4693e-08
972.97, -4.4787e-08
974.97, -4.4876e-08
976.98, -4.4962e-08
978.98, -4.5049e-08
980.98, -4.5138e-08
982.98, -4.5228e-08
984.98, -4.532e-08
986.99, -4.5409e-08
988.99, -4.5504e-08
990.99, -4.5598e-08
992.99, -4.5689e-08
994.99, -4.5778e-08
997.0, -4.5868e-08
999.0, -4.5958e-08
1001.0, -4.605e-08
1003.0, -4.6141e-08
1005.0, -4.6231e-08
1007.0, -4.6325e-08
1009.0, -4.642e-08
1011.0, -4.6514e-08
1013.0, -4.6608e-08
1015.0, -4.67e-08
1017.0, -4.6791e-08
1019.0, -4.6882e-08
1021.0, -4.6974e-08
1023.0, -4.7067e-08
1025.0, -4.7154e-08
1027.0, -4.7242e-08
1029.0, -4.7329e-08
1031.0, -4.7421e-08
1033.0, -4.7514e-08
1035.0, -4.7608e-08
1037.0, -4.7707e-08
1039.0, -4.7801e-08
1041.0, -4.7896e-08
1043.0, -4.7988e-08
1045.0, -4.8082e-08
1047.0, -4.8178e-08
1049.0, -4.8277e-08
1051.0, -4.8371e-08
1053.1, -4.8469e-08
1055.1, -4.8565e-08
1057.1, -4.8669e-08
1059.1, -4.8767e-08
1061.1, -4.8861e-08
1063.1, -4.8958e-08
1065.1, -4.9055e-08
1067.1, -4.9154e-08
1069.1, -4.9255e-08
1071.1, -4.9352e-08
1073.1, -4.9451e-08
1075.1, -4.9552e-08
1077.1, -4.9649e-08
1079.1, -4.9748e-08
1081.1, -4.9844e-08
1083.1, -4.9945e-08
1085.1, -5.0047e-08
1087.1, -5.0149e-08
1089.1, -5.0247e-08
1091.1, -5.034e-08
1093.1, -5.0445e-08
1095.1, -5.0549e-08
1097.1, -5.0648e-08
1099.1, -5.075e-08
1101.1, -5.0853e-08
1103.1, -5.0962e-08
1105.1, -5.1069e-08
1107.1, -5.1171e-08
1109.1, -5.1275e-08
1111.1, -5.1376e-08
1113.1, -5.1477e-08
1115.1, -5.1576e-08
1117.1, -5.1678e-08
1119.1, -5.1777e-08
1121.1, -5.1878e-08
1123.1, -5.1981e-08
1125.1, -5.2079e-08
1127.1, -5.2179e-08
1129.1, -5.2276e-08
1131.1, -5.2374e-08
1133.1, -5.2471e-08
1135.1, -5.2563e-08
1137.1, -5.266e-08
1139.1, -5.2754e-08
1141.1, -5.2849e-08
1143.1, -5.2943e-08
1145.1, -5.3039e-08
1147.1, -5.3133e-08
1149.1, -5.3232e-08
1151.1, -5.3333e-08
1153.2, -5.3433e-08
1155.2, -5.3533e-08
1157.2, -5.363e-08
1159.2, -5.3728e-08
1161.2, -5.3826e-08
1163.2, -5.3931e-08
1165.2, -5.4038e-08
1167.2, -5.4142e-08
1169.2, -5.424e-08
1171.2, -5.4338e-08
1173.2, -5.4443e-08
1175.2, -5.454e-08
1177.2, -5.4638e-08
1179.2, -5.4735e-08
1181.2, -5.4837e-08
1183.2, -5.4937e-08
1185.2, -5.5038e-08
1187.2, -5.5135e-08
1189.2, -5.5236e-08
1191.2, -5.5334e-08
1193.2, -5.543e-08
1195.2, -5.5529e-08
1197.2, -5.5621e-08
1199.2, -5.5715e-08
1201.2, -5.5807e-08
1203.2, -5.5903e-08
1205.2, -5.5998e-08
1207.2, -5.6096e-08
1209.2, -5.619e-08
1211.2, -5.6285e-08
1213.2, -5.6378e-08
1215.2, -5.6473e-08
1217.2, -5.6571e-08
1219.2, -5.6668e-08
1221.2, -5.6768e-08
1223.2, -5.6864e-08
1225.2, -5.6962e-08
1227.2, -5.7064e-08
1229.2, -5.7159e-08
1231.2, -5.725e-08
1233.2, -5.7347e-08
1235.2, -5.7439e-08
1237.2, -5.7536e-08
1239.2, -5.7632e-08
1241.2, -5.7727e-08
1243.2, -5.7823e-08
1245.2, -5.792e-08
1247.2, -5.8012e-08
1249.2, -5.8106e-08
1251.2, -5.82e-08
1253.3, -5.8291e-08
1255.3, -5.8384e-08
1257.3, -5.848e-08
1259.3, -5.8573e-08
1261.3, -5.8672e-08
1263.3, -5.8767e-08
1265.3, -5.8859e-08
1267.3, -5.8952e-08
1269.3, -5.9043e-08
1271.3, -5.9129e-08
1273.3, -5.9222e-08
1275.3, -5.9315e-08
1277.3, -5.9408e-08
1279.3, -5.9499e-08
1281.3, -5.9595e-08
1283.3, -5.969e-08
1285.3, -5.9789e-08
1287.3, -5.9885e-08
1289.3, -5.9983e-08
1291.3, -6.0084e-08
1293.3, -6.0185e-08
1295.3, -6.0289e-08
1297.3, -6.0397e-08
1299.3, -6.0497e-08
1301.3, -6.0598e-08
1303.3, -6.0699e-08
1305.3, -6.0799e-08
1307.3, -6.0898e-08
1309.3, -6.0998e-08
1311.3, -6.1094e-08
1313.3, -6.1186e-08
1315.3, -6.1287e-08
1317.3, -6.1385e-08
1319.3, -6.1483e-08
1321.3, -6.1583e-08
1323.3, -6.168e-08
1325.3, -6.178e-08
1327.3, -6.1879e-08
1329.3, -6.198e-08
1331.3, -6.2082e-08
1333.3, -6.2181e-08
1335.3, -6.2281e-08
1337.3, -6.238e-08
1339.3, -6.2481e-08
1341.3, -6.2579e-08
1343.3, -6.2673e-08
1345.3, -6.2768e-08
1347.3, -6.2867e-08
1349.3, -6.2961e-08
1351.3, -6.3054e-08
1353.4, -6.3152e-08
1355.4, -6.3247e-08
1357.4, -6.3342e-08
1359.4, -6.3433e-08
1361.4, -6.3527e-08
1363.4, -6.3621e-08
1365.4, -6.3716e-08
1367.4, -6.381e-08
1369.4, -6.3905e-08
1371.4, -6.4003e-08
1373.4, -6.4097e-08
1375.4, -6.4197e-08
1377.4, -6.4295e-08
1379.4, -6.4392e-08
1381.4, -6.4486e-08
1383.4, -6.4588e-08
1385.4, -6.4686e-08
1387.4, -6.4787e-08
1389.4, -6.4887e-08
1391.4, -6.4984e-08
1393.4, -6.5086e-08
1395.4, -6.5188e-08
1397.4, -6.5286e-08
1399.4, -6.5378e-08
1401.4, -6.5479e-08
1403.4, -6.5581e-08
1405.4, -6.5684e-08
1407.4, -6.578e-08
1409.4, -6.5875e-08
1411.4, -6.5977e-08
1413.4, -6.6077e-08
1415.4, -6.6176e-08
1417.4, -6.6277e-08
1419.4, -6.6376e-08
1421.4, -6.6474e-08
1423.4, -6.657e-08
1425.4, -6.6665e-08
1427.4, -6.6758e-08
1429.4, -6.6855e-08
1431.4, -6.6949e-08
1433.4, -6.7041e-08
1435.4, -6.7136e-08
1437.4, -6.7229e-08
1439.4, -6.7322e-08
1441.4, -6.7415e-08
1443.4, -6.7508e-08
1445.4, -6.7605e-08
1447.4, -6.7703e-08
1449.4, -6.7798e-08
1451.4, -6.7892e-08
1453.5, -6.7989e-08
1455.5, -6.8084e-08
1457.5, -6.8183e-08
1459.5, -6.8281e-08
1461.5, -6.838e-08
1463.5, -6.8478e-08
1465.5, -6.8579e-08
1467.5, -6.8682e-08
1469.5, -6.8778e-08
1471.5, -6.8882e-08
1473.5, -6.8986e-08
1475.5, -6.9085e-08
1477.5, -6.9184e-08
1479.5, -6.928e-08
1481.5, -6.938e-08
1483.5, -6.9477e-08
1485.5, -6.9574e-08
1487.5, -6.9674e-08
1489.5, -6.9771e-08
1491.5, -6.9868e-08
1493.5, -6.9973e-08
1495.5, -7.0073e-08
1497.5, -7.0175e-08
1499.5, -7.0271e-08
1501.5, -7.0371e-08
1503.5, -7.0475e-08
1505.5, -7.0575e-08
1507.5, -7.0671e-08
1509.5, -7.0768e-08
1511.5, -7.086e-08
1513.5, -7.0958e-08
1515.5, -7.106e-08
1517.5, -7.1162e-08
1519.5, -7.1261e-08
1521.5, -7.1358e-08
1523.5, -7.1456e-08
1525.5, -7.1557e-08
1527.5, -7.1663e-08
1529.5, -7.1767e-08
1531.5, -7.1862e-08
1533.5, -7.1962e-08
1535.5, -7.206e-08
1537.5, -7.2154e-08
1539.5, -7.225e-08
1541.5, -7.2354e-08
1543.5, -7.2455e-08
1545.5, -7.2554e-08
1547.5, -7.2657e-08
1549.5, -7.2759e-08
1551.5, -7.2856e-08
1553.6, -7.2953e-08
1555.6, -7.3051e-08
1557.6, -7.3155e-08
1559.6, -7.3256e-08
1561.6, -7.3358e-08
1563.6, -7.3462e-08
1565.6, -7.3563e-08
1567.6, -7.3665e-08
1569.6, -7.3762e-08
1571.6, -7.3859e-08
1573.6, -7.3958e-08
1575.6, -7.4064e-08
1577.6, -7.4166e-08
1579.6, -7.4267e-08
1581.6, -7.4372e-08
1583.6, -7.4478e-08
1585.6, -7.4583e-08
1587.6, -7.4688e-08
1589.6, -7.4794e-08
1591.6, -7.4895e-08
1593.6, -7.4999e-08
1595.6, -7.5102e-08
1597.6, -7.521e-08
1599.6, -7.5313e-08
1601.6, -7.5418e-08
1603.6, -7.5523e-08
1605.6, -7.5628e-08
1607.6, -7.5736e-08
1609.6, -7.584e-08
1611.6, -7.5942e-08
1613.6, -7.6046e-08
1615.6, -7.6149e-08
1617.6, -7.6252e-08
1619.6, -7.6351e-08
1621.6, -7.6455e-08
1623.6, -7.656e-08
1625.6, -7.6664e-08
1627.6, -7.6768e-08
1629.6, -7.6867e-08
1631.6, -7.6959e-08
1633.6, -7.7049e-08
1635.6, -7.7141e-08
1637.6, -7.7234e-08
1639.6, -7.7325e-08
1641.6, -7.742e-08
1643.6, -7.7512e-08
1645.6, -7.7605e-08
1647.6, -7.7706e-08
1649.6, -7.7805e-08
1651.6, -7.7903e-08
1653.7, -7.8002e-08
1655.7, -7.8099e-08
1657.7, -7.8196e-08
1659.7, -7.8288e-08
1661.7, -7.8385e-08
1663.7, -7.8484e-08
1665.7, -7.8578e-08
1667.7, -7.8677e-08
1669.7, -7.8768e-08
1671.7, -7.8862e-08
1673.7, -7.8951e-08
1675.7, -7.9043e-08
1677.7, -7.9135e-08
1679.7, -7.9225e-08
1681.7, -7.9313e-08
1683.7, -7.9401e-08
1685.7, -7.9487e-08
1687.7, -7.9581e-08
1689.7, -7.9674e-08
1691.7, -7.977e-08
1693.7, -7.9861e-08
1695.7, -7.9959e-08
1697.7, -8.0054e-08
1699.7, -8.0144e-08
1701.7, -8.0235e-08
1703.7, -8.0329e-08
1705.7, -8.0423e-08
1707.7, -8.0521e-08
1709.7, -8.0616e-08
1711.7, -8.0708e-08
1713.7, -8.0801e-08
1715.7, -8.0894e-08
1717.7, -8.0992e-08
1719.7, -8.1083e-08
1721.7, -8.1185e-08
1723.7, -8.1284e-08
1725.7, -8.1385e-08
1727.7, -8.1481e-08
1729.7, -8.1578e-08
1731.7, -8.1678e-08
1733.7, -8.1777e-08
1735.7, -8.1879e-08
1737.7, -8.1978e-08
1739.7, -8.2071e-08
1741.7, -8.2162e-08
1743.7, -8.2261e-08
1745.7, -8.2364e-08
1747.7, -8.2465e-08
1749.7, -8.2565e-08
1751.7, -8.2669e-08
1753.8, -8.2771e-08
1755.8, -8.2875e-08
1757.8, -8.2975e-08
1759.8, -8.3076e-08
1761.8, -8.3179e-08
1763.8, -8.328e-08
1765.8, -8.3383e-08
1767.8, -8.3494e-08
1769.8, -8.3603e-08
1771.8, -8.371e-08
1773.8, -8.3814e-08
1775.8, -8.3924e-08
1777.8, -8.403e-08
1779.8, -8.4136e-08
1781.8, -8.4242e-08
1783.8, -8.4344e-08
1785.8, -8.4447e-08
1787.8, -8.4544e-08
1789.8, -8.4638e-08
1791.8, -8.473e-08
1793.8, -8.4829e-08
1795.8, -8.4927e-08
1797.8, -8.5027e-08
1799.8, -8.5129e-08
1801.8, -8.5238e-08
1803.8, -8.534e-08
1805.8, -8.544e-08
1807.8, -8.5539e-08
1809.8, -8.5636e-08
1811.8, -8.5735e-08
1813.8, -8.5835e-08
1815.8, -8.5934e-08
1817.8, -8.6038e-08
1819.8, -8.6142e-08
1821.8, -8.625e-08
1823.8, -8.6355e-08
1825.8, -8.646e-08
1827.8, -8.6567e-08
1829.8, -8.6674e-08
1831.8, -8.6776e-08
1833.8, -8.6874e-08
1835.8, -8.6975e-08
1837.8, -8.7073e-08
1839.8, -8.717e-08
1841.8, -8.7266e-08
1843.8, -8.7362e-08
1845.8, -8.7463e-08
1847.8, -8.7562e-08
1849.8, -8.7665e-08
1851.8, -8.7767e-08
1853.9, -8.7878e-08
1855.9, -8.7986e-08
1857.9, -8.8096e-08
1859.9, -8.8204e-08
1861.9, -8.8313e-08
1863.9, -8.8422e-08
1865.9, -8.8525e-08
1867.9, -8.8622e-08
1869.9, -8.872e-08
1871.9, -8.882e-08
1873.9, -8.892e-08
1875.9, -8.9023e-08
1877.9, -8.9126e-08
1879.9, -8.9228e-08
1881.9, -8.9327e-08
1883.9, -8.9429e-08
1885.9, -8.953e-08
1887.9, -8.9629e-08
1889.9, -8.9729e-08
1891.9, -8.9823e-08
1893.9, -8.9921e-08
1895.9, -9.0016e-08
1897.9, -9.0114e-08
1899.9, -9.0212e-08
1901.9, -9.0311e-08
1903.9, -9.0411e-08
1905.9, -9.0512e-08
1907.9, -9.0612e-08
1909.9, -9.0709e-08
1911.9, -9.0804e-08
1913.9, -9.0901e-08
1915.9, -9.1003e-08
1917.9, -9.1107e-08
1919.9, -9.1205e-08
1921.9, -9.1301e-08
1923.9, -9.1405e-08
1925.9, -9.1507e-08
1927.9, -9.1612e-08
1929.9, -9.1712e-08
1931.9, -9.1816e-08
1933.9, -9.1912e-08
1935.9, -9.2013e-08
1937.9, -9.2117e-08
1939.9, -9.2214e-08
1941.9, -9.2314e-08
1943.9, -9.2416e-08
1945.9, -9.2516e-08
1947.9, -9.2617e-08
1949.9, -9.2709e-08
1951.9, -9.2803e-08
1954.0, -9.2896e-08
1956.0, -9.2993e-08
1958.0, -9.3088e-08
1960.0, -9.3183e-08
1962.0, -9.3281e-08
1964.0, -9.338e-08
1966.0, -9.3479e-08
1968.0, -9.3581e-08
1970.0, -9.3681e-08
1972.0, -9.3783e-08
1974.0, -9.3886e-08
1976.0, -9.3987e-08
1978.0, -9.4089e-08
1980.0, -9.4187e-08
1982.0, -9.4283e-08
1984.0, -9.4378e-08
1986.0, -9.4475e-08
1988.0, -9.4583e-08
1990.0, -9.4688e-08
1992.0, -9.4791e-08
1994.0, -9.4898e-08
1996.0, -9.5002e-08
1998.0, -9.51e-08
2000.0, -9.5198e-08
2002.0, -9.5297e-08
2004.0, -9.5397e-08
2006.0, -9.5498e-08
2008.0, -9.5594e-08
2010.0, -9.5695e-08
2012.0, -9.5793e-08
2014.0, -9.5893e-08
2016.0, -9.5994e-08
2018.0, -9.6096e-08
2020.0, -9.6195e-08
2022.0, -9.6296e-08
2024.0, -9.6399e-08
2026.0, -9.6502e-08
2028.0, -9.6608e-08
2030.0, -9.6712e-08
2032.0, -9.6807e-08
2034.0, -9.6905e-08
2036.0, -9.7006e-08
2038.0, -9.7099e-08
2040.0, -9.7195e-08
2042.0, -9.728e-08
2044.0, -9.737e-08
2046.0, -9.7462e-08
2048.0, -9.7556e-08
2050.0, -9.7651e-08
2052.0, -9.7739e-08
2054.1, -9.7834e-08
2056.1, -9.7927e-08
2058.1, -9.8019e-08
2060.1, -9.8113e-08
2062.1, -9.8211e-08
2064.1, -9.8307e-08
2066.1, -9.8401e-08
2068.1, -9.8496e-08
2070.1, -9.8596e-08
2072.1, -9.8695e-08
2074.1, -9.8791e-08
2076.1, -9.8887e-08
2078.1, -9.8982e-08
2080.1, -9.9083e-08
2082.1, -9.9178e-08
2084.1, -9.9274e-08
2086.1, -9.9374e-08
2088.1, -9.9475e-08
2090.1, -9.9572e-08
2092.1, -9.967e-08
2094.1, -9.9771e-08
2096.1, -9.9871e-08
2098.1, -9.997e-08
2100.1, -1.0007e-07
2102.1, -1.0017e-07
2104.1, -1.0027e-07
2106.1, -1.0036e-07
2108.1, -1.0046e-07
2110.1, -1.0056e-07
2112.1, -1.0065e-07
2114.1, -1.0076e-07
2116.1, -1.0086e-07
2118.1, -1.0096e-07
2120.1, -1.0105e-07
2122.1, -1.0115e-07
2124.1, -1.0126e-07
2126.1, -1.0136e-07
2128.1, -1.0146e-07
2130.1, -1.0156e-07
2132.1, -1.0165e-07
2134.1, -1.0175e-07
2136.1, -1.0185e-07
2138.1, -1.0195e-07
2140.1, -1.0206e-07
2142.1, -1.0216e-07
2144.1, -1.0226e-07
2146.1, -1.0236e-07
2148.1, -1.0247e-07
2150.1, -1.0257e-07
2152.1, -1.0267e-07
2154.2, -1.0277e-07
2156.2, -1.0287e-07
2158.2, -1.0298e-07
2160.2, -1.0308e-07
2162.2, -1.0318e-07
2164.2, -1.0328e-07
2166.2, -1.0339e-07
2168.2, -1.035e-07
2170.2, -1.0361e-07
2172.2, -1.0371e-07
2174.2, -1.0382e-07
2176.2, -1.0392e-07
2178.2, -1.0402e-07
2180.2, -1.0413e-07
2182.2, -1.0423e-07
2184.2, -1.0433e-07
2186.2, -1.0443e-07
2188.2, -1.0454e-07
2190.2, -1.0464e-07
2192.2, -1.0474e-07
2194.2, -1.0484e-07
2196.2, -1.0494e-07
2198.2, -1.0503e-07
2200.2, -1.0513e-07
2202.2, -1.0523e-07
2204.2, -1.0532e-07
2206.2, -1.0542e-07
2208.2, -1.0553e-07
2210.2, -1.0563e-07
2212.2, -1.0573e-07
2214.2, -1.0583e-07
2216.2, -1.0593e-07
2218.2, -1.0603e-07
2220.2, -1.0614e-07
2222.2, -1.0624e-07
2224.2, -1.0634e-07
2226.2, -1.0644e-07
2228.2, -1.0655e-07
2230.2, -1.0665e-07
2232.2, -1.0675e-07
2234.2, -1.0685e-07
2236.2, -1.0695e-07
2238.2, -1.0705e-07
2240.2, -1.0715e-07
2242.2, -1.0725e-07
2244.2, -1.0735e-07
2246.2, -1.0746e-07
2248.2, -1.0756e-07
2250.2, -1.0766e-07
2252.2, -1.0776e-07
2254.3, -1.0786e-07
2256.3, -1.0796e-07
2258.3, -1.0806e-07
2260.3, -1.0816e-07
2262.3, -1.0827e-07
2264.3, -1.0837e-07
2266.3, -1.0847e-07
2268.3, -1.0858e-07
2270.3, -1.0868e-07
2272.3, -1.0878e-07
2274.3, -1.0888e-07
2276.3, -1.0899e-07
2278.3, -1.0909e-07
2280.3, -1.0918e-07
2282.3, -1.0928e-07
2284.3, -1.0937e-07
2286.3, -1.0947e-07
2288.3, -1.0957e-07
2290.3, -1.0967e-07
2292.3, -1.0977e-07
2294.3, -1.0988e-07
2296.3, -1.0998e-07
2298.3, -1.1008e-07
2300.3, -1.1018e-07
2302.3, -1.1028e-07
2304.3, -1.1038e-07
2306.3, -1.1048e-07
2308.3, -1.1058e-07
2310.3, -1.1069e-07
2312.3, -1.1078e-07
2314.3, -1.1089e-07
2316.3, -1.1099e-07
2318.3, -1.1109e-07
2320.3, -1.112e-07
2322.3, -1.113e-07
2324.3, -1.114e-07
2326.3, -1.1151e-07
2328.3, -1.1161e-07
2330.3, -1.1172e-07
2332.3, -1.1183e-07
2334.3, -1.1193e-07
2336.3, -1.1203e-07
2338.3, -1.1213e-07
2340.3, -1.1224e-07
2342.3, -1.1235e-07
2344.3, -1.1246e-07
2346.3, -1.1256e-07
2348.3, -1.1266e-07
2350.3, -1.1277e-07
2352.3, -1.1287e-07
2354.4, -1.1297e-07
2356.4, -1.1307e-07
2358.4, -1.1317e-07
2360.4, -1.1326e-07
2362.4, -1.1337e-07
2364.4, -1.1347e-07
2366.4, -1.1357e-07
2368.4, -1.1367e-07
2370.4, -1.1377e-07
2372.4, -1.1387e-07
2374.4, -1.1397e-07
2376.4, -1.1407e-07
2378.4, -1.1418e-07
2380.4, -1.1428e-07
2382.4, -1.1438e-07
2384.4, -1.1449e-07
2386.4, -1.1459e-07
2388.4, -1.1469e-07
2390.4, -1.1479e-07
2392.4, -1.1489e-07
2394.4, -1.15e-07
2396.4, -1.1511e-07
2398.4, -1.1521e-07
2400.4, -1.1531e-07
2402.4, -1.1541e-07
2404.4, -1.1552e-07
2406.4, -1.1562e-07
2408.4, -1.1572e-07
2410.4, -1.1583e-07
2412.4, -1.1594e-07
2414.4, -1.1605e-07
2416.4, -1.1615e-07
2418.4, -1.1625e-07
2420.4, -1.1635e-07
2422.4, -1.1645e-07
2424.4, -1.1655e-07
2426.4, -1.1666e-07
2428.4, -1.1676e-07
2430.4, -1.1686e-07
2432.4, -1.1697e-07
2434.4, -1.1707e-07
2436.4, -1.1717e-07
2438.4, -1.1727e-07
2440.4, -1.1738e-07
2442.4, -1.1747e-07
2444.4, -1.1758e-07
2446.4, -1.1768e-07
2448.4, -1.1777e-07
2450.4, -1.1788e-07
2452.4, -1.1798e-07
2454.5, -1.1809e-07
2456.5, -1.1819e-07
2458.5, -1.183e-07
2460.5, -1.184e-07
2462.5, -1.1851e-07
2464.5, -1.1862e-07
2466.5, -1.1872e-07
2468.5, -1.1882e-07
2470.5, -1.1892e-07
2472.5, -1.1903e-07
2474.5, -1.1914e-07
2476.5, -1.1924e-07
2478.5, -1.1935e-07
2480.5, -1.1946e-07
2482.5, -1.1956e-07
2484.5, -1.1967e-07
2486.5, -1.1977e-07
2488.5, -1.1987e-07
2490.5, -1.1997e-07
2492.5, -1.2008e-07
2494.5, -1.2019e-07
2496.5, -1.2029e-07
2498.5, -1.204e-07
2500.5, -1.2049e-07
2502.5, -1.2059e-07
2504.5, -1.207e-07
2506.5, -1.208e-07
2508.5, -1.209e-07
2510.5, -1.21e-07
2512.5, -1.2111e-07
2514.5, -1.2122e-07
2516.5, -1.2133e-07
2518.5, -1.2144e-07
2520.5, -1.2154e-07
2522.5, -1.2164e-07
2524.5, -1.2174e-07
2526.5, -1.2185e-07
2528.5, -1.2195e-07
2530.5, -1.2206e-07
2532.5, -1.2216e-07
2534.5, -1.2228e-07
2536.5, -1.2238e-07
2538.5, -1.2248e-07
2540.5, -1.2258e-07
2542.5, -1.2268e-07
2544.5, -1.2278e-07
2546.5, -1.2288e-07
2548.5, -1.2298e-07
2550.5, -1.2308e-07
2552.5, -1.2319e-07
2554.6, -1.2329e-07
2556.6, -1.234e-07
2558.6, -1.235e-07
2560.6, -1.236e-07
2562.6, -1.2371e-07
2564.6, -1.2381e-07
2566.6, -1.2392e-07
2568.6, -1.2401e-07
2570.6, -1.2412e-07
2572.6, -1.2422e-07
2574.6, -1.2431e-07
2576.6, -1.2441e-07
2578.6, -1.2451e-07
2580.6, -1.2461e-07
2582.6, -1.247e-07
2584.6, -1.248e-07
2586.6, -1.249e-07
2588.6, -1.25e-07
2590.6, -1.251e-07
2592.6, -1.252e-07
2594.6, -1.253e-07
2596.6, -1.2539e-07
2598.6, -1.2549e-07
2600.6, -1.2558e-07
2602.6, -1.2568e-07
2604.6, -1.2577e-07
2606.6, -1.2587e-07
2608.6, -1.2597e-07
2610.6, -1.2608e-07
2612.6, -1.2617e-07
2614.6, -1.2627e-07
2616.6, -1.2638e-07
2618.6, -1.2648e-07
2620.6, -1.2658e-07
2622.6, -1.2668e-07
2624.6, -1.2679e-07
2626.6, -1.2688e-07
2628.6, -1.2698e-07
2630.6, -1.2708e-07
2632.6, -1.2718e-07
2634.6, -1.2728e-07
2636.6, -1.2738e-07
2638.6, -1.2748e-07
2640.6, -1.2758e-07
2642.6, -1.2768e-07
2644.6, -1.2778e-07
2646.6, -1.2788e-07
2648.6, -1.2798e-07
2650.6, -1.2807e-07
2652.6, -1.2818e-07
2654.7, -1.2828e-07
2656.7, -1.2838e-07
2658.7, -1.2848e-07
2660.7, -1.2858e-07
2662.7, -1.2868e-07
2664.7, -1.2877e-07
2666.7, -1.2887e-07
2668.7, -1.2896e-07
2670.7, -1.2906e-07
2672.7, -1.2916e-07
2674.7, -1.2926e-07
2676.7, -1.2936e-07
2678.7, -1.2946e-07
2680.7, -1.2955e-07
2682.7, -1.2965e-07
2684.7, -1.2975e-07
2686.7, -1.2985e-07
2688.7, -1.2994e-07
2690.7, -1.3004e-07
2692.7, -1.3013e-07
2694.7, -1.3023e-07
2696.7, -1.3033e-07
2698.7, -1.3042e-07
2700.7, -1.3052e-07
2702.7, -1.3061e-07
2704.7, -1.3071e-07
2706.7, -1.3081e-07
2708.7, -1.309e-07
2710.7, -1.31e-07
2712.7, -1.311e-07
2714.7, -1.312e-07
2716.7, -1.313e-07
2718.7, -1.3139e-07
2720.7, -1.3149e-07
2722.7, -1.3159e-07
2724.7, -1.3169e-07
2726.7, -1.3179e-07
2728.7, -1.3189e-07
2730.7, -1.3199e-07
2732.7, -1.3208e-07
2734.7, -1.3218e-07
2736.7, -1.3228e-07
2738.7, -1.3237e-07
2740.7, -1.3247e-07
2742.7, -1.3257e-07
2744.7, -1.3266e-07
2746.7, -1.3277e-07
2748.7, -1.3287e-07
2750.7, -1.3296e-07
2752.7, -1.3306e-07
2754.8, -1.3315e-07
2756.8, -1.3325e-07
2758.8, -1.3334e-07
2760.8, -1.3343e-07
2762.8, -1.3353e-07
2764.8, -1.3363e-07
2766.8, -1.3373e-07
2768.8, -1.3382e-07
2770.8, -1.3391e-07
2772.8, -1.34e-07
2774.8, -1.341e-07
2776.8, -1.3419e-07
2778.8, -1.3429e-07
2780.8, -1.3439e-07
2782.8, -1.3449e-07
2784.8, -1.3459e-07
2786.8, -1.3469e-07
2788.8, -1.3478e-07
2790.8, -1.3487e-07
2792.8, -1.3497e-07
2794.8, -1.3506e-07
2796.8, -1.3515e-07
2798.8, -1.3525e-07
2800.8, -1.3534e-07
2802.8, -1.3543e-07
2804.8, -1.3553e-07
2806.8, -1.3563e-07
2808.8, -1.3573e-07
2810.8, -1.3582e-07
2812.8, -1.3592e-07
2814.8, -1.3602e-07
2816.8, -1.3612e-07
2818.8, -1.3622e-07
2820.8, -1.3632e-07
2822.8, -1.3642e-07
2824.8, -1.3652e-07
2826.8, -1.3662e-07
2828.8, -1.3672e-07
2830.8, -1.3681e-07
2832.8, -1.3691e-07
2834.8, -1.37e-07
2836.8, -1.3709e-07
2838.8, -1.372e-07
2840.8, -1.3729e-07
2842.8, -1.3739e-07
2844.8, -1.375e-07
2846.8, -1.376e-07
2848.8, -1.377e-07
2850.8, -1.3779e-07
2852.8, -1.379e-07
2854.9, -1.3799e-07
2856.9, -1.381e-07
2858.9, -1.382e-07
2860.9, -1.383e-07
2862.9, -1.3839e-07
2864.9, -1.3848e-07
2866.9, -1.3858e-07
2868.9, -1.3868e-07
2870.9, -1.3878e-07
2872.9, -1.3887e-07
2874.9, -1.3897e-07
2876.9, -1.3907e-07
2878.9, -1.3917e-07
2880.9, -1.3927e-07
2882.9, -1.3937e-07
2884.9, -1.3946e-07
2886.9, -1.3955e-07
2888.9, -1.3965e-07
2890.9, -1.3974e-07
2892.9, -1.3983e-07
2894.9, -1.3993e-07
2896.9, -1.4002e-07
2898.9, -1.4012e-07
2900.9, -1.4021e-07
2902.9, -1.4031e-07
2904.9, -1.4041e-07
2906.9, -1.4051e-07
2908.9, -1.406e-07
2910.9, -1.407e-07
2912.9, -1.4079e-07
2914.9, -1.4089e-07
2916.9, -1.4098e-07
2918.9, -1.4107e-07
2920.9, -1.4117e-07
2922.9, -1.4127e-07
2924.9, -1.4136e-07
2926.9, -1.4146e-07
2928.9, -1.4155e-07
2930.9, -1.4165e-07
2932.9, -1.4175e-07
2934.9, -1.4185e-07
2936.9, -1.4195e-07
2938.9, -1.4205e-07
2940.9, -1.4215e-07
2942.9, -1.4224e-07
2944.9, -1.4234e-07
2946.9, -1.4244e-07
2948.9, -1.4254e-07
2950.9, -1.4264e-07
2952.9, -1.4273e-07
2955.0, -1.4282e-07
2957.0, -1.4292e-07
2959.0, -1.4301e-07
2961.0, -1.4311e-07
2963.0, -1.4321e-07
2965.0, -1.4331e-07
2967.0, -1.4341e-07
2969.0, -1.4351e-07
2971.0, -1.4362e-07
2973.0, -1.4371e-07
2975.0, -1.4381e-07
2977.0, -1.439e-07
2979.0, -1.44e-07
2981.0, -1.441e-07
2983.0, -1.442e-07
2985.0, -1.4428e-07
2987.0, -1.4438e-07
2989.0, -1.4447e-07
2991.0, -1.4456e-07
2993.0, -1.4466e-07
2995.0, -1.4475e-07
2997.0, -1.4484e-07
2999.0, -1.4494e-07
3001.0, -1.4503e-07
3003.0, -1.4513e-07
3005.0, -1.4523e-07
3007.0, -1.4532e-07
3009.0, -1.4542e-07
3011.0, -1.4552e-07
3013.0, -1.4561e-07
3015.0, -1.457e-07
3017.0, -1.4581e-07
3019.0, -1.459e-07
3021.0, -1.46e-07
3023.0, -1.4609e-07
3025.0, -1.4619e-07
3027.0, -1.4629e-07
3029.0, -1.4638e-07
3031.0, -1.4649e-07
3033.0, -1.4659e-07
3035.0, -1.4668e-07
3037.0, -1.4679e-07
3039.0, -1.4688e-07
3041.0, -1.4698e-07
3043.0, -1.4708e-07
3045.0, -1.4717e-07
3047.0, -1.4727e-07
3049.0, -1.4737e-07
3051.0, -1.4747e-07
3053.0, -1.4756e-07
3055.1, -1.4766e-07
3057.1, -1.4775e-07
3059.1, -1.4785e-07
3061.1, -1.4794e-07
3063.1, -1.4804e-07
3065.1, -1.4814e-07
3067.1, -1.4824e-07
3069.1, -1.4834e-07
3071.1, -1.4844e-07
3073.1, -1.4854e-07
3075.1, -1.4864e-07
3077.1, -1.4873e-07
3079.1, -1.4883e-07
3081.1, -1.4893e-07
3083.1, -1.4903e-07
3085.1, -1.4913e-07
3087.1, -1.4923e-07
3089.1, -1.4932e-07
3091.1, -1.4942e-07
3093.1, -1.4951e-07
3095.1, -1.496e-07
3097.1, -1.4969e-07
3099.1, -1.4978e-07
3101.1, -1.4988e-07
3103.1, -1.4998e-07
3105.1, -1.5007e-07
3107.1, -1.5016e-07
3109.1, -1.5026e-07
3111.1, -1.5034e-07
3113.1, -1.5043e-07
3115.1, -1.5052e-07
3117.1, -1.5061e-07
3119.1, -1.507e-07
3121.1, -1.5079e-07
3123.1, -1.5087e-07
3125.1, -1.5096e-07
3127.1, -1.5105e-07
3129.1, -1.5114e-07
3131.1, -1.5123e-07
3133.1, -1.5132e-07
3135.1, -1.5141e-07
3137.1, -1.515e-07
3139.1, -1.516e-07
3141.1, -1.5168e-07
3143.1, -1.5177e-07
3145.1, -1.5186e-07
3147.1, -1.5195e-07
3149.1, -1.5204e-07
3151.1, -1.5213e-07
3153.1, -1.5222e-07
3155.2, -1.5232e-07
3157.2, -1.5241e-07
3159.2, -1.525e-07
3161.2, -1.5259e-07
3163.2, -1.5268e-07
3165.2, -1.5278e-07
3167.2, -1.5287e-07
3169.2, -1.5296e-07
3171.2, -1.5306e-07
3173.2, -1.5315e-07
3175.2, -1.5325e-07
3177.2, -1.5334e-07
3179.2, -1.5343e-07
3181.2, -1.5352e-07
3183.2, -1.5361e-07
3185.2, -1.537e-07
3187.2, -1.5379e-07
3189.2, -1.5388e-07
3191.2, -1.5398e-07
3193.2, -1.5408e-07
3195.2, -1.5417e-07
3197.2, -1.5427e-07
3199.2, -1.5437e-07
3201.2, -1.5447e-07
3203.2, -1.5457e-07
3205.2, -1.5466e-07
3207.2, -1.5475e-07
3209.2, -1.5485e-07
3211.2, -1.5494e-07
3213.2, -1.5504e-07
3215.2, -1.5513e-07
3217.2, -1.5523e-07
3219.2, -1.5533e-07
3221.2, -1.5543e-07
3223.2, -1.5552e-07
3225.2, -1.5561e-07
3227.2, -1.5571e-07
3229.2, -1.558e-07
3231.2, -1.559e-07
3233.2, -1.5599e-07
3235.2, -1.5609e-07
3237.2, -1.5619e-07
3239.2, -1.5629e-07
3241.2, -1.5639e-07
3243.2, -1.5648e-07
3245.2, -1.5658e-07
3247.2, -1.5668e-07
3249.2, -1.5678e-07
3251.2, -1.5688e-07
3253.2, -1.5697e-07
3255.3, -1.5706e-07
3257.3, -1.5716e-07
3259.3, -1.5726e-07
3261.3, -1.5736e-07
3263.3, -1.5745e-07
3265.3, -1.5755e-07
3267.3, -1.5764e-07
3269.3, -1.5773e-07
3271.3, -1.5782e-07
3273.3, -1.5791e-07
3275.3, -1.5801e-07
3277.3, -1.5809e-07
3279.3, -1.5818e-07
3281.3, -1.5827e-07
3283.3, -1.5835e-07
3285.3, -1.5845e-07
3287.3, -1.5854e-07
3289.3, -1.5863e-07
3291.3, -1.5872e-07
3293.3, -1.5882e-07
3295.3, -1.5891e-07
3297.3, -1.59e-07
3299.3, -1.591e-07
3301.3, -1.5919e-07
3303.3, -1.5928e-07
3305.3, -1.5938e-07
3307.3, -1.5947e-07
3309.3, -1.5957e-07
3311.3, -1.5966e-07
3313.3, -1.5976e-07
3315.3, -1.5985e-07
3317.3, -1.5995e-07
3319.3, -1.6005e-07
3321.3, -1.6015e-07
3323.3, -1.6025e-07
3325.3, -1.6035e-07
3327.3, -1.6046e-07
3329.3, -1.6056e-07
3331.3, -1.6066e-07
3333.3, -1.6077e-07
3335.3, -1.6087e-07
3337.3, -1.6097e-07
3339.3, -1.6108e-07
3341.3, -1.6118e-07
3343.3, -1.6128e-07
3345.3, -1.6138e-07
3347.3, -1.6147e-07
3349.3, -1.6157e-07
3351.3, -1.6166e-07
3353.3, -1.6175e-07
3355.4, -1.6184e-07
3357.4, -1.6194e-07
3359.4, -1.6205e-07
3361.4, -1.6215e-07
3363.4, -1.6224e-07
3365.4, -1.6234e-07
3367.4, -1.6243e-07
3369.4, -1.6253e-07
3371.4, -1.6263e-07
3373.4, -1.6272e-07
3375.4, -1.6283e-07
3377.4, -1.6293e-07
3379.4, -1.6303e-07
3381.4, -1.6314e-07
3383.4, -1.6324e-07
3385.4, -1.6335e-07
3387.4, -1.6345e-07
3389.4, -1.6355e-07
3391.4, -1.6365e-07
3393.4, -1.6375e-07
3395.4, -1.6386e-07
3397.4, -1.6396e-07
3399.4, -1.6406e-07
3401.4, -1.6416e-07
3403.4, -1.6426e-07
3405.4, -1.6436e-07
3407.4, -1.6445e-07
3409.4, -1.6455e-07
3411.4, -1.6464e-07
3413.4, -1.6474e-07
3415.4, -1.6484e-07
3417.4, -1.6494e-07
3419.4, -1.6505e-07
3421.4, -1.6515e-07
3423.4, -1.6526e-07
3425.4, -1.6535e-07
3427.4, -1.6545e-07
3429.4, -1.6556e-07
3431.4, -1.6567e-07
3433.4, -1.6578e-07
3435.4, -1.6589e-07
3437.4, -1.66e-07
3439.4, -1.661e-07
3441.4, -1.6621e-07
3443.4, -1.6631e-07
3445.4, -1.6642e-07
3447.4, -1.6652e-07
3449.4, -1.6663e-07
3451.4, -1.6672e-07
3453.4, -1.6682e-07
3455.5, -1.6692e-07
3457.5, -1.6702e-07
3459.5, -1.6712e-07
3461.5, -1.6722e-07
3463.5, -1.6732e-07
3465.5, -1.6742e-07
3467.5, -1.6752e-07
3469.5, -1.6762e-07
3471.5, -1.6772e-07
3473.5, -1.6782e-07
3475.5, -1.6792e-07
3477.5, -1.6802e-07
3479.5, -1.6811e-07
3481.5, -1.6821e-07
3483.5, -1.6831e-07
3485.5, -1.6841e-07
3487.5, -1.685e-07
3489.5, -1.686e-07
3491.5, -1.6869e-07
3493.5, -1.6879e-07
3495.5, -1.6889e-07
3497.5, -1.6899e-07
3499.5, -1.6909e-07
3501.5, -1.6918e-07
3503.5, -1.6928e-07
3505.5, -1.6937e-07
3507.5, -1.6947e-07
3509.5, -1.6956e-07
3511.5, -1.6966e-07
3513.5, -1.6976e-07
3515.5, -1.6985e-07
3517.5, -1.6994e-07
3519.5, -1.7003e-07
3521.5, -1.7012e-07
3523.5, -1.7021e-07
3525.5, -1.7031e-07
3527.5, -1.704e-07
3529.5, -1.7049e-07
3531.5, -1.7059e-07
3533.5, -1.7068e-07
3535.5, -1.7078e-07
3537.5, -1.7088e-07
3539.5, -1.7098e-07
3541.5, -1.7107e-07
3543.5, -1.7116e-07
3545.5, -1.7126e-07
3547.5, -1.7135e-07
3549.5, -1.7145e-07
3551.5, -1.7154e-07
3553.5, -1.7164e-07
3555.6, -1.7174e-07
3557.6, -1.7183e-07
3559.6, -1.7193e-07
3561.6, -1.7202e-07
3563.6, -1.7212e-07
3565.6, -1.7221e-07
3567.6, -1.7231e-07
3569.6, -1.7239e-07
3571.6, -1.7248e-07
3573.6, -1.7258e-07
3575.6, -1.7266e-07
3577.6, -1.7276e-07
3579.6, -1.7285e-07
3581.6, -1.7294e-07
3583.6, -1.7303e-07
3585.6, -1.7312e-07
3587.6, -1.7322e-07
3589.6, -1.7331e-07
3591.6, -1.734e-07
3593.6, -1.7349e-07
3595.6, -1.7357e-07
3597.6, -1.7366e-07
3599.6, -1.7376e-07
3601.6, -1.7385e-07
3603.6, -1.7395e-07
3605.6, -1.7405e-07
3607.6, -1.7414e-07
3609.6, -1.7424e-07
3611.6, -1.7433e-07
3613.6, -1.7442e-07
3615.6, -1.7452e-07
3617.6, -1.7461e-07
3619.6, -1.747e-07
3621.6, -1.748e-07
3623.6, -1.7489e-07
3625.6, -1.7498e-07
3627.6, -1.7508e-07
3629.6, -1.7518e-07
3631.6, -1.7527e-07
3633.6, -1.7537e-07
3635.6, -1.7546e-07
3637.6, -1.7556e-07
3639.6, -1.7565e-07
3641.6, -1.7575e-07
3643.6, -1.7584e-07
3645.6, -1.7593e-07
3647.6, -1.7603e-07
3649.6, -1.7612e-07
3651.6, -1.7622e-07
3653.6, -1.7631e-07
3655.7, -1.764e-07
3657.7, -1.765e-07
3659.7, -1.7659e-07
3661.7, -1.7669e-07
3663.7, -1.7678e-07
3665.7, -1.7688e-07
3667.7, -1.7698e-07
3669.7, -1.7707e-07
3671.7, -1.7717e-07
3673.7, -1.7727e-07
3675.7, -1.7736e-07
3677.7, -1.7747e-07
3679.7, -1.7756e-07
3681.7, -1.7766e-07
3683.7, -1.7775e-07
3685.7, -1.7785e-07
3687.7, -1.7794e-07
3689.7, -1.7803e-07
3691.7, -1.7812e-07
3693.7, -1.7821e-07
3695.7, -1.783e-07
3697.7, -1.7839e-07
3699.7, -1.7848e-07
3701.7, -1.7857e-07
3703.7, -1.7866e-07
3705.7, -1.7876e-07
3707.7, -1.7885e-07
3709.7, -1.7894e-07
3711.7, -1.7904e-07
3713.7, -1.7913e-07
3715.7, -1.7922e-07
3717.7, -1.7932e-07
3719.7, -1.794e-07
3721.7, -1.7949e-07
3723.7, -1.7958e-07
3725.7, -1.7966e-07
3727.7, -1.7976e-07
3729.7, -1.7985e-07
3731.7, -1.7994e-07
3733.7, -1.8003e-07
3735.7, -1.8012e-07
3737.7, -1.8022e-07
3739.7, -1.8032e-07
3741.7, -1.8041e-07
3743.7, -1.8051e-07
3745.7, -1.8061e-07
3747.7, -1.807e-07
3749.7, -1.8079e-07
3751.7, -1.8089e-07
3753.7, -1.8098e-07
3755.8, -1.8107e-07
3757.8, -1.8117e-07
3759.8, -1.8125e-07
3761.8, -1.8134e-07
3763.8, -1.8144e-07
3765.8, -1.8153e-07
3767.8, -1.8163e-07
3769.8, -1.8172e-07
3771.8, -1.818e-07
3773.8, -1.8189e-07
3775.8, -1.8198e-07
3777.8, -1.8207e-07
3779.8, -1.8216e-07
3781.8, -1.8226e-07
3783.8, -1.8235e-07
3785.8, -1.8244e-07
3787.8, -1.8254e-07
3789.8, -1.8263e-07
3791.8, -1.8272e-07
3793.8, -1.8281e-07
3795.8, -1.829e-07
3797.8, -1.8299e-07
3799.8, -1.8308e-07
3801.8, -1.8318e-07
3803.8, -1.8327e-07
3805.8, -1.8337e-07
3807.8, -1.8346e-07
3809.8, -1.8356e-07
3811.8, -1.8365e-07
3813.8, -1.8375e-07
3815.8, -1.8384e-07
3817.8, -1.8394e-07
3819.8, -1.8403e-07
3821.8, -1.8413e-07
3823.8, -1.8422e-07
3825.8, -1.8431e-07
3827.8, -1.8441e-07
3829.8, -1.845e-07
3831.8, -1.846e-07
3833.8, -1.8469e-07
3835.8, -1.8479e-07
3837.8, -1.8488e-07
3839.8, -1.8498e-07
3841.8, -1.8508e-07
3843.8, -1.8517e-07
3845.8, -1.8527e-07
3847.8, -1.8536e-07
3849.8, -1.8546e-07
3851.8, -1.8556e-07
3853.8, -1.8565e-07
3855.9, -1.8574e-07
3857.9, -1.8583e-07
3859.9, -1.8592e-07
3861.9, -1.8601e-07
3863.9, -1.861e-07
3865.9, -1.8618e-07
3867.9, -1.8628e-07
3869.9, -1.8637e-07
3871.9, -1.8647e-07
3873.9, -1.8657e-07
3875.9, -1.8667e-07
3877.9, -1.8676e-07
3879.9, -1.8685e-07
3881.9, -1.8694e-07
3883.9, -1.8703e-07
3885.9, -1.8712e-07
3887.9, -1.8721e-07
3889.9, -1.873e-07
3891.9, -1.8739e-07
3893.9, -1.8747e-07
3895.9, -1.8755e-07
3897.9, -1.8765e-07
3899.9, -1.8774e-07
3901.9, -1.8783e-07
3903.9, -1.8793e-07
3905.9, -1.8802e-07
3907.9, -1.8811e-07
3909.9, -1.882e-07
3911.9, -1.883e-07
3913.9, -1.8839e-07
3915.9, -1.8848e-07
3917.9, -1.8857e-07
3919.9, -1.8866e-07
3921.9, -1.8875e-07
3923.9, -1.8885e-07
3925.9, -1.8894e-07
3927.9, -1.8903e-07
3929.9, -1.8913e-07
3931.9, -1.8923e-07
3933.9, -1.8933e-07
3935.9, -1.8942e-07
3937.9, -1.8951e-07
3939.9, -1.8961e-07
3941.9, -1.897e-07
3943.9, -1.8981e-07
3945.9, -1.8991e-07
3947.9, -1.9e-07
3949.9, -1.901e-07
3951.9, -1.902e-07
3953.9, -1.9029e-07
3956.0, -1.9039e-07
3958.0, -1.9049e-07
3960.0, -1.9059e-07
3962.0, -1.9068e-07
3964.0, -1.9078e-07
3966.0, -1.9087e-07
3968.0, -1.9097e-07
3970.0, -1.9106e-07
3972.0, -1.9117e-07
3974.0, -1.9126e-07
3976.0, -1.9135e-07
3978.0, -1.9145e-07
3980.0, -1.9155e-07
3982.0, -1.9164e-07
3984.0, -1.9173e-07
3986.0, -1.9182e-07
3988.0, -1.9192e-07
3990.0, -1.9203e-07
3992.0, -1.9213e-07
3994.0, -1.9222e-07
3996.0, -1.9232e-07
3998.0, -1.9241e-07
4000.0, -1.925e-07
4002.0, -1.926e-07
4004.0, -1.9269e-07
4006.0, -1.9278e-07
4008.0, -1.9287e-07
4010.0, -1.9297e-07
4012.0, -1.9306e-07
4014.0, -1.9315e-07
4016.0, -1.9324e-07
4018.0, -1.9333e-07
4020.0, -1.9342e-07
4022.0, -1.9351e-07
4024.0, -1.936e-07
4026.0, -1.937e-07
4028.0, -1.9379e-07
4030.0, -1.9388e-07
4032.0, -1.9397e-07
4034.0, -1.9406e-07
4036.0, -1.9415e-07
4038.0, -1.9424e-07
4040.0, -1.9433e-07
4042.0, -1.9442e-07
4044.0, -1.9451e-07
4046.0, -1.946e-07
4048.0, -1.947e-07
4050.0, -1.9479e-07
4052.0, -1.9487e-07
4054.0, -1.9496e-07
4056.1, -1.9505e-07
4058.1, -1.9514e-07
4060.1, -1.9524e-07
4062.1, -1.9533e-07
4064.1, -1.9542e-07
4066.1, -1.9551e-07
4068.1, -1.9561e-07
4070.1, -1.957e-07
4072.1, -1.9579e-07
4074.1, -1.9588e-07
4076.1, -1.9596e-07
4078.1, -1.9605e-07
4080.1, -1.9614e-07
4082.1, -1.9623e-07
4084.1, -1.9632e-07
4086.1, -1.9641e-07
4088.1, -1.965e-07
4090.1, -1.9659e-07
4092.1, -1.9668e-07
4094.1, -1.9677e-07
4096.1, -1.9686e-07
4098.1, -1.9694e-07
4100.1, -1.9703e-07
4102.1, -1.9712e-07
4104.1, -1.9721e-07
4106.1, -1.973e-07
4108.1, -1.9739e-07
4110.1, -1.9747e-07
4112.1, -1.9756e-07
4114.1, -1.9765e-07
4116.1, -1.9774e-07
4118.1, -1.9783e-07
4120.1, -1.9792e-07
4122.1, -1.98e-07
4124.1, -1.9809e-07
4126.1, -1.9818e-07
4128.1, -1.9827e-07
4130.1, -1.9836e-07
4132.1, -1.9844e-07
4134.1, -1.9853e-07
4136.1, -1.9862e-07
4138.1, -1.9872e-07
4140.1, -1.9881e-07
4142.1, -1.989e-07
4144.1, -1.99e-07
4146.1, -1.991e-07
4148.1, -1.992e-07
4150.1, -1.9929e-07
4152.1, -1.9939e-07
4154.1, -1.9948e-07
4156.2, -1.9957e-07
4158.2, -1.9967e-07
4160.2, -1.9976e-07
4162.2, -1.9986e-07
4164.2, -1.9995e-07
4166.2, -2.0005e-07
4168.2, -2.0014e-07
4170.2, -2.0023e-07
4172.2, -2.0033e-07
4174.2, -2.0043e-07
4176.2, -2.0052e-07
4178.2, -2.0062e-07
4180.2, -2.0072e-07
4182.2, -2.0081e-07
4184.2, -2.009e-07
4186.2, -2.01e-07
4188.2, -2.0109e-07
4190.2, -2.0119e-07
4192.2, -2.0128e-07
4194.2, -2.0137e-07
4196.2, -2.0147e-07
4198.2, -2.0157e-07
4200.2, -2.0167e-07
4202.2, -2.0176e-07
4204.2, -2.0185e-07
4206.2, -2.0195e-07
4208.2, -2.0204e-07
4210.2, -2.0214e-07
4212.2, -2.0223e-07
4214.2, -2.0233e-07
4216.2, -2.0243e-07
4218.2, -2.0254e-07
4220.2, -2.0263e-07
4222.2, -2.0274e-07
4224.2, -2.0284e-07
4226.2, -2.0294e-07
4228.2, -2.0304e-07
4230.2, -2.0314e-07
4232.2, -2.0323e-07
4234.2, -2.0334e-07
4236.2, -2.0344e-07
4238.2, -2.0354e-07
4240.2, -2.0364e-07
4242.2, -2.0374e-07
4244.2, -2.0383e-07
4246.2, -2.0392e-07
4248.2, -2.0402e-07
4250.2, -2.0411e-07
4252.2, -2.042e-07
4254.2, -2.0429e-07
4256.3, -2.0439e-07
4258.3, -2.0449e-07
4260.3, -2.0459e-07
4262.3, -2.0469e-07
4264.3, -2.0478e-07
4266.3, -2.0487e-07
4268.3, -2.0496e-07
4270.3, -2.0506e-07
4272.3, -2.0515e-07
4274.3, -2.0525e-07
4276.3, -2.0534e-07
4278.3, -2.0543e-07
4280.3, -2.0552e-07
4282.3, -2.0562e-07
4284.3, -2.0571e-07
4286.3, -2.058e-07
4288.3, -2.059e-07
4290.3, -2.0599e-07
4292.3, -2.0609e-07
4294.3, -2.0618e-07
4296.3, -2.0628e-07
4298.3, -2.0637e-07
4300.3, -2.0646e-07
4302.3, -2.0655e-07
4304.3, -2.0664e-07
4306.3, -2.0673e-07
4308.3, -2.0682e-07
4310.3, -2.0692e-07
4312.3, -2.0701e-07
4314.3, -2.0711e-07
4316.3, -2.072e-07
4318.3, -2.0729e-07
4320.3, -2.0739e-07
4322.3, -2.0747e-07
4324.3, -2.0756e-07
4326.3, -2.0765e-07
4328.3, -2.0774e-07
4330.3, -2.0783e-07
4332.3, -2.0793e-07
4334.3, -2.0801e-07
4336.3, -2.081e-07
4338.3, -2.0819e-07
4340.3, -2.0828e-07
4342.3, -2.0837e-07
4344.3, -2.0846e-07
4346.3, -2.0855e-07
4348.3, -2.0864e-07
4350.3, -2.0873e-07
4352.3, -2.0882e-07
4354.3, -2.0892e-07
4356.4, -2.0901e-07
4358.4, -2.0911e-07
4360.4, -2.092e-07
4362.4, -2.0929e-07
4364.4, -2.0938e-07
4366.4, -2.0948e-07
4368.4, -2.0957e-07
4370.4, -2.0967e-07
4372.4, -2.0976e-07
4374.4, -2.0986e-07
4376.4, -2.0996e-07
4378.4, -2.1006e-07
4380.4, -2.1016e-07
4382.4, -2.1025e-07
4384.4, -2.1035e-07
4386.4, -2.1044e-07
4388.4, -2.1054e-07
4390.4, -2.1064e-07
4392.4, -2.1074e-07
4394.4, -2.1083e-07
4396.4, -2.1093e-07
4398.4, -2.1103e-07
4400.4, -2.1112e-07
4402.4, -2.1121e-07
4404.4, -2.1131e-07
4406.4, -2.114e-07
4408.4, -2.115e-07
4410.4, -2.1159e-07
4412.4, -2.117e-07
4414.4, -2.1179e-07
4416.4, -2.119e-07
4418.4, -2.1199e-07
4420.4, -2.1208e-07
4422.4, -2.1218e-07
4424.4, -2.1227e-07
4426.4, -2.1237e-07
4428.4, -2.1247e-07
4430.4, -2.1257e-07
4432.4, -2.1267e-07
4434.4, -2.1277e-07
4436.4, -2.1287e-07
4438.4, -2.1297e-07
4440.4, -2.1306e-07
4442.4, -2.1316e-07
4444.4, -2.1326e-07
4446.4, -2.1335e-07
4448.4, -2.1345e-07
4450.4, -2.1354e-07
4452.4, -2.1365e-07
4454.4, -2.1374e-07
4456.5, -2.1383e-07
4458.5, -2.1393e-07
4460.5, -2.1403e-07
4462.5, -2.1412e-07
4464.5, -2.1422e-07
4466.5, -2.1432e-07
4468.5, -2.1441e-07
4470.5, -2.145e-07
4472.5, -2.146e-07
4474.5, -2.147e-07
4476.5, -2.1479e-07
4478.5, -2.1488e-07
4480.5, -2.1498e-07
4482.5, -2.1507e-07
4484.5, -2.1516e-07
4486.5, -2.1525e-07
4488.5, -2.1534e-07
4490.5, -2.1543e-07
4492.5, -2.1553e-07
4494.5, -2.1563e-07
4496.5, -2.1572e-07
4498.5, -2.1582e-07
4500.5, -2.1592e-07
4502.5, -2.1601e-07
4504.5, -2.161e-07
4506.5, -2.162e-07
4508.5, -2.1629e-07
4510.5, -2.1638e-07
4512.5, -2.1648e-07
4514.5, -2.1658e-07
4516.5, -2.1667e-07
4518.5, -2.1678e-07
4520.5, -2.1687e-07
4522.5, -2.1697e-07
4524.5, -2.1706e-07
4526.5, -2.1716e-07
4528.5, -2.1726e-07
4530.5, -2.1736e-07
4532.5, -2.1746e-07
4534.5, -2.1755e-07
4536.5, -2.1764e-07
4538.5, -2.1774e-07
4540.5, -2.1783e-07
4542.5, -2.1792e-07
4544.5, -2.1801e-07
4546.5, -2.181e-07
4548.5, -2.1819e-07
4550.5, -2.1828e-07
4552.5, -2.1838e-07
4554.5, -2.1847e-07
4556.6, -2.1856e-07
4558.6, -2.1865e-07
4560.6, -2.1874e-07
4562.6, -2.1883e-07
4564.6, -2.1892e-07
4566.6, -2.1902e-07
4568.6, -2.1911e-07
4570.6, -2.192e-07
4572.6, -2.1929e-07
4574.6, -2.1938e-07
4576.6, -2.1947e-07
4578.6, -2.1956e-07
4580.6, -2.1966e-07
4582.6, -2.1975e-07
4584.6, -2.1984e-07
4586.6, -2.1994e-07
4588.6, -2.2003e-07
4590.6, -2.2013e-07
4592.6, -2.2022e-07
4594.6, -2.2032e-07
4596.6, -2.2041e-07
4598.6, -2.205e-07
4600.6, -2.206e-07
4602.6, -2.2069e-07
4604.6, -2.2079e-07
4606.6, -2.2088e-07
4608.6, -2.2098e-07
4610.6, -2.2107e-07
4612.6, -2.2117e-07
4614.6, -2.2126e-07
4616.6, -2.2136e-07
4618.6, -2.2146e-07
4620.6, -2.2156e-07
4622.6, -2.2166e-07
4624.6, -2.2176e-07
4626.6, -2.2186e-07
4628.6, -2.2196e-07
4630.6, -2.2206e-07
4632.6, -2.2216e-07
4634.6, -2.2226e-07
4636.6, -2.2235e-07
4638.6, -2.2245e-07
4640.6, -2.2255e-07
4642.6, -2.2264e-07
4644.6, -2.2274e-07
4646.6, -2.2284e-07
4648.6, -2.2293e-07
4650.6, -2.2303e-07
4652.6, -2.2312e-07
4654.6, -2.2322e-07
4656.7, -2.2331e-07
4658.7, -2.2341e-07
4660.7, -2.2352e-07
4662.7, -2.2361e-07
4664.7, -2.2371e-07
4666.7, -2.2381e-07
4668.7, -2.239e-07
4670.7, -2.24e-07
4672.7, -2.241e-07
4674.7, -2.242e-07
4676.7, -2.243e-07
4678.7, -2.2439e-07
4680.7, -2.2449e-07
4682.7, -2.2459e-07
4684.7, -2.2468e-07
4686.7, -2.2479e-07
4688.7, -2.2489e-07
4690.7, -2.25e-07
4692.7, -2.2509e-07
4694.7, -2.2519e-07
4696.7, -2.253e-07
4698.7, -2.254e-07
4700.7, -2.2551e-07
4702.7, -2.2561e-07
4704.7, -2.2571e-07
4706.7, -2.2581e-07
4708.7, -2.2592e-07
4710.7, -2.2602e-07
4712.7, -2.2612e-07
4714.7, -2.2622e-07
4716.7, -2.2631e-07
4718.7, -2.2641e-07
4720.7, -2.2651e-07
4722.7, -2.266e-07
4724.7, -2.267e-07
4726.7, -2.2679e-07
4728.7, -2.2689e-07
4730.7, -2.2698e-07
4732.7, -2.2707e-07
4734.7, -2.2717e-07
4736.7, -2.2727e-07
4738.7, -2.2737e-07
4740.7, -2.2746e-07
4742.7, -2.2756e-07
4744.7, -2.2765e-07
4746.7, -2.2775e-07
4748.7, -2.2784e-07
4750.7, -2.2793e-07
4752.7, -2.2803e-07
4754.7, -2.2812e-07
4756.8, -2.2822e-07
4758.8, -2.2833e-07
4760.8, -2.2843e-07
4762.8, -2.2852e-07
4764.8, -2.2862e-07
4766.8, -2.2871e-07
4768.8, -2.288e-07
4770.8, -2.289e-07
4772.8, -2.29e-07
4774.8, -2.291e-07
4776.8, -2.292e-07
4778.8, -2.293e-07
4780.8, -2.294e-07
4782.8, -2.295e-07
4784.8, -2.2959e-07
4786.8, -2.2969e-07
4788.8, -2.2978e-07
4790.8, -2.2988e-07
4792.8, -2.2998e-07
4794.8, -2.3009e-07
4796.8, -2.3019e-07
4798.8, -2.3029e-07
4800.8, -2.3038e-07
4802.8, -2.3048e-07
4804.8, -2.3058e-07
4806.8, -2.3067e-07
4808.8, -2.3077e-07
4810.8, -2.3087e-07
4812.8, -2.3097e-07
4814.8, -2.3107e-07
4816.8, -2.3116e-07
4818.8, -2.3125e-07
4820.8, -2.3134e-07
4822.8, -2.3144e-07
4824.8, -2.3153e-07
4826.8, -2.3163e-07
4828.8, -2.3172e-07
4830.8, -2.3182e-07
4832.8, -2.3191e-07
4834.8, -2.3201e-07
4836.8, -2.321e-07
4838.8, -2.322e-07
4840.8, -2.3229e-07
4842.8, -2.3238e-07
4844.8, -2.3247e-07
4846.8, -2.3257e-07
4848.8, -2.3266e-07
4850.8, -2.3276e-07
4852.8, -2.3285e-07
4854.8, -2.3295e-07
4856.9, -2.3305e-07
4858.9, -2.3314e-07
4860.9, -2.3324e-07
4862.9, -2.3333e-07
4864.9, -2.3343e-07
4866.9, -2.3352e-07
4868.9, -2.3361e-07
4870.9, -2.337e-07
4872.9, -2.338e-07
4874.9, -2.3389e-07
4876.9, -2.3398e-07
4878.9, -2.3407e-07
4880.9, -2.3416e-07
4882.9, -2.3426e-07
4884.9, -2.3435e-07
4886.9, -2.3444e-07
4888.9, -2.3453e-07
4890.9, -2.3463e-07
4892.9, -2.3472e-07
4894.9, -2.3482e-07
4896.9, -2.3491e-07
4898.9, -2.3501e-07
4900.9, -2.351e-07
4902.9, -2.3519e-07
4904.9, -2.3529e-07
4906.9, -2.3538e-07
4908.9, -2.3548e-07
4910.9, -2.3558e-07
4912.9, -2.3568e-07
4914.9, -2.3577e-07
4916.9, -2.3587e-07
4918.9, -2.3596e-07
4920.9, -2.3606e-07
4922.9, -2.3615e-07
4924.9, -2.3625e-07
4926.9, -2.3635e-07
4928.9, -2.3644e-07
4930.9, -2.3654e-07
4932.9, -2.3664e-07
4934.9, -2.3674e-07
4936.9, -2.3683e-07
4938.9, -2.3693e-07
4940.9, -2.3704e-07
4942.9, -2.3713e-07
4944.9, -2.3723e-07
4946.9, -2.3733e-07
4948.9, -2.3742e-07
4950.9, -2.3752e-07
4952.9, -2.3762e-07
4954.9, -2.3771e-07
4957.0, -2.378e-07
4959.0, -2.379e-07
4961.0, -2.3799e-07
4963.0, -2.3808e-07
4965.0, -2.3817e-07
4967.0, -2.3826e-07
4969.0, -2.3835e-07
4971.0, -2.3845e-07
4973.0, -2.3854e-07
4975.0, -2.3863e-07
4977.0, -2.3872e-07
4979.0, -2.3881e-07
4981.0, -2.389e-07
4983.0, -2.3899e-07
4985.0, -2.3908e-07
4987.0, -2.3917e-07
4989.0, -2.3926e-07
4991.0, -2.3935e-07
4993.0, -2.3944e-07
4995.0, -2.3953e-07
4997.0, -2.3962e-07
4999.0, -2.3971e-07
5001.0, -2.398e-07
5003.0, -2.399e-07
5005.0, -2.3999e-07
5007.0, -2.4008e-07
5009.0, -2.4018e-07
5011.0, -2.4027e-07
5013.0, -2.4037e-07
5015.0, -2.4046e-07
5017.0, -2.4055e-07
5019.0, -2.4064e-07
5021.0, -2.4074e-07
5023.0, -2.4082e-07
5025.0, -2.4091e-07
5027.0, -2.4101e-07
5029.0, -2.411e-07
5031.0, -2.4118e-07
5033.0, -2.4127e-07
5035.0, -2.4136e-07
5037.0, -2.4146e-07
5039.0, -2.4155e-07
5041.0, -2.4164e-07
5043.0, -2.4173e-07
5045.0, -2.4182e-07
5047.0, -2.4191e-07
5049.0, -2.42e-07
5051.0, -2.421e-07
5053.0, -2.422e-07
5055.0, -2.4229e-07
5057.1, -2.4239e-07
5059.1, -2.4249e-07
5061.1, -2.4258e-07
5063.1, -2.4268e-07
5065.1, -2.4278e-07
5067.1, -2.4287e-07
5069.1, -2.4297e-07
5071.1, -2.4307e-07
5073.1, -2.4316e-07
5075.1, -2.4326e-07
5077.1, -2.4336e-07
5079.1, -2.4345e-07
5081.1, -2.4355e-07
5083.1, -2.4364e-07
5085.1, -2.4373e-07
5087.1, -2.4383e-07
5089.1, -2.4392e-07
5091.1, -2.4401e-07
5093.1, -2.441e-07
5095.1, -2.4418e-07
5097.1, -2.4427e-07
5099.1, -2.4436e-07
5101.1, -2.4444e-07
5103.1, -2.4453e-07
5105.1, -2.4461e-07
5107.1, -2.447e-07
5109.1, -2.4479e-07
5111.1, -2.4488e-07
5113.1, -2.4497e-07
5115.1, -2.4506e-07
5117.1, -2.4515e-07
5119.1, -2.4525e-07
5121.1, -2.4534e-07
5123.1, -2.4543e-07
5125.1, -2.4551e-07
5127.1, -2.456e-07
5129.1, -2.4569e-07
5131.1, -2.4578e-07
5133.1, -2.4587e-07
5135.1, -2.4596e-07
5137.1, -2.4605e-07
5139.1, -2.4614e-07
5141.1, -2.4622e-07
5143.1, -2.4631e-07
5145.1, -2.464e-07
5147.1, -2.4649e-07
5149.1, -2.4657e-07
5151.1, -2.4667e-07
5153.1, -2.4676e-07
5155.1, -2.4685e-07
5157.2, -2.4694e-07
5159.2, -2.4704e-07
5161.2, -2.4713e-07
5163.2, -2.4722e-07
5165.2, -2.4731e-07
5167.2, -2.474e-07
5169.2, -2.4749e-07
5171.2, -2.4758e-07
5173.2, -2.4768e-07
5175.2, -2.4777e-07
5177.2, -2.4786e-07
5179.2, -2.4795e-07
5181.2, -2.4804e-07
5183.2, -2.4812e-07
5185.2, -2.4821e-07
5187.2, -2.483e-07
5189.2, -2.4839e-07
5191.2, -2.4848e-07
5193.2, -2.4857e-07
5195.2, -2.4866e-07
5197.2, -2.4875e-07
5199.2, -2.4885e-07
5201.2, -2.4894e-07
5203.2, -2.4903e-07
5205.2, -2.4912e-07
5207.2, -2.4922e-07
5209.2, -2.4931e-07
5211.2, -2.494e-07
5213.2, -2.4949e-07
5215.2, -2.4959e-07
5217.2, -2.4969e-07
5219.2, -2.4979e-07
5221.2, -2.4989e-07
5223.2, -2.4998e-07
5225.2, -2.5007e-07
5227.2, -2.5015e-07
5229.2, -2.5024e-07
5231.2, -2.5034e-07
5233.2, -2.5043e-07
5235.2, -2.5052e-07
5237.2, -2.5062e-07
5239.2, -2.5072e-07
5241.2, -2.5082e-07
5243.2, -2.5092e-07
5245.2, -2.5101e-07
5247.2, -2.5111e-07
5249.2, -2.5121e-07
5251.2, -2.513e-07
5253.2, -2.5139e-07
5255.2, -2.5147e-07
5257.3, -2.5156e-07
5259.3, -2.5165e-07
5261.3, -2.5175e-07
5263.3, -2.5184e-07
5265.3, -2.5193e-07
5267.3, -2.5203e-07
5269.3, -2.5212e-07
5271.3, -2.5222e-07
5273.3, -2.523e-07
5275.3, -2.5239e-07
5277.3, -2.5248e-07
5279.3, -2.5257e-07
5281.3, -2.5266e-07
5283.3, -2.5275e-07
5285.3, -2.5284e-07
5287.3, -2.5293e-07
5289.3, -2.5302e-07
5291.3, -2.531e-07
5293.3, -2.5319e-07
5295.3, -2.5328e-07
5297.3, -2.5338e-07
5299.3, -2.5346e-07
5301.3, -2.5356e-07
5303.3, -2.5364e-07
5305.3, -2.5373e-07
5307.3, -2.5382e-07
5309.3, -2.5391e-07
5311.3, -2.54e-07
5313.3, -2.5409e-07
5315.3, -2.5418e-07
5317.3, -2.5427e-07
5319.3, -2.5437e-07
5321.3, -2.5446e-07
5323.3, -2.5455e-07
5325.3, -2.5464e-07
5327.3, -2.5473e-07
5329.3, -2.5482e-07
5331.3, -2.5491e-07
5333.3, -2.55e-07
5335.3, -2.5509e-07
5337.3, -2.5518e-07
5339.3, -2.5527e-07
5341.3, -2.5537e-07
5343.3, -2.5546e-07
5345.3, -2.5556e-07
5347.3, -2.5565e-07
5349.3, -2.5575e-07
5351.3, -2.5585e-07
5353.3, -2.5594e-07
5355.3, -2.5603e-07
5357.4, -2.5612e-07
5359.4, -2.5621e-07
5361.4, -2.5631e-07
5363.4, -2.564e-07
5365.4, -2.5649e-07
5367.4, -2.5658e-07
5369.4, -2.5667e-07
5371.4, -2.5676e-07
5373.4, -2.5684e-07
5375.4, -2.5693e-07
5377.4, -2.5701e-07
5379.4, -2.571e-07
5381.4, -2.5719e-07
5383.4, -2.5729e-07
5385.4, -2.5739e-07
5387.4, -2.5748e-07
5389.4, -2.5758e-07
5391.4, -2.5768e-07
5393.4, -2.5778e-07
5395.4, -2.5787e-07
5397.4, -2.5797e-07
5399.4, -2.5807e-07
5401.4, -2.5817e-07
5403.4, -2.5826e-07
5405.4, -2.5835e-07
5407.4, -2.5844e-07
5409.4, -2.5853e-07
5411.4, -2.5862e-07
5413.4, -2.5872e-07
5415.4, -2.5881e-07
5417.4, -2.5891e-07
5419.4, -2.59e-07
5421.4, -2.5909e-07
5423.4, -2.5918e-07
5425.4, -2.5928e-07
5427.4, -2.5937e-07
5429.4, -2.5946e-07
5431.4, -2.5956e-07
5433.4, -2.5965e-07
5435.4, -2.5974e-07
5437.4, -2.5984e-07
5439.4, -2.5994e-07
5441.4, -2.6004e-07
5443.4, -2.6013e-07
5445.4, -2.6022e-07
5447.4, -2.6033e-07
5449.4, -2.6042e-07
5451.4, -2.6052e-07
5453.4, -2.6062e-07
5455.4, -2.6072e-07
5457.5, -2.6081e-07
5459.5, -2.609e-07
5461.5, -2.61e-07
5463.5, -2.611e-07
5465.5, -2.612e-07
5467.5, -2.613e-07
5469.5, -2.6139e-07
5471.5, -2.6149e-07
5473.5, -2.6158e-07
5475.5, -2.6167e-07
5477.5, -2.6176e-07
5479.5, -2.6186e-07
5481.5, -2.6195e-07
5483.5, -2.6205e-07
5485.5, -2.6214e-07
5487.5, -2.6224e-07
5489.5, -2.6234e-07
5491.5, -2.6243e-07
5493.5, -2.6252e-07
5495.5, -2.6262e-07
5497.5, -2.627e-07
5499.5, -2.6279e-07
5501.5, -2.6289e-07
5503.5, -2.6298e-07
5505.5, -2.6308e-07
5507.5, -2.6317e-07
5509.5, -2.6327e-07
5511.5, -2.6336e-07
5513.5, -2.6346e-07
5515.5, -2.6355e-07
5517.5, -2.6364e-07
5519.5, -2.6374e-07
5521.5, -2.6384e-07
5523.5, -2.6393e-07
5525.5, -2.6402e-07
5527.5, -2.6412e-07
5529.5, -2.6422e-07
5531.5, -2.6431e-07
5533.5, -2.644e-07
5535.5, -2.645e-07
5537.5, -2.6459e-07
5539.5, -2.6468e-07
5541.5, -2.6477e-07
5543.5, -2.6486e-07
5545.5, -2.6495e-07
5547.5, -2.6504e-07
5549.5, -2.6513e-07
5551.5, -2.6523e-07
5553.5, -2.6532e-07
5555.5, -2.6542e-07
5557.6, -2.6552e-07
5559.6, -2.6561e-07
5561.6, -2.657e-07
5563.6, -2.658e-07
5565.6, -2.6589e-07
5567.6, -2.6599e-07
5569.6, -2.6608e-07
5571.6, -2.6617e-07
5573.6, -2.6627e-07
5575.6, -2.6637e-07
5577.6, -2.6646e-07
5579.6, -2.6655e-07
5581.6, -2.6664e-07
5583.6, -2.6674e-07
5585.6, -2.6683e-07
5587.6, -2.6692e-07
5589.6, -2.6701e-07
5591.6, -2.6711e-07
5593.6, -2.672e-07
5595.6, -2.673e-07
5597.6, -2.6739e-07
5599.6, -2.6749e-07
5601.6, -2.6759e-07
5603.6, -2.6769e-07
5605.6, -2.6778e-07
5607.6, -2.6787e-07
5609.6, -2.6796e-07
5611.6, -2.6806e-07
5613.6, -2.6815e-07
5615.6, -2.6824e-07
5617.6, -2.6834e-07
5619.6, -2.6843e-07
5621.6, -2.6853e-07
5623.6, -2.6863e-07
5625.6, -2.6872e-07
5627.6, -2.6881e-07
5629.6, -2.689e-07
5631.6, -2.69e-07
5633.6, -2.691e-07
5635.6, -2.6919e-07
5637.6, -2.6928e-07
5639.6, -2.6938e-07
5641.6, -2.6947e-07
5643.6, -2.6956e-07
5645.6, -2.6965e-07
5647.6, -2.6974e-07
5649.6, -2.6984e-07
5651.6, -2.6994e-07
5653.6, -2.7003e-07
5655.6, -2.7013e-07
5657.7, -2.7022e-07
5659.7, -2.7031e-07
5661.7, -2.704e-07
5663.7, -2.7049e-07
5665.7, -2.7059e-07
5667.7, -2.7068e-07
5669.7, -2.7077e-07
5671.7, -2.7087e-07
5673.7, -2.7096e-07
5675.7, -2.7105e-07
5677.7, -2.7114e-07
5679.7, -2.7122e-07
5681.7, -2.7131e-07
5683.7, -2.714e-07
5685.7, -2.7149e-07
5687.7, -2.7158e-07
5689.7, -2.7167e-07
5691.7, -2.7176e-07
5693.7, -2.7185e-07
5695.7, -2.7195e-07
5697.7, -2.7204e-07
5699.7, -2.7212e-07
5701.7, -2.7222e-07
5703.7, -2.7231e-07
5705.7, -2.724e-07
5707.7, -2.7249e-07
5709.7, -2.7258e-07
5711.7, -2.7268e-07
5713.7, -2.7278e-07
5715.7, -2.7287e-07
5717.7, -2.7296e-07
5719.7, -2.7305e-07
5721.7, -2.7313e-07
5723.7, -2.7322e-07
5725.7, -2.7331e-07
5727.7, -2.7339e-07
5729.7, -2.7348e-07
5731.7, -2.7357e-07
5733.7, -2.7367e-07
5735.7, -2.7376e-07
5737.7, -2.7386e-07
5739.7, -2.7395e-07
5741.7, -2.7404e-07
5743.7, -2.7414e-07
5745.7, -2.7423e-07
5747.7, -2.7432e-07
5749.7, -2.7441e-07
5751.7, -2.7449e-07
5753.7, -2.7459e-07
5755.7, -2.7468e-07
5757.8, -2.7477e-07
5759.8, -2.7486e-07
5761.8, -2.7496e-07
5763.8, -2.7506e-07
5765.8, -2.7515e-07
5767.8, -2.7525e-07
5769.8, -2.7534e-07
5771.8, -2.7544e-07
5773.8, -2.7554e-07
5775.8, -2.7563e-07
5777.8, -2.7573e-07
5779.8, -2.7582e-07
5781.8, -2.7591e-07
5783.8, -2.7601e-07
5785.8, -2.761e-07
5787.8, -2.7619e-07
5789.8, -2.7628e-07
5791.8, -2.7637e-07
5793.8, -2.7646e-07
5795.8, -2.7655e-07
5797.8, -2.7664e-07
5799.8, -2.7673e-07
5801.8, -2.7683e-07
5803.8, -2.7692e-07
5805.8, -2.7701e-07
5807.8, -2.771e-07
5809.8, -2.7718e-07
5811.8, -2.7727e-07
5813.8, -2.7736e-07
5815.8, -2.7745e-07
5817.8, -2.7754e-07
5819.8, -2.7763e-07
5821.8, -2.7772e-07
5823.8, -2.7781e-07
5825.8, -2.779e-07
5827.8, -2.78e-07
5829.8, -2.7809e-07
5831.8, -2.7818e-07
5833.8, -2.7827e-07
5835.8, -2.7836e-07
5837.8, -2.7846e-07
5839.8, -2.7855e-07
5841.8, -2.7864e-07
5843.8, -2.7873e-07
5845.8, -2.7882e-07
5847.8, -2.7891e-07
5849.8, -2.7901e-07
5851.8, -2.791e-07
5853.8, -2.7919e-07
5855.8, -2.7928e-07
5857.9, -2.7937e-07
5859.9, -2.7946e-07
5861.9, -2.7955e-07
5863.9, -2.7964e-07
5865.9, -2.7974e-07
5867.9, -2.7983e-07
5869.9, -2.7992e-07
5871.9, -2.8001e-07
5873.9, -2.801e-07
5875.9, -2.8019e-07
5877.9, -2.8028e-07
5879.9, -2.8038e-07
5881.9, -2.8047e-07
5883.9, -2.8056e-07
5885.9, -2.8065e-07
5887.9, -2.8074e-07
5889.9, -2.8083e-07
5891.9, -2.8092e-07
5893.9, -2.8101e-07
5895.9, -2.8111e-07
5897.9, -2.812e-07
5899.9, -2.8129e-07
5901.9, -2.8139e-07
5903.9, -2.8148e-07
5905.9, -2.8158e-07
5907.9, -2.8167e-07
5909.9, -2.8177e-07
5911.9, -2.8187e-07
5913.9, -2.8196e-07
5915.9, -2.8206e-07
5917.9, -2.8215e-07
5919.9, -2.8224e-07
5921.9, -2.8234e-07
5923.9, -2.8243e-07
5925.9, -2.8252e-07
5927.9, -2.8262e-07
5929.9, -2.8272e-07
5931.9, -2.8282e-07
5933.9, -2.8291e-07
5935.9, -2.8301e-07
5937.9, -2.8311e-07
5939.9, -2.832e-07
5941.9, -2.833e-07
5943.9, -2.8339e-07
5945.9, -2.8349e-07
5947.9, -2.8359e-07
5949.9, -2.8369e-07
5951.9, -2.8378e-07
5953.9, -2.8387e-07
5955.9, -2.8396e-07
5958.0, -2.8405e-07
5960.0, -2.8414e-07
5962.0, -2.8423e-07
5964.0, -2.8433e-07
5966.0, -2.8442e-07
5968.0, -2.845e-07
5970.0, -2.8459e-07
5972.0, -2.8467e-07
5974.0, -2.8475e-07
5976.0, -2.8484e-07
5978.0, -2.8493e-07
5980.0, -2.8502e-07
5982.0, -2.8511e-07
5984.0, -2.8521e-07
5986.0, -2.8529e-07
5988.0, -2.8539e-07
5990.0, -2.8548e-07
5992.0, -2.8557e-07
5994.0, -2.8567e-07
5996.0, -2.8577e-07
5998.0, -2.8587e-07
6000.0, -2.8596e-07
6002.0, -2.8606e-07
6004.0, -2.8615e-07
6006.0, -2.8624e-07
6008.0, -2.8634e-07
6010.0, -2.8643e-07
6012.0, -2.8652e-07
6014.0, -2.8661e-07
6016.0, -2.8671e-07
6018.0, -2.868e-07
6020.0, -2.8689e-07
6022.0, -2.8699e-07
6024.0, -2.8708e-07
6026.0, -2.8717e-07
6028.0, -2.8727e-07
6030.0, -2.8736e-07
6032.0, -2.8745e-07
6034.0, -2.8755e-07
6036.0, -2.8763e-07
6038.0, -2.8772e-07
6040.0, -2.8782e-07
6042.0, -2.8791e-07
6044.0, -2.88e-07
6046.0, -2.881e-07
6048.0, -2.8819e-07
6050.0, -2.8829e-07
6052.0, -2.8839e-07
6054.0, -2.8848e-07
6056.0, -2.8858e-07
6058.1, -2.8867e-07
6060.1, -2.8877e-07
6062.1, -2.8886e-07
6064.1, -2.8896e-07
6066.1, -2.8905e-07
6068.1, -2.8914e-07
6070.1, -2.8923e-07
6072.1, -2.8932e-07
6074.1, -2.8942e-07
6076.1, -2.8951e-07
6078.1, -2.896e-07
6080.1, -2.8969e-07
6082.1, -2.8979e-07
6084.1, -2.8987e-07
6086.1, -2.8996e-07
6088.1, -2.9005e-07
6090.1, -2.9014e-07
6092.1, -2.9023e-07
6094.1, -2.9032e-07
6096.1, -2.904e-07
6098.1, -2.905e-07
6100.1, -2.9059e-07
6102.1, -2.9069e-07
6104.1, -2.9078e-07
6106.1, -2.9087e-07
6108.1, -2.9096e-07
6110.1, -2.9106e-07
6112.1, -2.9116e-07
6114.1, -2.9125e-07
6116.1, -2.9135e-07
6118.1, -2.9145e-07
6120.1, -2.9155e-07
6122.1, -2.9164e-07
6124.1, -2.9174e-07
6126.1, -2.9184e-07
6128.1, -2.9193e-07
6130.1, -2.9203e-07
6132.1, -2.9212e-07
6134.1, -2.9222e-07
6136.1, -2.9231e-07
6138.1, -2.924e-07
6140.1, -2.925e-07
6142.1, -2.926e-07
6144.1, -2.927e-07
6146.1, -2.9279e-07
6148.1, -2.9288e-07
6150.1, -2.9297e-07
6152.1, -2.9306e-07
6154.1, -2.9315e-07
6156.1, -2.9325e-07
6158.2, -2.9334e-07
6160.2, -2.9344e-07
6162.2, -2.9353e-07
6164.2, -2.9362e-07
6166.2, -2.9372e-07
6168.2, -2.9382e-07
6170.2, -2.9391e-07
6172.2, -2.94e-07
6174.2, -2.9409e-07
6176.2, -2.9419e-07
6178.2, -2.9428e-07
6180.2, -2.9437e-07
6182.2, -2.9447e-07
6184.2, -2.9456e-07
6186.2, -2.9466e-07
6188.2, -2.9475e-07
6190.2, -2.9484e-07
6192.2, -2.9493e-07
6194.2, -2.9503e-07
6196.2, -2.9512e-07
6198.2, -2.9521e-07
6200.2, -2.9531e-07
6202.2, -2.9541e-07
6204.2, -2.955e-07
6206.2, -2.956e-07
6208.2, -2.957e-07
6210.2, -2.958e-07
6212.2, -2.959e-07
6214.2, -2.9601e-07
6216.2, -2.961e-07
6218.2, -2.9619e-07
6220.2, -2.9629e-07
6222.2, -2.9639e-07
6224.2, -2.9649e-07
6226.2, -2.9659e-07
6228.2, -2.9668e-07
6230.2, -2.9678e-07
6232.2, -2.9688e-07
6234.2, -2.9698e-07
6236.2, -2.9707e-07
6238.2, -2.9717e-07
6240.2, -2.9726e-07
6242.2, -2.9735e-07
6244.2, -2.9744e-07
6246.2, -2.9754e-07
6248.2, -2.9763e-07
6250.2, -2.9772e-07
6252.2, -2.9781e-07
6254.2, -2.979e-07
6256.2, -2.9799e-07
6258.3, -2.9808e-07
6260.3, -2.9817e-07
6262.3, -2.9826e-07
6264.3, -2.9835e-07
6266.3, -2.9844e-07
6268.3, -2.9854e-07
6270.3, -2.9863e-07
6272.3, -2.9872e-07
6274.3, -2.9881e-07
6276.3, -2.989e-07
6278.3, -2.9899e-07
6280.3, -2.9908e-07
6282.3, -2.9917e-07
6284.3, -2.9927e-07
6286.3, -2.9936e-07
6288.3, -2.9945e-07
6290.3, -2.9955e-07
6292.3, -2.9964e-07
6294.3, -2.9973e-07
6296.3, -2.9982e-07
6298.3, -2.9992e-07
6300.3, -3.0001e-07
6302.3, -3.0011e-07
6304.3, -3.002e-07
6306.3, -3.003e-07
6308.3, -3.004e-07
6310.3, -3.0049e-07
6312.3, -3.0059e-07
6314.3, -3.0068e-07
6316.3, -3.0077e-07
6318.3, -3.0087e-07
6320.3, -3.0097e-07
6322.3, -3.0106e-07
6324.3, -3.0116e-07
6326.3, -3.0126e-07
6328.3, -3.0135e-07
6330.3, -3.0144e-07
6332.3, -3.0154e-07
6334.3, -3.0163e-07
6336.3, -3.0173e-07
6338.3, -3.0182e-07
6340.3, -3.0191e-07
6342.3, -3.0201e-07
6344.3, -3.0209e-07
6346.3, -3.0219e-07
6348.3, -3.0228e-07
6350.3, -3.0237e-07
6352.3, -3.0247e-07
6354.3, -3.0256e-07
6356.3, -3.0265e-07
6358.4, -3.0273e-07
6360.4, -3.0283e-07
6362.4, -3.0292e-07
6364.4, -3.0302e-07
6366.4, -3.0312e-07
6368.4, -3.0322e-07
6370.4, -3.0331e-07
6372.4, -3.0341e-07
6374.4, -3.035e-07
6376.4, -3.036e-07
6378.4, -3.0369e-07
6380.4, -3.0378e-07
6382.4, -3.0388e-07
6384.4, -3.0397e-07
6386.4, -3.0407e-07
6388.4, -3.0416e-07
6390.4, -3.0426e-07
6392.4, -3.0435e-07
6394.4, -3.0444e-07
6396.4, -3.0454e-07
6398.4, -3.0463e-07
6400.4, -3.0473e-07
6402.4, -3.0482e-07
6404.4, -3.0491e-07
6406.4, -3.0501e-07
6408.4, -3.051e-07
6410.4, -3.052e-07
6412.4, -3.053e-07
6414.4, -3.054e-07
6416.4, -3.0549e-07
6418.4, -3.0558e-07
6420.4, -3.0568e-07
6422.4, -3.0578e-07
6424.4, -3.0588e-07
6426.4, -3.0598e-07
6428.4, -3.0608e-07
6430.4, -3.0617e-07
6432.4, -3.0627e-07
6434.4, -3.0637e-07
6436.4, -3.0647e-07
6438.4, -3.0656e-07
6440.4, -3.0666e-07
6442.4, -3.0676e-07
6444.4, -3.0686e-07
6446.4, -3.0695e-07
6448.4, -3.0705e-07
6450.4, -3.0715e-07
6452.4, -3.0724e-07
6454.4, -3.0734e-07
6456.4, -3.0743e-07
6458.5, -3.0753e-07
6460.5, -3.0762e-07
6462.5, -3.0772e-07
6464.5, -3.0782e-07
6466.5, -3.0792e-07
6468.5, -3.0802e-07
6470.5, -3.0812e-07
6472.5, -3.0822e-07
6474.5, -3.0832e-07
6476.5, -3.0841e-07
6478.5, -3.0851e-07
6480.5, -3.0861e-07
6482.5, -3.0871e-07
6484.5, -3.0881e-07
6486.5, -3.089e-07
6488.5, -3.0899e-07
6490.5, -3.0909e-07
6492.5, -3.0918e-07
6494.5, -3.0928e-07
6496.5, -3.0938e-07
6498.5, -3.0947e-07
6500.5, -3.0957e-07
6502.5, -3.0966e-07
6504.5, -3.0976e-07
6506.5, -3.0985e-07
6508.5, -3.0994e-07
6510.5, -3.1004e-07
6512.5, -3.1013e-07
6514.5, -3.1022e-07
6516.5, -3.1032e-07
6518.5, -3.1042e-07
6520.5, -3.1051e-07
6522.5, -3.1061e-07
6524.5, -3.107e-07
6526.5, -3.108e-07
6528.5, -3.1089e-07
6530.5, -3.1098e-07
6532.5, -3.1108e-07
6534.5, -3.1118e-07
6536.5, -3.1128e-07
6538.5, -3.1137e-07
6540.5, -3.1147e-07
6542.5, -3.1156e-07
6544.5, -3.1166e-07
6546.5, -3.1176e-07
6548.5, -3.1185e-07
6550.5, -3.1195e-07
6552.5, -3.1204e-07
6554.5, -3.1214e-07
6556.5, -3.1223e-07
6558.6, -3.1233e-07
6560.6, -3.1243e-07
6562.6, -3.1252e-07
6564.6, -3.1262e-07
6566.6, -3.1271e-07
6568.6, -3.1281e-07
6570.6, -3.1292e-07
6572.6, -3.1302e-07
6574.6, -3.1312e-07
6576.6, -3.1322e-07
6578.6, -3.1332e-07
6580.6, -3.1342e-07
6582.6, -3.1351e-07
6584.6, -3.1361e-07
6586.6, -3.1371e-07
6588.6, -3.138e-07
6590.6, -3.139e-07
6592.6, -3.14e-07
6594.6, -3.141e-07
6596.6, -3.142e-07
6598.6, -3.143e-07
6600.6, -3.144e-07
6602.6, -3.145e-07
6604.6, -3.146e-07
6606.6, -3.147e-07
6608.6, -3.148e-07
6610.6, -3.149e-07
6612.6, -3.15e-07
6614.6, -3.151e-07
6616.6, -3.152e-07
6618.6, -3.153e-07
6620.6, -3.154e-07
6622.6, -3.155e-07
6624.6, -3.1559e-07
6626.6, -3.1569e-07
6628.6, -3.1578e-07
6630.6, -3.1588e-07
6632.6, -3.1597e-07
6634.6, -3.1607e-07
6636.6, -3.1617e-07
6638.6, -3.1626e-07
6640.6, -3.1635e-07
6642.6, -3.1644e-07
6644.6, -3.1654e-07
6646.6, -3.1663e-07
6648.6, -3.1672e-07
6650.6, -3.1682e-07
6652.6, -3.1691e-07
6654.6, -3.1701e-07
6656.6, -3.171e-07
6658.7, -3.172e-07
6660.7, -3.173e-07
6662.7, -3.1739e-07
6664.7, -3.1748e-07
6666.7, -3.1757e-07
6668.7, -3.1767e-07
6670.7, -3.1776e-07
6672.7, -3.1785e-07
6674.7, -3.1795e-07
6676.7, -3.1804e-07
6678.7, -3.1814e-07
6680.7, -3.1823e-07
6682.7, -3.1832e-07
6684.7, -3.1842e-07
6686.7, -3.1851e-07
6688.7, -3.1861e-07
6690.7, -3.187e-07
6692.7, -3.188e-07
6694.7, -3.189e-07
6696.7, -3.19e-07
6698.7, -3.191e-07
6700.7, -3.1919e-07
6702.7, -3.1929e-07
6704.7, -3.1939e-07
6706.7, -3.1948e-07
6708.7, -3.1958e-07
6710.7, -3.1968e-07
6712.7, -3.1978e-07
6714.7, -3.1988e-07
6716.7, -3.1998e-07
6718.7, -3.2007e-07
6720.7, -3.2016e-07
6722.7, -3.2026e-07
6724.7, -3.2035e-07
6726.7, -3.2044e-07
6728.7, -3.2054e-07
6730.7, -3.2063e-07
6732.7, -3.2073e-07
6734.7, -3.2083e-07
6736.7, -3.2092e-07
6738.7, -3.2101e-07
6740.7, -3.2111e-07
6742.7, -3.2121e-07
6744.7, -3.213e-07
6746.7, -3.214e-07
6748.7, -3.2149e-07
6750.7, -3.2159e-07
6752.7, -3.2169e-07
6754.7, -3.2178e-07
6756.7, -3.2189e-07
6758.8, -3.2199e-07
6760.8, -3.2209e-07
6762.8, -3.2219e-07
6764.8, -3.2229e-07
6766.8, -3.2239e-07
6768.8, -3.2248e-07
6770.8, -3.2257e-07
6772.8, -3.2268e-07
6774.8, -3.2278e-07
6776.8, -3.2289e-07
6778.8, -3.2299e-07
6780.8, -3.2308e-07
6782.8, -3.2318e-07
6784.8, -3.2329e-07
6786.8, -3.2338e-07
6788.8, -3.2348e-07
6790.8, -3.2357e-07
6792.8, -3.2367e-07
6794.8, -3.2377e-07
6796.8, -3.2387e-07
6798.8, -3.2397e-07
6800.8, -3.2406e-07
6802.8, -3.2416e-07
6804.8, -3.2426e-07
6806.8, -3.2435e-07
6808.8, -3.2445e-07
6810.8, -3.2455e-07
6812.8, -3.2465e-07
6814.8, -3.2475e-07
6816.8, -3.2484e-07
6818.8, -3.2494e-07
6820.8, -3.2503e-07
6822.8, -3.2513e-07
6824.8, -3.2523e-07
6826.8, -3.2532e-07
6828.8, -3.2542e-07
6830.8, -3.2552e-07
6832.8, -3.2562e-07
6834.8, -3.2572e-07
6836.8, -3.2582e-07
6838.8, -3.2592e-07
6840.8, -3.2601e-07
6842.8, -3.2611e-07
6844.8, -3.2622e-07
6846.8, -3.2632e-07
6848.8, -3.2642e-07
6850.8, -3.2651e-07
6852.8, -3.266e-07
6854.8, -3.267e-07
6856.8, -3.268e-07
6858.9, -3.2689e-07
6860.9, -3.2698e-07
6862.9, -3.2708e-07
6864.9, -3.2717e-07
6866.9, -3.2727e-07
6868.9, -3.2736e-07
6870.9, -3.2745e-07
6872.9, -3.2754e-07
6874.9, -3.2764e-07
6876.9, -3.2774e-07
6878.9, -3.2783e-07
6880.9, -3.2793e-07
6882.9, -3.2803e-07
6884.9, -3.2812e-07
6886.9, -3.2821e-07
6888.9, -3.283e-07
6890.9, -3.284e-07
6892.9, -3.2849e-07
6894.9, -3.2859e-07
6896.9, -3.2869e-07
6898.9, -3.2878e-07
6900.9, -3.2887e-07
6902.9, -3.2896e-07
6904.9, -3.2905e-07
6906.9, -3.2914e-07
6908.9, -3.2924e-07
6910.9, -3.2934e-07
6912.9, -3.2944e-07
6914.9, -3.2954e-07
6916.9, -3.2963e-07
6918.9, -3.2973e-07
6920.9, -3.2982e-07
6922.9, -3.2991e-07
6924.9, -3.3001e-07
6926.9, -3.3011e-07
6928.9, -3.302e-07
6930.9, -3.3029e-07
6932.9, -3.3038e-07
6934.9, -3.3047e-07
6936.9, -3.3057e-07
6938.9, -3.3066e-07
6940.9, -3.3075e-07
6942.9, -3.3085e-07
6944.9, -3.3095e-07
6946.9, -3.3104e-07
6948.9, -3.3113e-07
6950.9, -3.3123e-07
6952.9, -3.3133e-07
6954.9, -3.3142e-07
6956.9, -3.3152e-07
6959.0, -3.3162e-07
6961.0, -3.3171e-07
6963.0, -3.318e-07
6965.0, -3.319e-07
6967.0, -3.3198e-07
6969.0, -3.3208e-07
6971.0, -3.3218e-07
6973.0, -3.3227e-07
6975.0, -3.3236e-07
6977.0, -3.3245e-07
6979.0, -3.3254e-07
6981.0, -3.3263e-07
6983.0, -3.3272e-07
6985.0, -3.3281e-07
6987.0, -3.329e-07
6989.0, -3.3299e-07
6991.0, -3.3308e-07
6993.0, -3.3318e-07
6995.0, -3.3328e-07
6997.0, -3.3338e-07
6999.0, -3.3347e-07
7001.0, -3.3357e-07
7003.0, -3.3367e-07
7005.0, -3.3376e-07
7007.0, -3.3386e-07
7009.0, -3.3395e-07
7011.0, -3.3405e-07
7013.0, -3.3414e-07
7015.0, -3.3424e-07
7017.0, -3.3433e-07
7019.0, -3.3443e-07
7021.0, -3.3453e-07
7023.0, -3.3463e-07
7025.0, -3.3473e-07
7027.0, -3.3482e-07
7029.0, -3.3492e-07
7031.0, -3.3501e-07
7033.0, -3.351e-07
7035.0, -3.352e-07
7037.0, -3.3528e-07
7039.0, -3.3537e-07
7041.0, -3.3546e-07
7043.0, -3.3555e-07
7045.0, -3.3564e-07
7047.0, -3.3573e-07
7049.0, -3.3582e-07
7051.0, -3.3591e-07
7053.0, -3.36e-07
7055.0, -3.3609e-07
7057.0, -3.3618e-07
7059.1, -3.3627e-07
7061.1, -3.3637e-07
7063.1, -3.3647e-07
7065.1, -3.3657e-07
7067.1, -3.3667e-07
7069.1, -3.3676e-07
7071.1, -3.3685e-07
7073.1, -3.3694e-07
7075.1, -3.3703e-07
7077.1, -3.3712e-07
7079.1, -3.3721e-07
7081.1, -3.373e-07
7083.1, -3.3739e-07
7085.1, -3.3748e-07
7087.1, -3.3756e-07
7089.1, -3.3765e-07
7091.1, -3.3773e-07
7093.1, -3.3782e-07
7095.1, -3.379e-07
7097.1, -3.3799e-07
7099.1, -3.3807e-07
7101.1, -3.3816e-07
7103.1, -3.3825e-07
7105.1, -3.3833e-07
7107.1, -3.3842e-07
7109.1, -3.385e-07
7111.1, -3.3859e-07
7113.1, -3.3868e-07
7115.1, -3.3877e-07
7117.1, -3.3886e-07
7119.1, -3.3895e-07
7121.1, -3.3905e-07
7123.1, -3.3914e-07
7125.1, -3.3923e-07
7127.1, -3.3933e-07
7129.1, -3.3942e-07
7131.1, -3.3951e-07
7133.1, -3.3961e-07
7135.1, -3.397e-07
7137.1, -3.3978e-07
7139.1, -3.3987e-07
7141.1, -3.3996e-07
7143.1, -3.4005e-07
7145.1, -3.4014e-07
7147.1, -3.4022e-07
7149.1, -3.4031e-07
7151.1, -3.4039e-07
7153.1, -3.4048e-07
7155.1, -3.4056e-07
7157.1, -3.4065e-07
7159.2, -3.4073e-07
7161.2, -3.4083e-07
7163.2, -3.4092e-07
7165.2, -3.4101e-07
7167.2, -3.411e-07
7169.2, -3.4119e-07
7171.2, -3.4129e-07
7173.2, -3.4138e-07
7175.2, -3.4147e-07
7177.2, -3.4157e-07
7179.2, -3.4166e-07
7181.2, -3.4176e-07
7183.2, -3.4185e-07
7185.2, -3.4195e-07
7187.2, -3.4205e-07
7189.2, -3.4215e-07
7191.2, -3.4223e-07
7193.2, -3.4232e-07
7195.2, -3.4241e-07
7197.2, -3.425e-07
7199.2, -3.4259e-07
7201.2, -3.4268e-07
7203.2, -3.4278e-07
7205.2, -3.4288e-07
7207.2, -3.4298e-07
7209.2, -3.4307e-07
7211.2, -3.4316e-07
7213.2, -3.4326e-07
7215.2, -3.4335e-07
7217.2, -3.4345e-07
7219.2, -3.4354e-07
7221.2, -3.4363e-07
7223.2, -3.4372e-07
7225.2, -3.4382e-07
7227.2, -3.4391e-07
7229.2, -3.44e-07
7231.2, -3.4409e-07
7233.2, -3.4418e-07
7235.2, -3.4427e-07
7237.2, -3.4436e-07
7239.2, -3.4445e-07
7241.2, -3.4454e-07
7243.2, -3.4463e-07
7245.2, -3.4472e-07
7247.2, -3.4481e-07
7249.2, -3.4489e-07
7251.2, -3.4498e-07
7253.2, -3.4507e-07
7255.2, -3.4516e-07
7257.2, -3.4525e-07
7259.3, -3.4534e-07
7261.3, -3.4543e-07
7263.3, -3.4552e-07
7265.3, -3.456e-07
7267.3, -3.4569e-07
7269.3, -3.4578e-07
7271.3, -3.4587e-07
7273.3, -3.4595e-07
7275.3, -3.4604e-07
7277.3, -3.4613e-07
7279.3, -3.4621e-07
7281.3, -3.463e-07
7283.3, -3.4639e-07
7285.3, -3.4648e-07
7287.3, -3.4657e-07
7289.3, -3.4665e-07
7291.3, -3.4674e-07
7293.3, -3.4683e-07
7295.3, -3.4692e-07
7297.3, -3.4701e-07
7299.3, -3.471e-07
7301.3, -3.4719e-07
7303.3, -3.4729e-07
7305.3, -3.4737e-07
7307.3, -3.4747e-07
7309.3, -3.4755e-07
7311.3, -3.4764e-07
7313.3, -3.4773e-07
7315.3, -3.4782e-07
7317.3, -3.4791e-07
7319.3, -3.48e-07
7321.3, -3.4808e-07
7323.3, -3.4817e-07
7325.3, -3.4826e-07
7327.3, -3.4835e-07
7329.3, -3.4843e-07
7331.3, -3.4852e-07
7333.3, -3.4861e-07
7335.3, -3.487e-07
7337.3, -3.4879e-07
7339.3, -3.4888e-07
7341.3, -3.4897e-07
7343.3, -3.4906e-07
7345.3, -3.4916e-07
7347.3, -3.4925e-07
7349.3, -3.4935e-07
7351.3, -3.4945e-07
7353.3, -3.4955e-07
7355.3, -3.4964e-07
7357.3, -3.4973e-07
7359.4, -3.4983e-07
7361.4, -3.4993e-07
7363.4, -3.5002e-07
7365.4, -3.5011e-07
7367.4, -3.5021e-07
7369.4, -3.5029e-07
7371.4, -3.5038e-07
7373.4, -3.5047e-07
7375.4, -3.5056e-07
7377.4, -3.5065e-07
7379.4, -3.5074e-07
7381.4, -3.5083e-07
7383.4, -3.5091e-07
7385.4, -3.51e-07
7387.4, -3.5108e-07
7389.4, -3.5117e-07
7391.4, -3.5126e-07
7393.4, -3.5134e-07
7395.4, -3.5143e-07
7397.4, -3.5152e-07
7399.4, -3.5161e-07
7401.4, -3.517e-07
7403.4, -3.5179e-07
7405.4, -3.5187e-07
7407.4, -3.5196e-07
7409.4, -3.5205e-07
7411.4, -3.5214e-07
7413.4, -3.5223e-07
7415.4, -3.5231e-07
7417.4, -3.524e-07
7419.4, -3.5249e-07
7421.4, -3.5258e-07
7423.4, -3.5267e-07
7425.4, -3.5276e-07
7427.4, -3.5284e-07
7429.4, -3.5294e-07
7431.4, -3.5302e-07
7433.4, -3.5311e-07
7435.4, -3.532e-07
7437.4, -3.5329e-07
7439.4, -3.5337e-07
7441.4, -3.5346e-07
7443.4, -3.5354e-07
7445.4, -3.5362e-07
7447.4, -3.537e-07
7449.4, -3.5378e-07
7451.4, -3.5386e-07
7453.4, -3.5394e-07
7455.4, -3.5403e-07
7457.4, -3.5411e-07
7459.5, -3.5419e-07
7461.5, -3.5427e-07
7463.5, -3.5436e-07
7465.5, -3.5444e-07
7467.5, -3.5453e-07
7469.5, -3.5461e-07
7471.5, -3.5469e-07
7473.5, -3.5478e-07
7475.5, -3.5486e-07
7477.5, -3.5495e-07
7479.5, -3.5503e-07
7481.5, -3.5512e-07
7483.5, -3.552e-07
7485.5, -3.5528e-07
7487.5, -3.5536e-07
7489.5, -3.5545e-07
7491.5, -3.5553e-07
7493.5, -3.5562e-07
7495.5, -3.5571e-07
7497.5, -3.558e-07
7499.5, -3.5588e-07
7501.5, -3.5596e-07
7503.5, -3.5605e-07
7505.5, -3.5614e-07
7507.5, -3.5623e-07
7509.5, -3.5632e-07
7511.5, -3.5642e-07
7513.5, -3.5651e-07
7515.5, -3.5661e-07
7517.5, -3.567e-07
7519.5, -3.568e-07
7521.5, -3.569e-07
7523.5, -3.57e-07
7525.5, -3.5709e-07
7527.5, -3.5719e-07
7529.5, -3.5728e-07
7531.5, -3.5737e-07
7533.5, -3.5746e-07
7535.5, -3.5756e-07
7537.5, -3.5766e-07
7539.5, -3.5775e-07
7541.5, -3.5784e-07
7543.5, -3.5793e-07
7545.5, -3.5803e-07
7547.5, -3.5812e-07
7549.5, -3.5821e-07
7551.5, -3.5831e-07
7553.5, -3.584e-07
7555.5, -3.585e-07
7557.5, -3.5859e-07
7559.6, -3.5868e-07
7561.6, -3.5878e-07
7563.6, -3.5887e-07
7565.6, -3.5896e-07
7567.6, -3.5905e-07
7569.6, -3.5914e-07
7571.6, -3.5923e-07
7573.6, -3.5933e-07
7575.6, -3.5941e-07
7577.6, -3.595e-07
7579.6, -3.5959e-07
7581.6, -3.5968e-07
7583.6, -3.5977e-07
7585.6, -3.5986e-07
7587.6, -3.5995e-07
7589.6, -3.6004e-07
7591.6, -3.6013e-07
7593.6, -3.6022e-07
7595.6, -3.6031e-07
7597.6, -3.604e-07
7599.6, -3.6049e-07
7601.6, -3.6058e-07
7603.6, -3.6067e-07
7605.6, -3.6076e-07
7607.6, -3.6086e-07
7609.6, -3.6095e-07
7611.6, -3.6104e-07
7613.6, -3.6112e-07
7615.6, -3.6121e-07
7617.6, -3.6131e-07
7619.6, -3.614e-07
7621.6, -3.615e-07
7623.6, -3.6159e-07
7625.6, -3.6169e-07
7627.6, -3.6178e-07
7629.6, -3.6187e-07
7631.6, -3.6197e-07
7633.6, -3.6207e-07
7635.6, -3.6216e-07
7637.6, -3.6225e-07
7639.6, -3.6234e-07
7641.6, -3.6243e-07
7643.6, -3.6251e-07
7645.6, -3.6261e-07
7647.6, -3.627e-07
7649.6, -3.6279e-07
7651.6, -3.6289e-07
7653.6, -3.6298e-07
7655.6, -3.6307e-07
7657.6, -3.6317e-07
7659.7, -3.6325e-07
7661.7, -3.6334e-07
7663.7, -3.6343e-07
7665.7, -3.6352e-07
7667.7, -3.636e-07
7669.7, -3.6369e-07
7671.7, -3.6378e-07
7673.7, -3.6387e-07
7675.7, -3.6396e-07
7677.7, -3.6404e-07
7679.7, -3.6413e-07
7681.7, -3.6421e-07
7683.7, -3.6431e-07
7685.7, -3.6439e-07
7687.7, -3.6447e-07
7689.7, -3.6456e-07
7691.7, -3.6464e-07
7693.7, -3.6473e-07
7695.7, -3.6482e-07
7697.7, -3.6491e-07
7699.7, -3.65e-07
7701.7, -3.651e-07
7703.7, -3.6519e-07
7705.7, -3.6528e-07
7707.7, -3.6537e-07
7709.7, -3.6546e-07
7711.7, -3.6556e-07
7713.7, -3.6565e-07
7715.7, -3.6575e-07
7717.7, -3.6585e-07
7719.7, -3.6595e-07
7721.7, -3.6605e-07
7723.7, -3.6614e-07
7725.7, -3.6623e-07
7727.7, -3.6632e-07
7729.7, -3.6642e-07
7731.7, -3.6651e-07
7733.7, -3.6661e-07
7735.7, -3.6669e-07
7737.7, -3.6679e-07
7739.7, -3.6688e-07
7741.7, -3.6698e-07
7743.7, -3.6708e-07
7745.7, -3.6717e-07
7747.7, -3.6727e-07
7749.7, -3.6736e-07
7751.7, -3.6745e-07
7753.7, -3.6755e-07
7755.7, -3.6764e-07
7757.7, -3.6774e-07
7759.8, -3.6782e-07
7761.8, -3.6792e-07
7763.8, -3.6802e-07
7765.8, -3.6811e-07
7767.8, -3.682e-07
7769.8, -3.683e-07
7771.8, -3.6839e-07
7773.8, -3.6848e-07
7775.8, -3.6857e-07
7777.8, -3.6866e-07
7779.8, -3.6875e-07
7781.8, -3.6884e-07
7783.8, -3.6893e-07
7785.8, -3.6902e-07
7787.8, -3.6911e-07
7789.8, -3.692e-07
7791.8, -3.6929e-07
7793.8, -3.6938e-07
7795.8, -3.6947e-07
7797.8, -3.6957e-07
7799.8, -3.6966e-07
7801.8, -3.6976e-07
7803.8, -3.6985e-07
7805.8, -3.6994e-07
7807.8, -3.7003e-07
7809.8, -3.7012e-07
7811.8, -3.7022e-07
7813.8, -3.7031e-07
7815.8, -3.704e-07
7817.8, -3.7049e-07
7819.8, -3.7058e-07
7821.8, -3.7066e-07
7823.8, -3.7075e-07
7825.8, -3.7084e-07
7827.8, -3.7093e-07
7829.8, -3.7102e-07
7831.8, -3.7111e-07
7833.8, -3.712e-07
7835.8, -3.7128e-07
7837.8, -3.7137e-07
7839.8, -3.7146e-07
7841.8, -3.7155e-07
7843.8, -3.7164e-07
7845.8, -3.7173e-07
7847.8, -3.7183e-07
7849.8, -3.7191e-07
7851.8, -3.72e-07
7853.8, -3.7209e-07
7855.8, -3.7218e-07
7857.8, -3.7227e-07
7859.9, -3.7236e-07
7861.9, -3.7245e-07
7863.9, -3.7255e-07
7865.9, -3.7264e-07
7867.9, -3.7273e-07
7869.9, -3.7282e-07
7871.9, -3.7291e-07
7873.9, -3.7301e-07
7875.9, -3.731e-07
7877.9, -3.7319e-07
7879.9, -3.7328e-07
7881.9, -3.7338e-07
7883.9, -3.7347e-07
7885.9, -3.7356e-07
7887.9, -3.7365e-07
7889.9, -3.7374e-07
7891.9, -3.7383e-07
7893.9, -3.7392e-07
7895.9, -3.7402e-07
7897.9, -3.7411e-07
7899.9, -3.7421e-07
7901.9, -3.7429e-07
7903.9, -3.7438e-07
7905.9, -3.7447e-07
7907.9, -3.7455e-07
7909.9, -3.7464e-07
7911.9, -3.7473e-07
7913.9, -3.7481e-07
7915.9, -3.749e-07
7917.9, -3.7499e-07
7919.9, -3.7508e-07
7921.9, -3.7517e-07
7923.9, -3.7526e-07
7925.9, -3.7535e-07
7927.9, -3.7545e-07
7929.9, -3.7553e-07
7931.9, -3.7562e-07
7933.9, -3.7571e-07
7935.9, -3.7581e-07
7937.9, -3.759e-07
7939.9, -3.76e-07
7941.9, -3.7609e-07
7943.9, -3.7619e-07
7945.9, -3.7627e-07
7947.9, -3.7637e-07
7949.9, -3.7645e-07
7951.9, -3.7654e-07
7953.9, -3.7663e-07
7955.9, -3.7672e-07
7957.9, -3.7681e-07
7960.0, -3.7691e-07
7962.0, -3.77e-07
7964.0, -3.7709e-07
7966.0, -3.7718e-07
7968.0, -3.7727e-07
7970.0, -3.7735e-07
7972.0, -3.7743e-07
7974.0, -3.7752e-07
7976.0, -3.7761e-07
7978.0, -3.777e-07
7980.0, -3.7778e-07
7982.0, -3.7787e-07
7984.0, -3.7795e-07
7986.0, -3.7804e-07
7988.0, -3.7813e-07
7990.0, -3.7821e-07
7992.0, -3.783e-07
7994.0, -3.7839e-07
7996.0, -3.7848e-07
7998.0, -3.7856e-07
8000.0, -3.7866e-07
8002.0, -3.7875e-07
8004.0, -3.7884e-07
8006.0, -3.7892e-07
8008.0, -3.7901e-07
8010.0, -3.791e-07
8012.0, -3.7918e-07
8014.0, -3.7926e-07
8016.0, -3.7935e-07
8018.0, -3.7944e-07
8020.0, -3.7952e-07
8022.0, -3.7961e-07
8024.0, -3.797e-07
8026.0, -3.7979e-07
8028.0, -3.7988e-07
8030.0, -3.7997e-07
8032.0, -3.8007e-07
8034.0, -3.8016e-07
8036.0, -3.8024e-07
8038.0, -3.8033e-07
8040.0, -3.8042e-07
8042.0, -3.805e-07
8044.0, -3.8059e-07
8046.0, -3.8067e-07
8048.0, -3.8076e-07
8050.0, -3.8085e-07
8052.0, -3.8093e-07
8054.0, -3.8101e-07
8056.0, -3.811e-07
8058.0, -3.8119e-07
8060.1, -3.8128e-07
8062.1, -3.8136e-07
8064.1, -3.8145e-07
8066.1, -3.8153e-07
8068.1, -3.8162e-07
8070.1, -3.817e-07
8072.1, -3.8179e-07
8074.1, -3.8188e-07
8076.1, -3.8197e-07
8078.1, -3.8206e-07
8080.1, -3.8214e-07
8082.1, -3.8222e-07
8084.1, -3.8231e-07
8086.1, -3.8239e-07
8088.1, -3.8248e-07
8090.1, -3.8256e-07
8092.1, -3.8265e-07
8094.1, -3.8274e-07
8096.1, -3.8282e-07
8098.1, -3.8291e-07
8100.1, -3.8299e-07
8102.1, -3.8308e-07
8104.1, -3.8317e-07
8106.1, -3.8326e-07
8108.1, -3.8335e-07
8110.1, -3.8343e-07
8112.1, -3.8351e-07
8114.1, -3.8359e-07
8116.1, -3.8368e-07
8118.1, -3.8376e-07
8120.1, -3.8385e-07
8122.1, -3.8393e-07
8124.1, -3.8402e-07
8126.1, -3.841e-07
8128.1, -3.8419e-07
8130.1, -3.8428e-07
8132.1, -3.8437e-07
8134.1, -3.8446e-07
8136.1, -3.8455e-07
8138.1, -3.8464e-07
8140.1, -3.8472e-07
8142.1, -3.848e-07
8144.1, -3.8488e-07
8146.1, -3.8496e-07
8148.1, -3.8505e-07
8150.1, -3.8513e-07
8152.1, -3.8522e-07
8154.1, -3.853e-07
8156.1, -3.8539e-07
8158.1, -3.8548e-07
8160.2, -3.8556e-07
8162.2, -3.8564e-07
8164.2, -3.8573e-07
8166.2, -3.8582e-07
8168.2, -3.8591e-07
8170.2, -3.8601e-07
8172.2, -3.861e-07
8174.2, -3.862e-07
8176.2, -3.8629e-07
8178.2, -3.8638e-07
8180.2, -3.8646e-07
8182.2, -3.8655e-07
8184.2, -3.8663e-07
8186.2, -3.8672e-07
8188.2, -3.8681e-07
8190.2, -3.8691e-07
8192.2, -3.87e-07
8194.2, -3.8709e-07
8196.2, -3.8718e-07
8198.2, -3.8726e-07
8200.2, -3.8735e-07
8202.2, -3.8744e-07
8204.2, -3.8752e-07
8206.2, -3.8761e-07
8208.2, -3.877e-07
8210.2, -3.878e-07
8212.2, -3.8788e-07
8214.2, -3.8797e-07
8216.2, -3.8806e-07
8218.2, -3.8815e-07
8220.2, -3.8823e-07
8222.2, -3.8832e-07
8224.2, -3.884e-07
8226.2, -3.8849e-07
8228.2, -3.8857e-07
8230.2, -3.8866e-07
8232.2, -3.8874e-07
8234.2, -3.8882e-07
8236.2, -3.8891e-07
8238.2, -3.8899e-07
8240.2, -3.8908e-07
8242.2, -3.8917e-07
8244.2, -3.8926e-07
8246.2, -3.8935e-07
8248.2, -3.8944e-07
8250.2, -3.8954e-07
8252.2, -3.8963e-07
8254.2, -3.8973e-07
8256.2, -3.8982e-07
8258.2, -3.8992e-07
8260.3, -3.9002e-07
8262.3, -3.9011e-07
8264.3, -3.9021e-07
8266.3, -3.9031e-07
8268.3, -3.904e-07
8270.3, -3.9049e-07
8272.3, -3.9058e-07
8274.3, -3.9068e-07
8276.3, -3.9077e-07
8278.3, -3.9086e-07
8280.3, -3.9095e-07
8282.3, -3.9104e-07
8284.3, -3.9112e-07
8286.3, -3.9121e-07
8288.3, -3.913e-07
8290.3, -3.9139e-07
8292.3, -3.9148e-07
8294.3, -3.9156e-07
8296.3, -3.9165e-07
8298.3, -3.9173e-07
8300.3, -3.9181e-07
8302.3, -3.919e-07
8304.3, -3.9199e-07
8306.3, -3.9207e-07
8308.3, -3.9216e-07
8310.3, -3.9225e-07
8312.3, -3.9234e-07
8314.3, -3.9242e-07
8316.3, -3.9251e-07
8318.3, -3.9259e-07
8320.3, -3.9268e-07
8322.3, -3.9276e-07
8324.3, -3.9285e-07
8326.3, -3.9294e-07
8328.3, -3.9302e-07
8330.3, -3.9311e-07
8332.3, -3.932e-07
8334.3, -3.9328e-07
8336.3, -3.9336e-07
8338.3, -3.9345e-07
8340.3, -3.9354e-07
8342.3, -3.9363e-07
8344.3, -3.9372e-07
8346.3, -3.9381e-07
8348.3, -3.939e-07
8350.3, -3.9399e-07
8352.3, -3.9408e-07
8354.3, -3.9417e-07
8356.3, -3.9426e-07
8358.3, -3.9435e-07
8360.4, -3.9443e-07
8362.4, -3.9452e-07
8364.4, -3.9461e-07
8366.4, -3.9469e-07
8368.4, -3.9478e-07
8370.4, -3.9487e-07
8372.4, -3.9496e-07
8374.4, -3.9505e-07
8376.4, -3.9513e-07
8378.4, -3.9522e-07
8380.4, -3.9531e-07
8382.4, -3.954e-07
8384.4, -3.9549e-07
8386.4, -3.9558e-07
8388.4, -3.9567e-07
8390.4, -3.9577e-07
8392.4, -3.9586e-07
8394.4, -3.9596e-07
8396.4, -3.9605e-07
8398.4, -3.9615e-07
8400.4, -3.9624e-07
8402.4, -3.9634e-07
8404.4, -3.9643e-07
8406.4, -3.9653e-07
8408.4, -3.9662e-07
8410.4, -3.9672e-07
8412.4, -3.9682e-07
8414.4, -3.9692e-07
8416.4, -3.9701e-07
8418.4, -3.971e-07
8420.4, -3.972e-07
8422.4, -3.9729e-07
8424.4, -3.9739e-07
8426.4, -3.9748e-07
8428.4, -3.9758e-07
8430.4, -3.9767e-07
8432.4, -3.9776e-07
8434.4, -3.9786e-07
8436.4, -3.9796e-07
8438.4, -3.9805e-07
8440.4, -3.9815e-07
8442.4, -3.9825e-07
8444.4, -3.9835e-07
8446.4, -3.9845e-07
8448.4, -3.9855e-07
8450.4, -3.9865e-07
8452.4, -3.9875e-07
8454.4, -3.9884e-07
8456.4, -3.9894e-07
8458.4, -3.9903e-07
8460.5, -3.9912e-07
8462.5, -3.9922e-07
8464.5, -3.9932e-07
8466.5, -3.9941e-07
8468.5, -3.995e-07
8470.5, -3.996e-07
8472.5, -3.9969e-07
8474.5, -3.9979e-07
8476.5, -3.9988e-07
8478.5, -3.9998e-07
8480.5, -4.0008e-07
8482.5, -4.0018e-07
8484.5, -4.0028e-07
8486.5, -4.0037e-07
8488.5, -4.0046e-07
8490.5, -4.0056e-07
8492.5, -4.0066e-07
8494.5, -4.0076e-07
8496.5, -4.0086e-07
8498.5, -4.0095e-07
8500.5, -4.0105e-07
8502.5, -4.0114e-07
8504.5, -4.0124e-07
8506.5, -4.0133e-07
8508.5, -4.0143e-07
8510.5, -4.0152e-07
8512.5, -4.0162e-07
8514.5, -4.0172e-07
8516.5, -4.0181e-07
8518.5, -4.019e-07
8520.5, -4.0199e-07
8522.5, -4.0208e-07
8524.5, -4.0218e-07
8526.5, -4.0227e-07
8528.5, -4.0235e-07
8530.5, -4.0244e-07
8532.5, -4.0254e-07
8534.5, -4.0264e-07
8536.5, -4.0274e-07
8538.5, -4.0283e-07
8540.5, -4.0293e-07
8542.5, -4.0303e-07
8544.5, -4.0312e-07
8546.5, -4.0322e-07
8548.5, -4.0332e-07
8550.5, -4.0342e-07
8552.5, -4.0352e-07
8554.5, -4.0361e-07
8556.5, -4.0372e-07
8558.5, -4.0381e-07
8560.6, -4.0391e-07
8562.6, -4.0401e-07
8564.6, -4.041e-07
8566.6, -4.0419e-07
8568.6, -4.0429e-07
8570.6, -4.0439e-07
8572.6, -4.0448e-07
8574.6, -4.0458e-07
8576.6, -4.0467e-07
8578.6, -4.0476e-07
8580.6, -4.0485e-07
8582.6, -4.0494e-07
8584.6, -4.0503e-07
8586.6, -4.0512e-07
8588.6, -4.0521e-07
8590.6, -4.0531e-07
8592.6, -4.0539e-07
8594.6, -4.0548e-07
8596.6, -4.0557e-07
8598.6, -4.0566e-07
8600.6, -4.0575e-07
8602.6, -4.0584e-07
8604.6, -4.0593e-07
8606.6, -4.0602e-07
8608.6, -4.0612e-07
8610.6, -4.0621e-07
8612.6, -4.063e-07
8614.6, -4.064e-07
8616.6, -4.0649e-07
8618.6, -4.0659e-07
8620.6, -4.0668e-07
8622.6, -4.0677e-07
8624.6, -4.0686e-07
8626.6, -4.0696e-07
8628.6, -4.0705e-07
8630.6, -4.0714e-07
8632.6, -4.0723e-07
8634.6, -4.0733e-07
8636.6, -4.0742e-07
8638.6, -4.0752e-07
8640.6, -4.0761e-07
8642.6, -4.0771e-07
8644.6, -4.0781e-07
8646.6, -4.0791e-07
8648.6, -4.08e-07
8650.6, -4.0809e-07
8652.6, -4.0819e-07
8654.6, -4.0829e-07
8656.6, -4.0839e-07
8658.6, -4.0849e-07
8660.7, -4.0859e-07
8662.7, -4.0868e-07
8664.7, -4.0878e-07
8666.7, -4.0888e-07
8668.7, -4.0897e-07
8670.7, -4.0906e-07
8672.7, -4.0915e-07
8674.7, -4.0923e-07
8676.7, -4.0932e-07
8678.7, -4.0942e-07
8680.7, -4.0951e-07
8682.7, -4.096e-07
8684.7, -4.0968e-07
8686.7, -4.0977e-07
8688.7, -4.0986e-07
8690.7, -4.0995e-07
8692.7, -4.1003e-07
8694.7, -4.1013e-07
8696.7, -4.1021e-07
8698.7, -4.103e-07
8700.7, -4.1038e-07
8702.7, -4.1046e-07
8704.7, -4.1055e-07
8706.7, -4.1063e-07
8708.7, -4.1073e-07
8710.7, -4.1081e-07
8712.7, -4.109e-07
8714.7, -4.1098e-07
8716.7, -4.1107e-07
8718.7, -4.1115e-07
8720.7, -4.1124e-07
8722.7, -4.1133e-07
8724.7, -4.1142e-07
8726.7, -4.1151e-07
8728.7, -4.116e-07
8730.7, -4.1169e-07
8732.7, -4.1177e-07
8734.7, -4.1185e-07
8736.7, -4.1195e-07
8738.7, -4.1203e-07
8740.7, -4.1212e-07
8742.7, -4.122e-07
8744.7, -4.1229e-07
8746.7, -4.1238e-07
8748.7, -4.1247e-07
8750.7, -4.1256e-07
8752.7, -4.1264e-07
8754.7, -4.1273e-07
8756.7, -4.1281e-07
8758.7, -4.129e-07
8760.8, -4.1298e-07
8762.8, -4.1307e-07
8764.8, -4.1316e-07
8766.8, -4.1324e-07
8768.8, -4.1333e-07
8770.8, -4.1342e-07
8772.8, -4.135e-07
8774.8, -4.1358e-07
8776.8, -4.1367e-07
8778.8, -4.1375e-07
8780.8, -4.1384e-07
8782.8, -4.1392e-07
8784.8, -4.1401e-07
8786.8, -4.141e-07
8788.8, -4.1419e-07
8790.8, -4.1427e-07
8792.8, -4.1436e-07
8794.8, -4.1445e-07
8796.8, -4.1454e-07
8798.8, -4.1463e-07
8800.8, -4.1471e-07
8802.8, -4.148e-07
8804.8, -4.1489e-07
8806.8, -4.1497e-07
8808.8, -4.1506e-07
8810.8, -4.1516e-07
8812.8, -4.1525e-07
8814.8, -4.1534e-07
8816.8, -4.1544e-07
8818.8, -4.1553e-07
8820.8, -4.1562e-07
8822.8, -4.1571e-07
8824.8, -4.158e-07
8826.8, -4.1589e-07
8828.8, -4.1598e-07
8830.8, -4.1607e-07
8832.8, -4.1617e-07
8834.8, -4.1626e-07
8836.8, -4.1635e-07
8838.8, -4.1643e-07
8840.8, -4.1653e-07
8842.8, -4.1661e-07
8844.8, -4.1671e-07
8846.8, -4.1679e-07
8848.8, -4.1688e-07
8850.8, -4.1697e-07
8852.8, -4.1706e-07
8854.8, -4.1715e-07
8856.8, -4.1723e-07
8858.8, -4.1733e-07
8860.9, -4.1741e-07
8862.9, -4.1749e-07
8864.9, -4.1758e-07
8866.9, -4.1767e-07
8868.9, -4.1776e-07
8870.9, -4.1785e-07
8872.9, -4.1794e-07
8874.9, -4.1803e-07
8876.9, -4.1813e-07
8878.9, -4.1822e-07
8880.9, -4.1832e-07
8882.9, -4.1841e-07
8884.9, -4.1851e-07
8886.9, -4.186e-07
8888.9, -4.1869e-07
8890.9, -4.1879e-07
8892.9, -4.1889e-07
8894.9, -4.1898e-07
8896.9, -4.1908e-07
8898.9, -4.1917e-07
8900.9, -4.1926e-07
8902.9, -4.1936e-07
8904.9, -4.1946e-07
8906.9, -4.1956e-07
8908.9, -4.1966e-07
8910.9, -4.1975e-07
8912.9, -4.1983e-07
8914.9, -4.1992e-07
8916.9, -4.2001e-07
8918.9, -4.2009e-07
8920.9, -4.2018e-07
8922.9, -4.2027e-07
8924.9, -4.2036e-07
8926.9, -4.2045e-07
8928.9, -4.2054e-07
8930.9, -4.2063e-07
8932.9, -4.2072e-07
8934.9, -4.2081e-07
8936.9, -4.209e-07
8938.9, -4.2099e-07
8940.9, -4.2108e-07
8942.9, -4.2118e-07
8944.9, -4.2127e-07
8946.9, -4.2136e-07
8948.9, -4.2146e-07
8950.9, -4.2155e-07
8952.9, -4.2164e-07
8954.9, -4.2173e-07
8956.9, -4.2182e-07
8958.9, -4.2191e-07
8961.0, -4.2199e-07
8963.0, -4.2209e-07
8965.0, -4.2218e-07
8967.0, -4.2226e-07
8969.0, -4.2235e-07
8971.0, -4.2244e-07
8973.0, -4.2253e-07
8975.0, -4.2262e-07
8977.0, -4.2272e-07
8979.0, -4.2281e-07
8981.0, -4.229e-07
8983.0, -4.2299e-07
8985.0, -4.2308e-07
8987.0, -4.2317e-07
8989.0, -4.2327e-07
8991.0, -4.2335e-07
8993.0, -4.2344e-07
8995.0, -4.2353e-07
8997.0, -4.2362e-07
8999.0, -4.2371e-07
9001.0, -4.238e-07
9003.0, -4.2389e-07
9005.0, -4.2399e-07
9007.0, -4.2408e-07
9009.0, -4.2418e-07
9011.0, -4.2427e-07
9013.0, -4.2436e-07
9015.0, -4.2445e-07
9017.0, -4.2454e-07
9019.0, -4.2463e-07
9021.0, -4.2473e-07
9023.0, -4.2481e-07
9025.0, -4.249e-07
9027.0, -4.2499e-07
9029.0, -4.2508e-07
9031.0, -4.2517e-07
9033.0, -4.2525e-07
9035.0, -4.2534e-07
9037.0, -4.2542e-07
9039.0, -4.2551e-07
9041.0, -4.2559e-07
9043.0, -4.2568e-07
9045.0, -4.2578e-07
9047.0, -4.2586e-07
9049.0, -4.2595e-07
9051.0, -4.2604e-07
9053.0, -4.2613e-07
9055.0, -4.2621e-07
9057.0, -4.263e-07
9059.0, -4.2639e-07
9061.1, -4.2648e-07
9063.1, -4.2657e-07
9065.1, -4.2665e-07
9067.1, -4.2674e-07
9069.1, -4.2683e-07
9071.1, -4.2692e-07
9073.1, -4.2701e-07
9075.1, -4.271e-07
9077.1, -4.2718e-07
9079.1, -4.2728e-07
9081.1, -4.2737e-07
9083.1, -4.2746e-07
9085.1, -4.2754e-07
9087.1, -4.2763e-07
9089.1, -4.2771e-07
9091.1, -4.278e-07
9093.1, -4.2789e-07
9095.1, -4.2797e-07
9097.1, -4.2805e-07
9099.1, -4.2814e-07
9101.1, -4.2823e-07
9103.1, -4.2832e-07
9105.1, -4.2841e-07
9107.1, -4.2849e-07
9109.1, -4.2857e-07
9111.1, -4.2865e-07
9113.1, -4.2873e-07
9115.1, -4.2882e-07
9117.1, -4.289e-07
9119.1, -4.2898e-07
9121.1, -4.2907e-07
9123.1, -4.2915e-07
9125.1, -4.2924e-07
9127.1, -4.2933e-07
9129.1, -4.2941e-07
9131.1, -4.295e-07
9133.1, -4.2958e-07
9135.1, -4.2966e-07
9137.1, -4.2975e-07
9139.1, -4.2983e-07
9141.1, -4.2991e-07
9143.1, -4.2999e-07
9145.1, -4.3008e-07
9147.1, -4.3017e-07
9149.1, -4.3026e-07
9151.1, -4.3034e-07
9153.1, -4.3043e-07
9155.1, -4.3052e-07
9157.1, -4.3061e-07
9159.1, -4.307e-07
9161.2, -4.3078e-07
9163.2, -4.3087e-07
9165.2, -4.3097e-07
9167.2, -4.3105e-07
9169.2, -4.3114e-07
9171.2, -4.3122e-07
9173.2, -4.3131e-07
9175.2, -4.3139e-07
9177.2, -4.3148e-07
9179.2, -4.3157e-07
9181.2, -4.3165e-07
9183.2, -4.3174e-07
9185.2, -4.3183e-07
9187.2, -4.3192e-07
9189.2, -4.3201e-07
9191.2, -4.3209e-07
9193.2, -4.3217e-07
9195.2, -4.3226e-07
9197.2, -4.3234e-07
9199.2, -4.3243e-07
9201.2, -4.3252e-07
9203.2, -4.3261e-07
9205.2, -4.3271e-07
9207.2, -4.328e-07
9209.2, -4.3289e-07
9211.2, -4.3297e-07
9213.2, -4.3306e-07
9215.2, -4.3314e-07
9217.2, -4.3322e-07
9219.2, -4.3331e-07
9221.2, -4.3339e-07
9223.2, -4.3348e-07
9225.2, -4.3357e-07
9227.2, -4.3366e-07
9229.2, -4.3374e-07
9231.2, -4.3382e-07
9233.2, -4.3391e-07
9235.2, -4.34e-07
9237.2, -4.3408e-07
9239.2, -4.3417e-07
9241.2, -4.3425e-07
9243.2, -4.3434e-07
9245.2, -4.3443e-07
9247.2, -4.3451e-07
9249.2, -4.346e-07
9251.2, -4.3468e-07
9253.2, -4.3477e-07
9255.2, -4.3485e-07
9257.2, -4.3494e-07
9259.2, -4.3503e-07
9261.3, -4.3511e-07
9263.3, -4.352e-07
9265.3, -4.3529e-07
9267.3, -4.3538e-07
9269.3, -4.3547e-07
9271.3, -4.3556e-07
9273.3, -4.3566e-07
9275.3, -4.3574e-07
9277.3, -4.3583e-07
9279.3, -4.3591e-07
9281.3, -4.36e-07
9283.3, -4.3609e-07
9285.3, -4.3617e-07
9287.3, -4.3626e-07
9289.3, -4.3634e-07
9291.3, -4.3643e-07
9293.3, -4.3652e-07
9295.3, -4.366e-07
9297.3, -4.3669e-07
9299.3, -4.3678e-07
9301.3, -4.3687e-07
9303.3, -4.3697e-07
9305.3, -4.3706e-07
9307.3, -4.3715e-07
9309.3, -4.3724e-07
9311.3, -4.3732e-07
9313.3, -4.3741e-07
9315.3, -4.375e-07
9317.3, -4.3759e-07
9319.3, -4.3767e-07
9321.3, -4.3775e-07
9323.3, -4.3784e-07
9325.3, -4.3792e-07
9327.3, -4.3801e-07
9329.3, -4.3809e-07
9331.3, -4.3818e-07
9333.3, -4.3827e-07
9335.3, -4.3835e-07
9337.3, -4.3844e-07
9339.3, -4.3852e-07
9341.3, -4.386e-07
9343.3, -4.3868e-07
9345.3, -4.3876e-07
9347.3, -4.3884e-07
9349.3, -4.3893e-07
9351.3, -4.3901e-07
9353.3, -4.391e-07
9355.3, -4.3918e-07
9357.3, -4.3927e-07
9359.3, -4.3937e-07
9361.4, -4.3946e-07
9363.4, -4.3955e-07
9365.4, -4.3963e-07
9367.4, -4.3971e-07
9369.4, -4.3979e-07
9371.4, -4.3987e-07
9373.4, -4.3997e-07
9375.4, -4.4006e-07
9377.4, -4.4015e-07
9379.4, -4.4024e-07
9381.4, -4.4033e-07
9383.4, -4.4042e-07
9385.4, -4.4052e-07
9387.4, -4.406e-07
9389.4, -4.4069e-07
9391.4, -4.4078e-07
9393.4, -4.4086e-07
9395.4, -4.4095e-07
9397.4, -4.4105e-07
9399.4, -4.4114e-07
9401.4, -4.4123e-07
9403.4, -4.4132e-07
9405.4, -4.414e-07
9407.4, -4.4149e-07
9409.4, -4.4157e-07
9411.4, -4.4165e-07
9413.4, -4.4174e-07
9415.4, -4.4182e-07
9417.4, -4.4191e-07
9419.4, -4.42e-07
9421.4, -4.4209e-07
9423.4, -4.4218e-07
9425.4, -4.4227e-07
9427.4, -4.4236e-07
9429.4, -4.4245e-07
9431.4, -4.4254e-07
9433.4, -4.4263e-07
9435.4, -4.4272e-07
9437.4, -4.4281e-07
9439.4, -4.4289e-07
9441.4, -4.4298e-07
9443.4, -4.4306e-07
9445.4, -4.4315e-07
9447.4, -4.4323e-07
9449.4, -4.4332e-07
9451.4, -4.434e-07
9453.4, -4.4349e-07
9455.4, -4.4358e-07
9457.4, -4.4366e-07
9459.4, -4.4375e-07
9461.5, -4.4384e-07
9463.5, -4.4392e-07
9465.5, -4.4401e-07
9467.5, -4.441e-07
9469.5, -4.4418e-07
9471.5, -4.4428e-07
9473.5, -4.4437e-07
9475.5, -4.4445e-07
9477.5, -4.4455e-07
9479.5, -4.4464e-07
9481.5, -4.4474e-07
9483.5, -4.4482e-07
9485.5, -4.4491e-07
9487.5, -4.45e-07
9489.5, -4.4509e-07
9491.5, -4.4517e-07
9493.5, -4.4526e-07
9495.5, -4.4535e-07
9497.5, -4.4544e-07
9499.5, -4.4553e-07
9501.5, -4.4563e-07
9503.5, -4.4572e-07
9505.5, -4.4582e-07
9507.5, -4.4591e-07
9509.5, -4.4601e-07
9511.5, -4.4611e-07
9513.5, -4.462e-07
9515.5, -4.4628e-07
9517.5, -4.4638e-07
9519.5, -4.4647e-07
9521.5, -4.4656e-07
9523.5, -4.4666e-07
9525.5, -4.4675e-07
9527.5, -4.4685e-07
9529.5, -4.4694e-07
9531.5, -4.4703e-07
9533.5, -4.4713e-07
9535.5, -4.4722e-07
9537.5, -4.4731e-07
9539.5, -4.4741e-07
9541.5, -4.475e-07
9543.5, -4.4759e-07
9545.5, -4.4769e-07
9547.5, -4.4778e-07
9549.5, -4.4787e-07
9551.5, -4.4797e-07
9553.5, -4.4806e-07
9555.5, -4.4815e-07
9557.5, -4.4825e-07
9559.5, -4.4834e-07
9561.6, -4.4844e-07
9563.6, -4.4854e-07
9565.6, -4.4863e-07
9567.6, -4.4872e-07
9569.6, -4.4881e-07
9571.6, -4.489e-07
9573.6, -4.4899e-07
9575.6, -4.4909e-07
9577.6, -4.4918e-07
9579.6, -4.4927e-07
9581.6, -4.4936e-07
9583.6, -4.4945e-07
9585.6, -4.4955e-07
9587.6, -4.4964e-07
9589.6, -4.4974e-07
9591.6, -4.4983e-07
9593.6, -4.4993e-07
9595.6, -4.5002e-07
9597.6, -4.5012e-07
9599.6, -4.5021e-07
9601.6, -4.5031e-07
9603.6, -4.504e-07
9605.6, -4.5049e-07
9607.6, -4.5059e-07
9609.6, -4.5068e-07
9611.6, -4.5078e-07
9613.6, -4.5087e-07
9615.6, -4.5096e-07
9617.6, -4.5105e-07
9619.6, -4.5115e-07
9621.6, -4.5124e-07
9623.6, -4.5134e-07
9625.6, -4.5143e-07
9627.6, -4.5153e-07
9629.6, -4.5162e-07
9631.6, -4.5171e-07
9633.6, -4.5181e-07
9635.6, -4.519e-07
9637.6, -4.5199e-07
9639.6, -4.5209e-07
9641.6, -4.5219e-07
9643.6, -4.5228e-07
9645.6, -4.5238e-07
9647.6, -4.5247e-07
9649.6, -4.5256e-07
9651.6, -4.5265e-07
9653.6, -4.5275e-07
9655.6, -4.5284e-07
9657.6, -4.5294e-07
9659.6, -4.5303e-07
9661.7, -4.5313e-07
9663.7, -4.5323e-07
9665.7, -4.5332e-07
9667.7, -4.5342e-07
9669.7, -4.5352e-07
9671.7, -4.5362e-07
9673.7, -4.5372e-07
9675.7, -4.5382e-07
9677.7, -4.5391e-07
9679.7, -4.5401e-07
9681.7, -4.5411e-07
9683.7, -4.542e-07
9685.7, -4.543e-07
9687.7, -4.544e-07
9689.7, -4.545e-07
9691.7, -4.5459e-07
9693.7, -4.547e-07
9695.7, -4.548e-07
9697.7, -4.5489e-07
9699.7, -4.5499e-07
9701.7, -4.5508e-07
9703.7, -4.5517e-07
9705.7, -4.5527e-07
9707.7, -4.5537e-07
9709.7, -4.5547e-07
9711.7, -4.5556e-07
9713.7, -4.5566e-07
9715.7, -4.5576e-07
9717.7, -4.5585e-07
9719.7, -4.5595e-07
9721.7, -4.5605e-07
9723.7, -4.5614e-07
9725.7, -4.5623e-07
9727.7, -4.5632e-07
9729.7, -4.5642e-07
9731.7, -4.5651e-07
9733.7, -4.566e-07
9735.7, -4.567e-07
9737.7, -4.568e-07
9739.7, -4.569e-07
9741.7, -4.57e-07
9743.7, -4.571e-07
9745.7, -4.572e-07
9747.7, -4.573e-07
9749.7, -4.574e-07
9751.7, -4.575e-07
9753.7, -4.5759e-07
9755.7, -4.5769e-07
9757.7, -4.5778e-07
9759.7, -4.5788e-07
9761.8, -4.5797e-07
9763.8, -4.5806e-07
9765.8, -4.5816e-07
9767.8, -4.5825e-07
9769.8, -4.5835e-07
9771.8, -4.5844e-07
9773.8, -4.5853e-07
9775.8, -4.5863e-07
9777.8, -4.5872e-07
9779.8, -4.5881e-07
9781.8, -4.5891e-07
9783.8, -4.59e-07
9785.8, -4.591e-07
9787.8, -4.592e-07
9789.8, -4.5929e-07
9791.8, -4.5939e-07
9793.8, -4.5949e-07
9795.8, -4.5958e-07
9797.8, -4.5968e-07
9799.8, -4.5978e-07
9801.8, -4.5987e-07
9803.8, -4.5997e-07
9805.8, -4.6007e-07
9807.8, -4.6016e-07
9809.8, -4.6026e-07
9811.8, -4.6036e-07
9813.8, -4.6046e-07
9815.8, -4.6055e-07
9817.8, -4.6064e-07
9819.8, -4.6074e-07
9821.8, -4.6084e-07
9823.8, -4.6094e-07
9825.8, -4.6104e-07
9827.8, -4.6114e-07
9829.8, -4.6123e-07
9831.8, -4.6133e-07
9833.8, -4.6143e-07
9835.8, -4.6153e-07
9837.8, -4.6163e-07
9839.8, -4.6173e-07
9841.8, -4.6183e-07
9843.8, -4.6194e-07
9845.8, -4.6203e-07
9847.8, -4.6214e-07
9849.8, -4.6223e-07
9851.8, -4.6233e-07
9853.8, -4.6243e-07
9855.8, -4.6252e-07
9857.8, -4.6262e-07
9859.8, -4.6272e-07
9861.9, -4.6282e-07
9863.9, -4.6291e-07
9865.9, -4.6301e-07
9867.9, -4.6311e-07
9869.9, -4.6321e-07
9871.9, -4.633e-07
9873.9, -4.634e-07
9875.9, -4.635e-07
9877.9, -4.6359e-07
9879.9, -4.6368e-07
9881.9, -4.6378e-07
9883.9, -4.6387e-07
9885.9, -4.6397e-07
9887.9, -4.6406e-07
9889.9, -4.6416e-07
9891.9, -4.6425e-07
9893.9, -4.6434e-07
9895.9, -4.6444e-07
9897.9, -4.6453e-07
9899.9, -4.6463e-07
9901.9, -4.6472e-07
9903.9, -4.6481e-07
9905.9, -4.6491e-07
9907.9, -4.65e-07
9909.9, -4.6509e-07
9911.9, -4.6518e-07
9913.9, -4.6527e-07
9915.9, -4.6537e-07
9917.9, -4.6546e-07
9919.9, -4.6555e-07
9921.9, -4.6565e-07
9923.9, -4.6574e-07
9925.9, -4.6584e-07
9927.9, -4.6594e-07
9929.9, -4.6604e-07
9931.9, -4.6613e-07
9933.9, -4.6623e-07
9935.9, -4.6632e-07
9937.9, -4.6642e-07
9939.9, -4.6651e-07
9941.9, -4.6661e-07
9943.9, -4.667e-07
9945.9, -4.6679e-07
9947.9, -4.6689e-07
9949.9, -4.6699e-07
9951.9, -4.6709e-07
9953.9, -4.6719e-07
9955.9, -4.6729e-07
9957.9, -4.6738e-07
9959.9, -4.6747e-07
9962.0, -4.6756e-07
9964.0, -4.6765e-07
9966.0, -4.6774e-07
9968.0, -4.6783e-07
9970.0, -4.6792e-07
9972.0, -4.6801e-07
9974.0, -4.681e-07
9976.0, -4.6819e-07
9978.0, -4.6829e-07
9980.0, -4.6839e-07
9982.0, -4.6849e-07
9984.0, -4.6858e-07
9986.0, -4.6868e-07
9988.0, -4.6877e-07
9990.0, -4.6886e-07
9992.0, -4.6896e-07
9994.0, -4.6905e-07
9996.0, -4.6915e-07
9998.0, -4.6925e-07
10000.0, -4.6935e-07
10002.0, -4.6944e-07
10004.0, -4.6953e-07
10006.0, -4.6963e-07
10008.0, -4.6973e-07
10010.0, -4.6983e-07
10012.0, -4.6992e-07
10014.0, -4.7001e-07
10016.0, -4.701e-07
10018.0, -4.702e-07
10020.0, -4.7029e-07
10022.0, -4.7038e-07
10024.0, -4.7047e-07
10026.0, -4.7056e-07
10028.0, -4.7066e-07
10030.0, -4.7075e-07
10032.0, -4.7085e-07
10034.0, -4.7094e-07
10036.0, -4.7103e-07
10038.0, -4.7113e-07
10040.0, -4.7122e-07
10042.0, -4.7131e-07
10044.0, -4.714e-07
10046.0, -4.7149e-07
10048.0, -4.7158e-07
10050.0, -4.7167e-07
10052.0, -4.7176e-07
10054.0, -4.7185e-07
10056.0, -4.7194e-07
10058.0, -4.7203e-07
10060.0, -4.7212e-07
10062.0, -4.7221e-07
10064.0, -4.723e-07
10066.0, -4.7239e-07
10068.0, -4.7248e-07
10070.0, -4.7258e-07
10072.0, -4.7267e-07
10074.0, -4.7277e-07
10076.0, -4.7286e-07
10078.0, -4.7295e-07
10080.0, -4.7304e-07
10082.0, -4.7313e-07
10084.0, -4.7323e-07
10086.0, -4.7332e-07
10088.0, -4.7341e-07
10090.0, -4.735e-07
10092.0, -4.7359e-07
10094.0, -4.7369e-07
10096.0, -4.7379e-07
10098.0, -4.7388e-07
10100.0, -4.7397e-07
10102.0, -4.7407e-07
10104.0, -4.7416e-07
10106.0, -4.7426e-07
10108.0, -4.7435e-07
10110.0, -4.7445e-07
10112.0, -4.7454e-07
10114.0, -4.7463e-07
10116.0, -4.7473e-07
10118.0, -4.7483e-07
10120.0, -4.7492e-07
10122.0, -4.7502e-07
10124.0, -4.7512e-07
10126.0, -4.7521e-07
10128.0, -4.7531e-07
10130.0, -4.754e-07
10132.0, -4.755e-07
10134.0, -4.7559e-07
10136.0, -4.7569e-07
10138.0, -4.7578e-07
10140.0, -4.7587e-07
10142.0, -4.7597e-07
10144.0, -4.7607e-07
10146.0, -4.7617e-07
10148.0, -4.7626e-07
10150.0, -4.7636e-07
10152.0, -4.7645e-07
10154.0, -4.7655e-07
10156.0, -4.7665e-07
10158.0, -4.7675e-07
10160.0, -4.7685e-07
10162.0, -4.7695e-07
10164.0, -4.7705e-07
10166.0, -4.7715e-07
10168.0, -4.7724e-07
10170.0, -4.7734e-07
10172.0, -4.7745e-07
10174.0, -4.7754e-07
10176.0, -4.7764e-07
10178.0, -4.7774e-07
10180.0, -4.7783e-07
10182.0, -4.7793e-07
10184.0, -4.7802e-07
10186.0, -4.7812e-07
10188.0, -4.7822e-07
10190.0, -4.7832e-07
10192.0, -4.7842e-07
10194.0, -4.7852e-07
10196.0, -4.7862e-07
10198.0, -4.7872e-07
10200.0, -4.7882e-07
10202.0, -4.7893e-07
10204.0, -4.7903e-07
10206.0, -4.7914e-07
10208.0, -4.7924e-07
10210.0, -4.7934e-07
10212.0, -4.7944e-07
10214.0, -4.7955e-07
10216.0, -4.7965e-07
10218.0, -4.7975e-07
10220.0, -4.7985e-07
10222.0, -4.7995e-07
10224.0, -4.8005e-07
10226.0, -4.8016e-07
10228.0, -4.8026e-07
10230.0, -4.8035e-07
10232.0, -4.8045e-07
10234.0, -4.8055e-07
10236.0, -4.8065e-07
10238.0, -4.8075e-07
10240.0, -4.8085e-07
10242.0, -4.8095e-07
10244.0, -4.8105e-07
10246.0, -4.8116e-07
10248.0, -4.8126e-07
10250.0, -4.8135e-07
10252.0, -4.8145e-07
10254.0, -4.8155e-07
10256.0, -4.8165e-07
10258.0, -4.8174e-07
10260.0, -4.8184e-07
10262.0, -4.8194e-07
10264.0, -4.8204e-07
10266.0, -4.8214e-07
10268.0, -4.8224e-07
10270.0, -4.8233e-07
10272.0, -4.8243e-07
10274.0, -4.8253e-07
10276.0, -4.8263e-07
10278.0, -4.8273e-07
10280.0, -4.8283e-07
10282.0, -4.8293e-07
10284.0, -4.8303e-07
10286.0, -4.8313e-07
10288.0, -4.8323e-07
10290.0, -4.8333e-07
10292.0, -4.8343e-07
10294.0, -4.8352e-07
10296.0, -4.8362e-07
10298.0, -4.8372e-07
10300.0, -4.8382e-07
10302.0, -4.8392e-07
10304.0, -4.8402e-07
10306.0, -4.8411e-07
10308.0, -4.8421e-07
10310.0, -4.843e-07
10312.0, -4.844e-07
10314.0, -4.8449e-07
10316.0, -4.8458e-07
10318.0, -4.8468e-07
10320.0, -4.8476e-07
10322.0, -4.8486e-07
10324.0, -4.8495e-07
10326.0, -4.8504e-07
10328.0, -4.8514e-07
10330.0, -4.8523e-07
10332.0, -4.8532e-07
10334.0, -4.8542e-07
10336.0, -4.8551e-07
10338.0, -4.8561e-07
10340.0, -4.8571e-07
10342.0, -4.858e-07
10344.0, -4.859e-07
10346.0, -4.86e-07
10348.0, -4.8609e-07
10350.0, -4.8619e-07
10352.0, -4.863e-07
10354.0, -4.864e-07
10356.0, -4.8649e-07
10358.0, -4.8659e-07
10360.0, -4.8669e-07
10362.0, -4.8679e-07
10364.0, -4.8689e-07
10366.0, -4.8699e-07
10368.0, -4.8709e-07
10370.0, -4.8719e-07
10372.0, -4.8729e-07
10374.0, -4.8739e-07
10376.0, -4.875e-07
10378.0, -4.876e-07
10380.0, -4.8771e-07
10382.0, -4.8781e-07
10384.0, -4.8791e-07
10386.0, -4.8801e-07
10388.0, -4.8811e-07
10390.0, -4.8821e-07
10392.0, -4.8831e-07
10394.0, -4.8841e-07
10396.0, -4.885e-07
10398.0, -4.886e-07
10400.0, -4.887e-07
10402.0, -4.8879e-07
10404.0, -4.8889e-07
10406.0, -4.8898e-07
10408.0, -4.8907e-07
10410.0, -4.8917e-07
10412.0, -4.8927e-07
10414.0, -4.8936e-07
10416.0, -4.8946e-07
10418.0, -4.8956e-07
10420.0, -4.8966e-07
10422.0, -4.8976e-07
10424.0, -4.8986e-07
10426.0, -4.8996e-07
10428.0, -4.9006e-07
10430.0, -4.9016e-07
10432.0, -4.9025e-07
10434.0, -4.9035e-07
10436.0, -4.9045e-07
10438.0, -4.9054e-07
10440.0, -4.9064e-07
10442.0, -4.9074e-07
10444.0, -4.9083e-07
10446.0, -4.9092e-07
10448.0, -4.9102e-07
10450.0, -4.9111e-07
10452.0, -4.9121e-07
10454.0, -4.9131e-07
10456.0, -4.9141e-07
10458.0, -4.9151e-07
10460.0, -4.9161e-07
10462.0, -4.9171e-07
10464.0, -4.918e-07
10466.0, -4.919e-07
10468.0, -4.92e-07
10470.0, -4.921e-07
10472.0, -4.922e-07
10474.0, -4.923e-07
10476.0, -4.924e-07
10478.0, -4.925e-07
10480.0, -4.926e-07
10482.0, -4.9269e-07
10484.0, -4.9279e-07
10486.0, -4.9289e-07
10488.0, -4.9299e-07
10490.0, -4.9309e-07
10492.0, -4.9319e-07
10494.0, -4.9328e-07
10496.0, -4.9338e-07
10498.0, -4.9347e-07
10500.0, -4.9357e-07
10502.0, -4.9366e-07
10504.0, -4.9375e-07
10506.0, -4.9384e-07
10508.0, -4.9393e-07
10510.0, -4.9403e-07
10513.0, -4.9412e-07
10515.0, -4.9421e-07
10517.0, -4.9431e-07
10519.0, -4.944e-07
10521.0, -4.945e-07
10523.0, -4.9459e-07
10525.0, -4.9469e-07
10527.0, -4.9479e-07
10529.0, -4.9488e-07
10531.0, -4.9498e-07
10533.0, -4.9507e-07
10535.0, -4.9516e-07
10537.0, -4.9525e-07
10539.0, -4.9534e-07
10541.0, -4.9542e-07
10543.0, -4.9551e-07
10545.0, -4.956e-07
10547.0, -4.9569e-07
10549.0, -4.9578e-07
10551.0, -4.9588e-07
10553.0, -4.9597e-07
10555.0, -4.9606e-07
10557.0, -4.9616e-07
10559.0, -4.9625e-07
10561.0, -4.9634e-07
10563.0, -4.9644e-07
10565.0, -4.9653e-07
10567.0, -4.9662e-07
10569.0, -4.9671e-07
10571.0, -4.968e-07
10573.0, -4.9688e-07
10575.0, -4.9697e-07
10577.0, -4.9705e-07
10579.0, -4.9715e-07
10581.0, -4.9724e-07
10583.0, -4.9733e-07
10585.0, -4.9742e-07
10587.0, -4.9752e-07
10589.0, -4.9761e-07
10591.0, -4.9771e-07
10593.0, -4.978e-07
10595.0, -4.9789e-07
10597.0, -4.9799e-07
10599.0, -4.9808e-07
10601.0, -4.9818e-07
10603.0, -4.9827e-07
10605.0, -4.9836e-07
10607.0, -4.9846e-07
10609.0, -4.9855e-07
10611.0, -4.9864e-07
10613.0, -4.9873e-07
10615.0, -4.9882e-07
10617.0, -4.9891e-07
10619.0, -4.9899e-07
10621.0, -4.9908e-07
10623.0, -4.9917e-07
10625.0, -4.9926e-07
10627.0, -4.9935e-07
10629.0, -4.9944e-07
10631.0, -4.9953e-07
10633.0, -4.9962e-07
10635.0, -4.9971e-07
10637.0, -4.998e-07
10639.0, -4.999e-07
10641.0, -4.9999e-07
10643.0, -5.0009e-07
10645.0, -5.0018e-07
10647.0, -5.0027e-07
10649.0, -5.0036e-07
10651.0, -5.0045e-07
10653.0, -5.0054e-07
10655.0, -5.0063e-07
10657.0, -5.0072e-07
10659.0, -5.0082e-07
10661.0, -5.0091e-07
10663.0, -5.01e-07
10665.0, -5.0109e-07
10667.0, -5.0118e-07
10669.0, -5.0127e-07
10671.0, -5.0136e-07
10673.0, -5.0145e-07
10675.0, -5.0155e-07
10677.0, -5.0164e-07
10679.0, -5.0173e-07
10681.0, -5.0182e-07
10683.0, -5.0191e-07
10685.0, -5.0201e-07
10687.0, -5.021e-07
10689.0, -5.0219e-07
10691.0, -5.0229e-07
10693.0, -5.0238e-07
10695.0, -5.0248e-07
10697.0, -5.0257e-07
10699.0, -5.0267e-07
10701.0, -5.0276e-07
10703.0, -5.0285e-07
10705.0, -5.0293e-07
10707.0, -5.0302e-07
10709.0, -5.0311e-07
10711.0, -5.0321e-07
10713.0, -5.033e-07
10715.0, -5.034e-07
10717.0, -5.035e-07
10719.0, -5.036e-07
10721.0, -5.037e-07
10723.0, -5.038e-07
10725.0, -5.039e-07
10727.0, -5.04e-07
10729.0, -5.0409e-07
10731.0, -5.0418e-07
10733.0, -5.0428e-07
10735.0, -5.0437e-07
10737.0, -5.0446e-07
10739.0, -5.0456e-07
10741.0, -5.0465e-07
10743.0, -5.0475e-07
10745.0, -5.0484e-07
10747.0, -5.0493e-07
10749.0, -5.0502e-07
10751.0, -5.0511e-07
10753.0, -5.052e-07
10755.0, -5.0529e-07
10757.0, -5.0538e-07
10759.0, -5.0547e-07
10761.0, -5.0556e-07
10763.0, -5.0566e-07
10765.0, -5.0575e-07
10767.0, -5.0584e-07
10769.0, -5.0592e-07
10771.0, -5.0601e-07
10773.0, -5.0611e-07
10775.0, -5.062e-07
10777.0, -5.0629e-07
10779.0, -5.0639e-07
10781.0, -5.0648e-07
10783.0, -5.0657e-07
10785.0, -5.0667e-07
10787.0, -5.0676e-07
10789.0, -5.0686e-07
10791.0, -5.0695e-07
10793.0, -5.0704e-07
10795.0, -5.0713e-07
10797.0, -5.0722e-07
10799.0, -5.0732e-07
10801.0, -5.0741e-07
10803.0, -5.0751e-07
10805.0, -5.0761e-07
10807.0, -5.077e-07
10809.0, -5.078e-07
10811.0, -5.0789e-07
10813.0, -5.0799e-07
10815.0, -5.0808e-07
10817.0, -5.0817e-07
10819.0, -5.0827e-07
10821.0, -5.0836e-07
10823.0, -5.0845e-07
10825.0, -5.0855e-07
10827.0, -5.0864e-07
10829.0, -5.0874e-07
10831.0, -5.0884e-07
10833.0, -5.0894e-07
10835.0, -5.0904e-07
10837.0, -5.0913e-07
10839.0, -5.0923e-07
10841.0, -5.0933e-07
10843.0, -5.0942e-07
10845.0, -5.0952e-07
10847.0, -5.0961e-07
10849.0, -5.0971e-07
10851.0, -5.098e-07
10853.0, -5.099e-07
10855.0, -5.0999e-07
10857.0, -5.1009e-07
10859.0, -5.1019e-07
10861.0, -5.1028e-07
10863.0, -5.1037e-07
10865.0, -5.1047e-07
10867.0, -5.1056e-07
10869.0, -5.1065e-07
10871.0, -5.1075e-07
10873.0, -5.1085e-07
10875.0, -5.1095e-07
10877.0, -5.1105e-07
10879.0, -5.1114e-07
10881.0, -5.1124e-07
10883.0, -5.1134e-07
10885.0, -5.1144e-07
10887.0, -5.1153e-07
10889.0, -5.1163e-07
10891.0, -5.1172e-07
10893.0, -5.1182e-07
10895.0, -5.1192e-07
10897.0, -5.1201e-07
10899.0, -5.121e-07
10901.0, -5.122e-07
10903.0, -5.123e-07
10905.0, -5.1239e-07
10907.0, -5.1249e-07
10909.0, -5.1259e-07
10911.0, -5.1268e-07
10913.0, -5.1278e-07
10915.0, -5.1287e-07
10917.0, -5.1297e-07
10919.0, -5.1307e-07
10921.0, -5.1318e-07
10923.0, -5.1328e-07
10925.0, -5.1338e-07
10927.0, -5.1348e-07
10929.0, -5.1358e-07
10931.0, -5.1367e-07
10933.0, -5.1377e-07
10935.0, -5.1387e-07
10937.0, -5.1396e-07
10939.0, -5.1406e-07
10941.0, -5.1415e-07
10943.0, -5.1425e-07
10945.0, -5.1434e-07
10947.0, -5.1444e-07
10949.0, -5.1453e-07
10951.0, -5.1463e-07
10953.0, -5.1473e-07
10955.0, -5.1482e-07
10957.0, -5.1492e-07
10959.0, -5.1501e-07
10961.0, -5.1511e-07
10963.0, -5.1521e-07
10965.0, -5.1531e-07
10967.0, -5.1541e-07
10969.0, -5.155e-07
10971.0, -5.1559e-07
10973.0, -5.1568e-07
10975.0, -5.1578e-07
10977.0, -5.1587e-07
10979.0, -5.1596e-07
10981.0, -5.1605e-07
10983.0, -5.1614e-07
10985.0, -5.1623e-07
10987.0, -5.1632e-07
10989.0, -5.1641e-07
10991.0, -5.1651e-07
10993.0, -5.166e-07
10995.0, -5.1669e-07
10997.0, -5.1678e-07
10999.0, -5.1687e-07
11001.0, -5.1696e-07
11003.0, -5.1705e-07
11005.0, -5.1713e-07
11007.0, -5.1723e-07
11009.0, -5.1732e-07
