Time sep (ms?), Charge (C)
0.0, -4.41e-10
2.002, -5.32e-10
4.004, -6.21e-10
6.006, -7.05e-10
8.008, -7.95e-10
10.01, -8.89e-10
12.012, -9.73e-10
14.014, -1.055e-09
16.016, -1.14e-09
18.018, -1.219e-09
20.02, -1.3e-09
22.022, -1.383e-09
24.024, -1.464e-09
26.026, -1.538e-09
28.028, -1.614e-09
30.03, -1.694e-09
32.032, -1.773e-09
34.034, -1.849e-09
36.036, -1.93e-09
38.038, -2.014e-09
40.04, -2.096e-09
42.042, -2.178e-09
44.044, -2.265e-09
46.046, -2.35e-09
48.048, -2.432e-09
50.05, -2.52e-09
52.052, -2.602e-09
54.054, -2.681e-09
56.056, -2.766e-09
58.058, -2.854e-09
60.06, -2.94e-09
62.062, -3.026e-09
64.064, -3.108e-09
66.066, -3.194e-09
68.068, -3.287e-09
70.07, -3.375e-09
72.072, -3.466e-09
74.074, -3.552e-09
76.076, -3.64e-09
78.078, -3.731e-09
80.08, -3.822e-09
82.082, -3.907e-09
84.084, -4e-09
86.086, -4.094e-09
88.088, -4.185e-09
90.09, -4.271e-09
92.092, -4.358e-09
94.094, -4.45e-09
96.096, -4.54e-09
98.098, -4.625e-09
100.1, -4.708e-09
102.1, -4.794e-09
104.1, -4.883e-09
106.11, -4.972e-09
108.11, -5.058e-09
110.11, -5.146e-09
112.11, -5.229e-09
114.11, -5.313e-09
116.12, -5.395e-09
118.12, -5.476e-09
120.12, -5.554e-09
122.12, -5.633e-09
124.12, -5.713e-09
126.13, -5.795e-09
128.13, -5.878e-09
130.13, -5.96e-09
132.13, -6.044e-09
134.13, -6.126e-09
136.14, -6.215e-09
138.14, -6.301e-09
140.14, -6.377e-09
142.14, -6.458e-09
144.14, -6.541e-09
146.15, -6.626e-09
148.15, -6.712e-09
150.15, -6.798e-09
152.15, -6.885e-09
154.15, -6.966e-09
156.16, -7.056e-09
158.16, -7.144e-09
160.16, -7.229e-09
162.16, -7.314e-09
164.16, -7.398e-09
166.17, -7.485e-09
168.17, -7.571e-09
170.17, -7.661e-09
172.17, -7.75e-09
174.17, -7.832e-09
176.18, -7.918e-09
178.18, -8.007e-09
180.18, -8.092e-09
182.18, -8.175e-09
184.18, -8.257e-09
186.19, -8.344e-09
188.19, -8.432e-09
190.19, -8.521e-09
192.19, -8.606e-09
194.19, -8.692e-09
196.2, -8.772e-09
198.2, -8.853e-09
200.2, -8.938e-09
202.2, -9.022e-09
204.2, -9.098e-09
206.21, -9.176e-09
208.21, -9.255e-09
210.21, -9.338e-09
212.21, -9.416e-09
214.21, -9.492e-09
216.22, -9.576e-09
218.22, -9.661e-09
220.22, -9.741e-09
222.22, -9.827e-09
224.22, -9.909e-09
226.23, -9.985e-09
228.23, -1.0068e-08
230.23, -1.0152e-08
232.23, -1.0232e-08
234.23, -1.0316e-08
236.24, -1.0404e-08
238.24, -1.0492e-08
240.24, -1.0574e-08
242.24, -1.0654e-08
244.24, -1.0744e-08
246.25, -1.0836e-08
248.25, -1.0926e-08
250.25, -1.1015e-08
252.25, -1.1099e-08
254.25, -1.1181e-08
256.26, -1.1266e-08
258.26, -1.1351e-08
260.26, -1.1436e-08
262.26, -1.1522e-08
264.26, -1.1605e-08
266.27, -1.1692e-08
268.27, -1.1773e-08
270.27, -1.1859e-08
272.27, -1.1946e-08
274.27, -1.2033e-08
276.28, -1.2122e-08
278.28, -1.2204e-08
280.28, -1.2289e-08
282.28, -1.2373e-08
284.28, -1.2456e-08
286.29, -1.2546e-08
288.29, -1.2633e-08
290.29, -1.2716e-08
292.29, -1.2797e-08
294.29, -1.2879e-08
296.3, -1.2969e-08
298.3, -1.3058e-08
300.3, -1.3149e-08
302.3, -1.3232e-08
304.3, -1.3316e-08
306.31, -1.3402e-08
308.31, -1.3492e-08
310.31, -1.3576e-08
312.31, -1.3657e-08
314.31, -1.3738e-08
316.32, -1.3818e-08
318.32, -1.3898e-08
320.32, -1.398e-08
322.32, -1.4059e-08
324.32, -1.4143e-08
326.33, -1.4227e-08
328.33, -1.4309e-08
330.33, -1.4388e-08
332.33, -1.4464e-08
334.33, -1.4547e-08
336.34, -1.4628e-08
338.34, -1.4709e-08
340.34, -1.4798e-08
342.34, -1.4887e-08
344.34, -1.4976e-08
346.35, -1.506e-08
348.35, -1.5144e-08
350.35, -1.5227e-08
352.35, -1.5311e-08
354.35, -1.5398e-08
356.36, -1.5483e-08
358.36, -1.5564e-08
360.36, -1.5647e-08
362.36, -1.5731e-08
364.36, -1.5814e-08
366.37, -1.5897e-08
368.37, -1.5982e-08
370.37, -1.6067e-08
372.37, -1.6151e-08
374.37, -1.6237e-08
376.38, -1.632e-08
378.38, -1.6401e-08
380.38, -1.6488e-08
382.38, -1.6568e-08
384.38, -1.6648e-08
386.39, -1.6731e-08
388.39, -1.6818e-08
390.39, -1.6909e-08
392.39, -1.6993e-08
394.39, -1.7079e-08
396.4, -1.7168e-08
398.4, -1.7259e-08
400.4, -1.735e-08
402.4, -1.7436e-08
404.4, -1.7523e-08
406.41, -1.7606e-08
408.41, -1.7686e-08
410.41, -1.7763e-08
412.41, -1.784e-08
414.41, -1.7923e-08
416.42, -1.8008e-08
418.42, -1.8094e-08
420.42, -1.818e-08
422.42, -1.8264e-08
424.42, -1.8346e-08
426.43, -1.8433e-08
428.43, -1.8518e-08
430.43, -1.8604e-08
432.43, -1.8691e-08
434.43, -1.8779e-08
436.44, -1.8873e-08
438.44, -1.8968e-08
440.44, -1.9059e-08
442.44, -1.9146e-08
444.44, -1.9231e-08
446.45, -1.9313e-08
448.45, -1.9392e-08
450.45, -1.9475e-08
452.45, -1.9556e-08
454.45, -1.9637e-08
456.46, -1.972e-08
458.46, -1.9803e-08
460.46, -1.9889e-08
462.46, -1.9971e-08
464.46, -2.0052e-08
466.47, -2.0136e-08
468.47, -2.0223e-08
470.47, -2.0307e-08
472.47, -2.0385e-08
474.47, -2.0466e-08
476.48, -2.0554e-08
478.48, -2.0641e-08
480.48, -2.0734e-08
482.48, -2.0817e-08
484.48, -2.0909e-08
486.49, -2.1e-08
488.49, -2.1092e-08
490.49, -2.1179e-08
492.49, -2.127e-08
494.49, -2.1357e-08
496.5, -2.1442e-08
498.5, -2.153e-08
500.5, -2.1615e-08
502.5, -2.17e-08
504.5, -2.1786e-08
506.51, -2.1869e-08
508.51, -2.1956e-08
510.51, -2.2039e-08
512.51, -2.2127e-08
514.51, -2.2212e-08
516.52, -2.2297e-08
518.52, -2.2379e-08
520.52, -2.2456e-08
522.52, -2.2535e-08
524.52, -2.2615e-08
526.53, -2.27e-08
528.53, -2.2786e-08
530.53, -2.287e-08
532.53, -2.2955e-08
534.53, -2.3037e-08
536.54, -2.3112e-08
538.54, -2.3188e-08
540.54, -2.3271e-08
542.54, -2.335e-08
544.54, -2.343e-08
546.55, -2.3518e-08
548.55, -2.3597e-08
550.55, -2.3676e-08
552.55, -2.3754e-08
554.55, -2.3836e-08
556.56, -2.392e-08
558.56, -2.4e-08
560.56, -2.4083e-08
562.56, -2.4165e-08
564.56, -2.4245e-08
566.57, -2.4323e-08
568.57, -2.4408e-08
570.57, -2.4496e-08
572.57, -2.4579e-08
574.57, -2.4663e-08
576.58, -2.4745e-08
578.58, -2.483e-08
580.58, -2.4915e-08
582.58, -2.5001e-08
584.58, -2.5087e-08
586.59, -2.5172e-08
588.59, -2.5261e-08
590.59, -2.5348e-08
592.59, -2.5434e-08
594.59, -2.552e-08
596.6, -2.5606e-08
598.6, -2.5692e-08
600.6, -2.5776e-08
602.6, -2.5855e-08
604.6, -2.5943e-08
606.61, -2.6025e-08
608.61, -2.611e-08
610.61, -2.6197e-08
612.61, -2.6281e-08
614.61, -2.6359e-08
616.62, -2.6443e-08
618.62, -2.653e-08
620.62, -2.6614e-08
622.62, -2.67e-08
624.62, -2.6782e-08
626.63, -2.6862e-08
628.63, -2.6946e-08
630.63, -2.7023e-08
632.63, -2.7099e-08
634.63, -2.7169e-08
636.64, -2.7246e-08
638.64, -2.7326e-08
640.64, -2.7405e-08
642.64, -2.7481e-08
644.64, -2.7557e-08
646.65, -2.7634e-08
648.65, -2.7714e-08
650.65, -2.7797e-08
652.65, -2.7877e-08
654.65, -2.7962e-08
656.66, -2.8048e-08
658.66, -2.8129e-08
660.66, -2.8207e-08
662.66, -2.8283e-08
664.66, -2.8365e-08
666.67, -2.8444e-08
668.67, -2.8524e-08
670.67, -2.8606e-08
672.67, -2.8685e-08
674.67, -2.8769e-08
676.68, -2.8849e-08
678.68, -2.8927e-08
680.68, -2.9001e-08
682.68, -2.9084e-08
684.68, -2.9166e-08
686.69, -2.9253e-08
688.69, -2.934e-08
690.69, -2.9421e-08
692.69, -2.9499e-08
694.69, -2.9578e-08
696.7, -2.9658e-08
698.7, -2.9739e-08
700.7, -2.982e-08
702.7, -2.9899e-08
704.7, -2.9983e-08
706.71, -3.0067e-08
708.71, -3.015e-08
710.71, -3.0234e-08
712.71, -3.0315e-08
714.71, -3.0392e-08
716.72, -3.0471e-08
718.72, -3.0551e-08
720.72, -3.0632e-08
722.72, -3.0714e-08
724.72, -3.0797e-08
726.73, -3.0882e-08
728.73, -3.0969e-08
730.73, -3.1053e-08
732.73, -3.1136e-08
734.73, -3.1221e-08
736.74, -3.1308e-08
738.74, -3.1397e-08
740.74, -3.1478e-08
742.74, -3.1561e-08
744.74, -3.1645e-08
746.75, -3.173e-08
748.75, -3.1815e-08
750.75, -3.19e-08
752.75, -3.1984e-08
754.75, -3.2065e-08
756.76, -3.2152e-08
758.76, -3.2232e-08
760.76, -3.2318e-08
762.76, -3.2405e-08
764.76, -3.249e-08
766.77, -3.2578e-08
768.77, -3.2662e-08
770.77, -3.2748e-08
772.77, -3.2835e-08
774.77, -3.2922e-08
776.78, -3.3005e-08
778.78, -3.3085e-08
780.78, -3.317e-08
782.78, -3.3256e-08
784.78, -3.334e-08
786.79, -3.3427e-08
788.79, -3.3512e-08
790.79, -3.3601e-08
792.79, -3.3686e-08
794.79, -3.3769e-08
796.8, -3.3854e-08
798.8, -3.3939e-08
800.8, -3.4027e-08
802.8, -3.4114e-08
804.8, -3.4198e-08
806.81, -3.4285e-08
808.81, -3.4374e-08
810.81, -3.4467e-08
812.81, -3.4562e-08
814.81, -3.4659e-08
816.82, -3.4753e-08
818.82, -3.4844e-08
820.82, -3.4933e-08
822.82, -3.5025e-08
824.82, -3.5112e-08
826.83, -3.5202e-08
828.83, -3.5291e-08
830.83, -3.5379e-08
832.83, -3.5465e-08
834.83, -3.555e-08
836.84, -3.564e-08
838.84, -3.5732e-08
840.84, -3.5827e-08
842.84, -3.5916e-08
844.84, -3.6002e-08
846.85, -3.609e-08
848.85, -3.6177e-08
850.85, -3.6261e-08
852.85, -3.6344e-08
854.85, -3.643e-08
856.86, -3.6522e-08
858.86, -3.6613e-08
860.86, -3.6701e-08
862.86, -3.6786e-08
864.86, -3.6878e-08
866.87, -3.6968e-08
868.87, -3.7061e-08
870.87, -3.7148e-08
872.87, -3.724e-08
874.87, -3.7327e-08
876.88, -3.741e-08
878.88, -3.7492e-08
880.88, -3.7569e-08
882.88, -3.7649e-08
884.88, -3.7731e-08
886.89, -3.7816e-08
888.89, -3.7903e-08
890.89, -3.799e-08
892.89, -3.8081e-08
894.89, -3.8167e-08
896.9, -3.8251e-08
898.9, -3.8339e-08
900.9, -3.8424e-08
902.9, -3.851e-08
904.9, -3.8597e-08
906.91, -3.8682e-08
908.91, -3.8768e-08
910.91, -3.8857e-08
912.91, -3.8947e-08
914.91, -3.9042e-08
916.92, -3.9135e-08
918.92, -3.9226e-08
920.92, -3.9316e-08
922.92, -3.9402e-08
924.92, -3.9483e-08
926.93, -3.9563e-08
928.93, -3.9637e-08
930.93, -3.9715e-08
932.93, -3.9796e-08
934.93, -3.9881e-08
936.94, -3.9967e-08
938.94, -4.005e-08
940.94, -4.0133e-08
942.94, -4.0218e-08
944.94, -4.0303e-08
946.95, -4.0384e-08
948.95, -4.0469e-08
950.95, -4.0553e-08
952.95, -4.064e-08
954.95, -4.0729e-08
956.96, -4.0822e-08
958.96, -4.0909e-08
960.96, -4.0999e-08
962.96, -4.108e-08
964.96, -4.116e-08
966.97, -4.1245e-08
968.97, -4.133e-08
970.97, -4.1417e-08
972.97, -4.1501e-08
974.97, -4.1586e-08
976.98, -4.1676e-08
978.98, -4.1762e-08
980.98, -4.185e-08
982.98, -4.1938e-08
984.98, -4.2023e-08
986.99, -4.2107e-08
988.99, -4.2188e-08
990.99, -4.2267e-08
992.99, -4.2346e-08
994.99, -4.2425e-08
997.0, -4.2512e-08
999.0, -4.26e-08
1001.0, -4.2686e-08
1003.0, -4.2775e-08
1005.0, -4.286e-08
1007.0, -4.2943e-08
1009.0, -4.3028e-08
1011.0, -4.3115e-08
1013.0, -4.3201e-08
1015.0, -4.3288e-08
1017.0, -4.3105e-08
1019.0, -4.2352e-08
1021.0, -4.1514e-08
1023.0, -4.0736e-08
1025.0, -3.9905e-08
1027.0, -3.9264e-08
1029.0, -3.8439e-08
1031.0, -3.7501e-08
1033.0, -3.6854e-08
1035.0, -3.6004e-08
1037.0, -3.5115e-08
1039.0, -3.4903e-08
1041.0, -3.4994e-08
1043.0, -3.5084e-08
1045.0, -3.5171e-08
1047.0, -3.5249e-08
1049.0, -3.5332e-08
1051.0, -3.5414e-08
1053.1, -3.5496e-08
1055.1, -3.5576e-08
1057.1, -3.5664e-08
1059.1, -3.5752e-08
1061.1, -3.5842e-08
1063.1, -3.5927e-08
1065.1, -3.601e-08
1067.1, -3.6096e-08
1069.1, -3.6184e-08
1071.1, -3.627e-08
1073.1, -3.6353e-08
1075.1, -3.6443e-08
1077.1, -3.6534e-08
1079.1, -3.6613e-08
1081.1, -3.6695e-08
1083.1, -3.6778e-08
1085.1, -3.6863e-08
1087.1, -3.6949e-08
1089.1, -3.7034e-08
1091.1, -3.7125e-08
1093.1, -3.721e-08
1095.1, -3.7301e-08
1097.1, -3.7392e-08
1099.1, -3.7487e-08
1101.1, -3.7574e-08
1103.1, -3.7665e-08
1105.1, -3.7751e-08
1107.1, -3.7839e-08
1109.1, -3.7924e-08
1111.1, -3.8009e-08
1113.1, -3.8091e-08
1115.1, -3.818e-08
1117.1, -3.8271e-08
1119.1, -3.8362e-08
1121.1, -3.8459e-08
1123.1, -3.8551e-08
1125.1, -3.8642e-08
1127.1, -3.873e-08
1129.1, -3.8817e-08
1131.1, -3.8907e-08
1133.1, -3.8994e-08
1135.1, -3.9083e-08
1137.1, -3.9174e-08
1139.1, -3.9261e-08
1141.1, -3.9348e-08
1143.1, -3.9435e-08
1145.1, -3.952e-08
1147.1, -3.9607e-08
1149.1, -3.9688e-08
1151.1, -3.9767e-08
1153.2, -3.985e-08
1155.2, -3.9931e-08
1157.2, -4.0009e-08
1159.2, -4.0088e-08
1161.2, -4.0163e-08
1163.2, -4.0239e-08
1165.2, -4.0314e-08
1167.2, -4.0389e-08
1169.2, -4.0465e-08
1171.2, -4.0543e-08
1173.2, -4.0619e-08
1175.2, -4.0696e-08
1177.2, -4.0782e-08
1179.2, -4.0863e-08
1181.2, -4.0944e-08
1183.2, -4.1017e-08
1185.2, -4.1093e-08
1187.2, -4.1168e-08
1189.2, -4.1249e-08
1191.2, -4.1328e-08
1193.2, -4.1404e-08
1195.2, -4.1484e-08
1197.2, -4.1564e-08
1199.2, -4.164e-08
1201.2, -4.1718e-08
1203.2, -4.1795e-08
1205.2, -4.1876e-08
1207.2, -4.1957e-08
1209.2, -4.2037e-08
1211.2, -4.2121e-08
1213.2, -4.22e-08
1215.2, -4.2284e-08
1217.2, -4.2371e-08
1219.2, -4.2456e-08
1221.2, -4.2535e-08
1223.2, -4.2617e-08
1225.2, -4.2698e-08
1227.2, -4.2787e-08
1229.2, -4.287e-08
1231.2, -4.2954e-08
1233.2, -4.3032e-08
1235.2, -4.3114e-08
1237.2, -4.3198e-08
1239.2, -4.3278e-08
1241.2, -4.3352e-08
1243.2, -4.3429e-08
1245.2, -4.3508e-08
1247.2, -4.3588e-08
1249.2, -4.3672e-08
1251.2, -4.375e-08
1253.3, -4.3829e-08
1255.3, -4.3911e-08
1257.3, -4.3996e-08
1259.3, -4.4078e-08
1261.3, -4.4155e-08
1263.3, -4.4234e-08
1265.3, -4.4315e-08
1267.3, -4.44e-08
1269.3, -4.4482e-08
1271.3, -4.4566e-08
1273.3, -4.4649e-08
1275.3, -4.4733e-08
1277.3, -4.482e-08
1279.3, -4.4906e-08
1281.3, -4.4989e-08
1283.3, -4.5074e-08
1285.3, -4.5162e-08
1287.3, -4.5245e-08
1289.3, -4.5331e-08
1291.3, -4.5412e-08
1293.3, -4.5497e-08
1295.3, -4.5576e-08
1297.3, -4.5658e-08
1299.3, -4.5742e-08
1301.3, -4.5828e-08
1303.3, -4.5913e-08
1305.3, -4.5995e-08
1307.3, -4.6077e-08
1309.3, -4.616e-08
1311.3, -4.624e-08
1313.3, -4.6322e-08
1315.3, -4.6407e-08
1317.3, -4.649e-08
1319.3, -4.657e-08
1321.3, -4.6648e-08
1323.3, -4.6726e-08
1325.3, -4.6804e-08
1327.3, -4.6885e-08
1329.3, -4.6962e-08
1331.3, -4.7037e-08
1333.3, -4.7115e-08
1335.3, -4.7192e-08
1337.3, -4.7276e-08
1339.3, -4.7358e-08
1341.3, -4.7439e-08
1343.3, -4.7517e-08
1345.3, -4.7595e-08
1347.3, -4.7671e-08
1349.3, -4.775e-08
1351.3, -4.7827e-08
1353.4, -4.7903e-08
1355.4, -4.7979e-08
1357.4, -4.8055e-08
1359.4, -4.8131e-08
1361.4, -4.8203e-08
1363.4, -4.8277e-08
1365.4, -4.8353e-08
1367.4, -4.843e-08
1369.4, -4.8512e-08
1371.4, -4.8593e-08
1373.4, -4.8669e-08
1375.4, -4.8752e-08
1377.4, -4.8833e-08
1379.4, -4.8909e-08
1381.4, -4.8982e-08
1383.4, -4.9053e-08
1385.4, -4.9127e-08
1387.4, -4.9207e-08
1389.4, -4.9288e-08
1391.4, -4.9369e-08
1393.4, -4.945e-08
1395.4, -4.9528e-08
1397.4, -4.9612e-08
1399.4, -4.9695e-08
1401.4, -4.9772e-08
1403.4, -4.9856e-08
1405.4, -4.9935e-08
1407.4, -5.0012e-08
1409.4, -5.009e-08
1411.4, -5.017e-08
1413.4, -5.0251e-08
1415.4, -5.0331e-08
1417.4, -5.0419e-08
1419.4, -5.0499e-08
1421.4, -5.058e-08
1423.4, -5.0663e-08
1425.4, -5.0743e-08
1427.4, -5.0827e-08
1429.4, -5.0906e-08
1431.4, -5.0983e-08
1433.4, -5.1063e-08
1435.4, -5.1148e-08
1437.4, -5.1232e-08
1439.4, -5.1316e-08
1441.4, -5.1397e-08
1443.4, -5.1479e-08
1445.4, -5.156e-08
1447.4, -5.1636e-08
1449.4, -5.1714e-08
1451.4, -5.1795e-08
1453.5, -5.1877e-08
1455.5, -5.196e-08
1457.5, -5.2043e-08
1459.5, -5.2126e-08
1461.5, -5.2205e-08
1463.5, -5.228e-08
1465.5, -5.2355e-08
1467.5, -5.2433e-08
1469.5, -5.2514e-08
1471.5, -5.2596e-08
1473.5, -5.2677e-08
1475.5, -5.2755e-08
1477.5, -5.2829e-08
1479.5, -5.2906e-08
1481.5, -5.2983e-08
1483.5, -5.3061e-08
1485.5, -5.3145e-08
1487.5, -5.3232e-08
1489.5, -5.3319e-08
1491.5, -5.3399e-08
1493.5, -5.3478e-08
1495.5, -5.3561e-08
1497.5, -5.3643e-08
1499.5, -5.373e-08
1501.5, -5.3815e-08
1503.5, -5.3903e-08
1505.5, -5.3986e-08
1507.5, -5.407e-08
1509.5, -5.4154e-08
1511.5, -5.4238e-08
1513.5, -5.4325e-08
1515.5, -5.4416e-08
1517.5, -5.4508e-08
1519.5, -5.4599e-08
1521.5, -5.4689e-08
1523.5, -5.4774e-08
1525.5, -5.4857e-08
1527.5, -5.4945e-08
1529.5, -5.5033e-08
1531.5, -5.5122e-08
1533.5, -5.5209e-08
1535.5, -5.5294e-08
1537.5, -5.5382e-08
1539.5, -5.5467e-08
1541.5, -5.5547e-08
1543.5, -5.5631e-08
1545.5, -5.5715e-08
1547.5, -5.5796e-08
1549.5, -5.588e-08
1551.5, -5.5965e-08
1553.6, -5.6049e-08
1555.6, -5.614e-08
1557.6, -5.6226e-08
1559.6, -5.6315e-08
1561.6, -5.6403e-08
1563.6, -5.6492e-08
1565.6, -5.6583e-08
1567.6, -5.6672e-08
1569.6, -5.6765e-08
1571.6, -5.6853e-08
1573.6, -5.694e-08
1575.6, -5.7029e-08
1577.6, -5.7122e-08
1579.6, -5.7207e-08
1581.6, -5.7288e-08
1583.6, -5.7371e-08
1585.6, -5.7458e-08
1587.6, -5.7541e-08
1589.6, -5.7631e-08
1591.6, -5.7715e-08
1593.6, -5.7805e-08
1595.6, -5.7896e-08
1597.6, -5.7982e-08
1599.6, -5.8067e-08
1601.6, -5.815e-08
1603.6, -5.8233e-08
1605.6, -5.8319e-08
1607.6, -5.8408e-08
1609.6, -5.8493e-08
1611.6, -5.8577e-08
1613.6, -5.8663e-08
1615.6, -5.8752e-08
1617.6, -5.8835e-08
1619.6, -5.8919e-08
1621.6, -5.9006e-08
1623.6, -5.9093e-08
1625.6, -5.9179e-08
1627.6, -5.9262e-08
1629.6, -5.9341e-08
1631.6, -5.9422e-08
1633.6, -5.9499e-08
1635.6, -5.9584e-08
1637.6, -5.9664e-08
1639.6, -5.9747e-08
1641.6, -5.9829e-08
1643.6, -5.9916e-08
1645.6, -6e-08
1647.6, -6.0083e-08
1649.6, -6.0163e-08
1651.6, -6.0245e-08
1653.7, -6.0329e-08
1655.7, -6.0415e-08
1657.7, -6.0502e-08
1659.7, -6.0589e-08
1661.7, -6.0677e-08
1663.7, -6.0761e-08
1665.7, -6.0844e-08
1667.7, -6.0927e-08
1669.7, -6.1012e-08
1671.7, -6.1095e-08
1673.7, -6.1177e-08
1675.7, -6.1258e-08
1677.7, -6.1347e-08
1679.7, -6.1438e-08
1681.7, -6.1524e-08
1683.7, -6.1608e-08
1685.7, -6.1699e-08
1687.7, -6.1792e-08
1689.7, -6.189e-08
1691.7, -6.1982e-08
1693.7, -6.2069e-08
1695.7, -6.2155e-08
1697.7, -6.2243e-08
1699.7, -6.2328e-08
1701.7, -6.2415e-08
1703.7, -6.2502e-08
1705.7, -6.2589e-08
1707.7, -6.2675e-08
1709.7, -6.2765e-08
1711.7, -6.2857e-08
1713.7, -6.2946e-08
1715.7, -6.303e-08
1717.7, -6.3113e-08
1719.7, -6.3196e-08
1721.7, -6.3281e-08
1723.7, -6.3366e-08
1725.7, -6.3448e-08
1727.7, -6.3533e-08
1729.7, -6.3618e-08
1731.7, -6.3704e-08
1733.7, -6.3793e-08
1735.7, -6.3879e-08
1737.7, -6.3964e-08
1739.7, -6.4053e-08
1741.7, -6.4138e-08
1743.7, -6.4225e-08
1745.7, -6.4309e-08
1747.7, -6.44e-08
1749.7, -6.4489e-08
1751.7, -6.4579e-08
1753.8, -6.4671e-08
1755.8, -6.4758e-08
1757.8, -6.4849e-08
1759.8, -6.4936e-08
1761.8, -6.5025e-08
1763.8, -6.5119e-08
1765.8, -6.5207e-08
1767.8, -6.5296e-08
1769.8, -6.5379e-08
1771.8, -6.5462e-08
1773.8, -6.5546e-08
1775.8, -6.5638e-08
1777.8, -6.5731e-08
1779.8, -6.5816e-08
1781.8, -6.5898e-08
1783.8, -6.5982e-08
1785.8, -6.6067e-08
1787.8, -6.6153e-08
1789.8, -6.6242e-08
1791.8, -6.6328e-08
1793.8, -6.6412e-08
1795.8, -6.6494e-08
1797.8, -6.6575e-08
1799.8, -6.6656e-08
1801.8, -6.6739e-08
1803.8, -6.6821e-08
1805.8, -6.6904e-08
1807.8, -6.6987e-08
1809.8, -6.7069e-08
1811.8, -6.7151e-08
1813.8, -6.724e-08
1815.8, -6.7324e-08
1817.8, -6.7411e-08
1819.8, -6.7499e-08
1821.8, -6.7587e-08
1823.8, -6.7671e-08
1825.8, -6.7752e-08
1827.8, -6.7837e-08
1829.8, -6.7923e-08
1831.8, -6.8007e-08
1833.8, -6.8091e-08
1835.8, -6.8177e-08
1837.8, -6.8265e-08
1839.8, -6.8358e-08
1841.8, -6.8451e-08
1843.8, -6.854e-08
1845.8, -6.8626e-08
1847.8, -6.8714e-08
1849.8, -6.8806e-08
1851.8, -6.8895e-08
1853.9, -6.8979e-08
1855.9, -6.9068e-08
1857.9, -6.9157e-08
1859.9, -6.9249e-08
1861.9, -6.9334e-08
1863.9, -6.9421e-08
1865.9, -6.9506e-08
1867.9, -6.959e-08
1869.9, -6.9676e-08
1871.9, -6.9759e-08
1873.9, -6.9846e-08
1875.9, -6.9932e-08
1877.9, -7.0023e-08
1879.9, -7.0117e-08
1881.9, -7.0205e-08
1883.9, -7.0293e-08
1885.9, -7.0378e-08
1887.9, -7.0467e-08
1889.9, -7.0551e-08
1891.9, -7.0634e-08
1893.9, -7.0717e-08
1895.9, -7.0798e-08
1897.9, -7.0882e-08
1899.9, -7.0969e-08
1901.9, -7.1053e-08
1903.9, -7.1136e-08
1905.9, -7.1217e-08
1907.9, -7.1301e-08
1909.9, -7.139e-08
1911.9, -7.1479e-08
1913.9, -7.1562e-08
1915.9, -7.1652e-08
1917.9, -7.1738e-08
1919.9, -7.1824e-08
1921.9, -7.1907e-08
1923.9, -7.1993e-08
1925.9, -7.2081e-08
1927.9, -7.2169e-08
1929.9, -7.2256e-08
1931.9, -7.2337e-08
1933.9, -7.2419e-08
1935.9, -7.2503e-08
1937.9, -7.2586e-08
1939.9, -7.267e-08
1941.9, -7.2754e-08
1943.9, -7.2835e-08
1945.9, -7.2917e-08
1947.9, -7.3e-08
1949.9, -7.3084e-08
1951.9, -7.3171e-08
1954.0, -7.3257e-08
1956.0, -7.3343e-08
1958.0, -7.343e-08
1960.0, -7.3513e-08
1962.0, -7.3598e-08
1964.0, -7.368e-08
1966.0, -7.3762e-08
1968.0, -7.3844e-08
1970.0, -7.3928e-08
1972.0, -7.4006e-08
1974.0, -7.4086e-08
1976.0, -7.4171e-08
1978.0, -7.4255e-08
1980.0, -7.4336e-08
1982.0, -7.4417e-08
1984.0, -7.4495e-08
1986.0, -7.4574e-08
1988.0, -7.4658e-08
1990.0, -7.4739e-08
1992.0, -7.4821e-08
1994.0, -7.4902e-08
1996.0, -7.4987e-08
1998.0, -7.5072e-08
2000.0, -7.516e-08
2002.0, -7.5247e-08
2004.0, -7.5333e-08
2006.0, -7.5415e-08
2008.0, -7.5501e-08
2010.0, -7.5589e-08
2012.0, -7.5673e-08
2014.0, -7.5758e-08
2016.0, -7.5843e-08
2018.0, -7.5928e-08
2020.0, -7.6013e-08
2022.0, -7.6103e-08
2024.0, -7.6194e-08
2026.0, -7.6286e-08
2028.0, -7.6378e-08
2030.0, -7.6467e-08
2032.0, -7.6548e-08
2034.0, -7.6631e-08
2036.0, -7.6716e-08
2038.0, -7.6802e-08
2040.0, -7.6879e-08
2042.0, -7.6962e-08
2044.0, -7.7049e-08
2046.0, -7.7134e-08
2048.0, -7.722e-08
2050.0, -7.7309e-08
2052.0, -7.7399e-08
2054.1, -7.749e-08
2056.1, -7.7581e-08
2058.1, -7.7669e-08
2060.1, -7.7755e-08
2062.1, -7.7839e-08
2064.1, -7.7928e-08
2066.1, -7.8018e-08
2068.1, -7.8107e-08
2070.1, -7.8197e-08
2072.1, -7.8279e-08
2074.1, -7.8369e-08
2076.1, -7.846e-08
2078.1, -7.8551e-08
2080.1, -7.8637e-08
2082.1, -7.8724e-08
2084.1, -7.8811e-08
2086.1, -7.8899e-08
2088.1, -7.8979e-08
2090.1, -7.9061e-08
2092.1, -7.9142e-08
2094.1, -7.9222e-08
2096.1, -7.9303e-08
2098.1, -7.9385e-08
2100.1, -7.9461e-08
2102.1, -7.9535e-08
2104.1, -7.9612e-08
2106.1, -7.9687e-08
2108.1, -7.9765e-08
2110.1, -7.9842e-08
2112.1, -7.9917e-08
2114.1, -7.9996e-08
2116.1, -8.0077e-08
2118.1, -8.0156e-08
2120.1, -8.0238e-08
2122.1, -8.032e-08
2124.1, -8.0407e-08
2126.1, -8.0487e-08
2128.1, -8.0569e-08
2130.1, -8.0645e-08
2132.1, -8.0722e-08
2134.1, -8.0803e-08
2136.1, -8.0883e-08
2138.1, -8.0966e-08
2140.1, -8.1048e-08
2142.1, -8.1124e-08
2144.1, -8.1207e-08
2146.1, -8.1288e-08
2148.1, -8.1371e-08
2150.1, -8.1455e-08
2152.1, -8.1535e-08
2154.2, -8.1618e-08
2156.2, -8.171e-08
2158.2, -8.1799e-08
2160.2, -8.1885e-08
2162.2, -8.1967e-08
2164.2, -8.2054e-08
2166.2, -8.2144e-08
2168.2, -8.2227e-08
2170.2, -8.2312e-08
2172.2, -8.2396e-08
2174.2, -8.2479e-08
2176.2, -8.2569e-08
2178.2, -8.2653e-08
2180.2, -8.2739e-08
2182.2, -8.2823e-08
2184.2, -8.2905e-08
2186.2, -8.2982e-08
2188.2, -8.3058e-08
2190.2, -8.314e-08
2192.2, -8.3215e-08
2194.2, -8.3291e-08
2196.2, -8.3366e-08
2198.2, -8.3441e-08
2200.2, -8.352e-08
2202.2, -8.36e-08
2204.2, -8.3675e-08
2206.2, -8.3749e-08
2208.2, -8.3826e-08
2210.2, -8.3898e-08
2212.2, -8.3976e-08
2214.2, -8.4056e-08
2216.2, -8.4137e-08
2218.2, -8.4223e-08
2220.2, -8.43e-08
2222.2, -8.438e-08
2224.2, -8.4454e-08
2226.2, -8.4527e-08
2228.2, -8.4604e-08
2230.2, -8.4685e-08
2232.2, -8.4768e-08
2234.2, -8.4843e-08
2236.2, -8.4921e-08
2238.2, -8.5003e-08
2240.2, -8.5084e-08
2242.2, -8.5164e-08
2244.2, -8.5244e-08
2246.2, -8.5329e-08
2248.2, -8.5411e-08
2250.2, -8.5496e-08
2252.2, -8.5577e-08
2254.3, -8.5653e-08
2256.3, -8.5731e-08
2258.3, -8.5811e-08
2260.3, -8.589e-08
2262.3, -8.5968e-08
2264.3, -8.6049e-08
2266.3, -8.6132e-08
2268.3, -8.6216e-08
2270.3, -8.6301e-08
2272.3, -8.6391e-08
2274.3, -8.6481e-08
2276.3, -8.6574e-08
2278.3, -8.6661e-08
2280.3, -8.6745e-08
2282.3, -8.6828e-08
2284.3, -8.6911e-08
2286.3, -8.6995e-08
2288.3, -8.7074e-08
2290.3, -8.716e-08
2292.3, -8.7245e-08
2294.3, -8.7326e-08
2296.3, -8.7406e-08
2298.3, -8.7483e-08
2300.3, -8.7564e-08
2302.3, -8.7644e-08
2304.3, -8.7726e-08
2306.3, -8.7808e-08
2308.3, -8.7894e-08
2310.3, -8.7985e-08
2312.3, -8.8071e-08
2314.3, -8.8155e-08
2316.3, -8.8238e-08
2318.3, -8.8321e-08
2320.3, -8.84e-08
2322.3, -8.8483e-08
2324.3, -8.8569e-08
2326.3, -8.8651e-08
2328.3, -8.873e-08
2330.3, -8.8813e-08
2332.3, -8.8895e-08
2334.3, -8.8981e-08
2336.3, -8.9061e-08
2338.3, -8.9137e-08
2340.3, -8.9214e-08
2342.3, -8.9293e-08
2344.3, -8.9373e-08
2346.3, -8.9452e-08
2348.3, -8.9533e-08
2350.3, -8.9615e-08
2352.3, -8.9699e-08
2354.4, -8.9783e-08
2356.4, -8.9864e-08
2358.4, -8.9944e-08
2360.4, -9.0019e-08
2362.4, -9.0098e-08
2364.4, -9.018e-08
2366.4, -9.0261e-08
2368.4, -9.0338e-08
2370.4, -9.0416e-08
2372.4, -9.0498e-08
2374.4, -9.058e-08
2376.4, -9.0666e-08
2378.4, -9.0746e-08
2380.4, -9.083e-08
2382.4, -9.0918e-08
2384.4, -9.0997e-08
2386.4, -9.1082e-08
2388.4, -9.1166e-08
2390.4, -9.125e-08
2392.4, -9.1338e-08
2394.4, -9.1428e-08
2396.4, -9.1519e-08
2398.4, -9.1603e-08
2400.4, -9.1689e-08
2402.4, -9.1775e-08
2404.4, -9.186e-08
2406.4, -9.1945e-08
2408.4, -9.2029e-08
2410.4, -9.2114e-08
2412.4, -9.22e-08
2414.4, -9.2289e-08
2416.4, -9.2371e-08
2418.4, -9.2454e-08
2420.4, -9.2534e-08
2422.4, -9.261e-08
2424.4, -9.2689e-08
2426.4, -9.2768e-08
2428.4, -9.2853e-08
2430.4, -9.2933e-08
2432.4, -9.3008e-08
2434.4, -9.3084e-08
2436.4, -9.3165e-08
2438.4, -9.325e-08
2440.4, -9.3338e-08
2442.4, -9.3419e-08
2444.4, -9.3497e-08
2446.4, -9.3573e-08
2448.4, -9.3655e-08
2450.4, -9.3737e-08
2452.4, -9.382e-08
2454.5, -9.3903e-08
2456.5, -9.3987e-08
2458.5, -9.407e-08
2460.5, -9.4155e-08
2462.5, -9.4241e-08
2464.5, -9.4327e-08
2466.5, -9.4412e-08
2468.5, -9.4495e-08
2470.5, -9.4583e-08
2472.5, -9.4673e-08
2474.5, -9.4756e-08
2476.5, -9.4842e-08
2478.5, -9.4931e-08
2480.5, -9.5018e-08
2482.5, -9.5106e-08
2484.5, -9.519e-08
2486.5, -9.5275e-08
2488.5, -9.5362e-08
2490.5, -9.5453e-08
2492.5, -9.5538e-08
2494.5, -9.5625e-08
2496.5, -9.5718e-08
2498.5, -9.5806e-08
2500.5, -9.5894e-08
2502.5, -9.5982e-08
2504.5, -9.6069e-08
2506.5, -9.6153e-08
2508.5, -9.6239e-08
2510.5, -9.6325e-08
2512.5, -9.6408e-08
2514.5, -9.6495e-08
2516.5, -9.6582e-08
2518.5, -9.6671e-08
2520.5, -9.6757e-08
2522.5, -9.6845e-08
2524.5, -9.6929e-08
2526.5, -9.7017e-08
2528.5, -9.7109e-08
2530.5, -9.7197e-08
2532.5, -9.7281e-08
2534.5, -9.7368e-08
2536.5, -9.7452e-08
2538.5, -9.7537e-08
2540.5, -9.7625e-08
2542.5, -9.771e-08
2544.5, -9.7799e-08
2546.5, -9.7886e-08
2548.5, -9.7971e-08
2550.5, -9.8058e-08
2552.5, -9.8142e-08
2554.6, -9.8226e-08
2556.6, -9.8312e-08
2558.6, -9.84e-08
2560.6, -9.8492e-08
2562.6, -9.858e-08
2564.6, -9.8669e-08
2566.6, -9.8758e-08
2568.6, -9.885e-08
2570.6, -9.8938e-08
2572.6, -9.9025e-08
2574.6, -9.9118e-08
2576.6, -9.9208e-08
2578.6, -9.93e-08
2580.6, -9.9396e-08
2582.6, -9.9485e-08
2584.6, -9.9577e-08
2586.6, -9.967e-08
2588.6, -9.9761e-08
2590.6, -9.9852e-08
2592.6, -9.9943e-08
2594.6, -1.0003e-07
2596.6, -1.0012e-07
2598.6, -1.0021e-07
2600.6, -1.0029e-07
2602.6, -1.0037e-07
2604.6, -1.0046e-07
2606.6, -1.0054e-07
2608.6, -1.0063e-07
2610.6, -1.0072e-07
2612.6, -1.0081e-07
2614.6, -1.009e-07
2616.6, -1.0099e-07
2618.6, -1.0108e-07
2620.6, -1.0117e-07
2622.6, -1.0125e-07
2624.6, -1.0134e-07
2626.6, -1.0142e-07
2628.6, -1.0151e-07
2630.6, -1.016e-07
2632.6, -1.0169e-07
2634.6, -1.0177e-07
2636.6, -1.0186e-07
2638.6, -1.0194e-07
2640.6, -1.0203e-07
2642.6, -1.0211e-07
2644.6, -1.0219e-07
2646.6, -1.0228e-07
2648.6, -1.0236e-07
2650.6, -1.0245e-07
2652.6, -1.0253e-07
2654.7, -1.0261e-07
2656.7, -1.027e-07
2658.7, -1.0279e-07
2660.7, -1.0287e-07
2662.7, -1.0296e-07
2664.7, -1.0304e-07
2666.7, -1.0313e-07
2668.7, -1.0322e-07
2670.7, -1.0331e-07
2672.7, -1.0339e-07
2674.7, -1.0347e-07
2676.7, -1.0355e-07
2678.7, -1.0363e-07
2680.7, -1.0371e-07
2682.7, -1.0379e-07
2684.7, -1.0387e-07
2686.7, -1.0395e-07
2688.7, -1.0402e-07
2690.7, -1.0411e-07
2692.7, -1.0419e-07
2694.7, -1.0427e-07
2696.7, -1.0436e-07
2698.7, -1.0444e-07
2700.7, -1.0453e-07
2702.7, -1.0462e-07
2704.7, -1.047e-07
2706.7, -1.0479e-07
2708.7, -1.0487e-07
2710.7, -1.0496e-07
2712.7, -1.0504e-07
2714.7, -1.0513e-07
2716.7, -1.0522e-07
2718.7, -1.053e-07
2720.7, -1.0539e-07
2722.7, -1.0548e-07
2724.7, -1.0557e-07
2726.7, -1.0566e-07
2728.7, -1.0575e-07
2730.7, -1.0584e-07
2732.7, -1.0593e-07
2734.7, -1.0601e-07
2736.7, -1.061e-07
2738.7, -1.0619e-07
2740.7, -1.0628e-07
2742.7, -1.0636e-07
2744.7, -1.0645e-07
2746.7, -1.0654e-07
2748.7, -1.0663e-07
2750.7, -1.0671e-07
2752.7, -1.068e-07
2754.8, -1.0688e-07
2756.8, -1.0697e-07
2758.8, -1.0706e-07
2760.8, -1.0715e-07
2762.8, -1.0724e-07
2764.8, -1.0732e-07
2766.8, -1.0741e-07
2768.8, -1.075e-07
2770.8, -1.0759e-07
2772.8, -1.0768e-07
2774.8, -1.0777e-07
2776.8, -1.0786e-07
2778.8, -1.0795e-07
2780.8, -1.0803e-07
2782.8, -1.0812e-07
2784.8, -1.082e-07
2786.8, -1.0828e-07
2788.8, -1.0837e-07
2790.8, -1.0846e-07
2792.8, -1.0854e-07
2794.8, -1.0863e-07
2796.8, -1.0872e-07
2798.8, -1.088e-07
2800.8, -1.0889e-07
2802.8, -1.0898e-07
2804.8, -1.0906e-07
2806.8, -1.0915e-07
2808.8, -1.0924e-07
2810.8, -1.0933e-07
2812.8, -1.0942e-07
2814.8, -1.0951e-07
2816.8, -1.0959e-07
2818.8, -1.0968e-07
2820.8, -1.0977e-07
2822.8, -1.0986e-07
2824.8, -1.0995e-07
2826.8, -1.1005e-07
2828.8, -1.1014e-07
2830.8, -1.1023e-07
2832.8, -1.1032e-07
2834.8, -1.1041e-07
2836.8, -1.1051e-07
2838.8, -1.106e-07
2840.8, -1.1069e-07
2842.8, -1.1078e-07
2844.8, -1.1087e-07
2846.8, -1.1096e-07
2848.8, -1.1105e-07
2850.8, -1.1114e-07
2852.8, -1.1123e-07
2854.9, -1.1132e-07
2856.9, -1.1141e-07
2858.9, -1.115e-07
2860.9, -1.1159e-07
2862.9, -1.1168e-07
2864.9, -1.1177e-07
2866.9, -1.1186e-07
2868.9, -1.1194e-07
2870.9, -1.1203e-07
2872.9, -1.1211e-07
2874.9, -1.122e-07
2876.9, -1.1229e-07
2878.9, -1.1238e-07
2880.9, -1.1246e-07
2882.9, -1.1255e-07
2884.9, -1.1264e-07
2886.9, -1.1272e-07
2888.9, -1.1281e-07
2890.9, -1.1289e-07
2892.9, -1.1298e-07
2894.9, -1.1306e-07
2896.9, -1.1315e-07
2898.9, -1.1324e-07
2900.9, -1.1332e-07
2902.9, -1.1341e-07
2904.9, -1.1349e-07
2906.9, -1.1358e-07
2908.9, -1.1367e-07
2910.9, -1.1375e-07
2912.9, -1.1384e-07
2914.9, -1.1393e-07
2916.9, -1.1402e-07
2918.9, -1.141e-07
2920.9, -1.1419e-07
2922.9, -1.1428e-07
2924.9, -1.1437e-07
2926.9, -1.1446e-07
2928.9, -1.1455e-07
2930.9, -1.1463e-07
2932.9, -1.1472e-07
2934.9, -1.1481e-07
2936.9, -1.1489e-07
2938.9, -1.1497e-07
2940.9, -1.1505e-07
2942.9, -1.1513e-07
2944.9, -1.1521e-07
2946.9, -1.153e-07
2948.9, -1.1538e-07
2950.9, -1.1546e-07
2952.9, -1.1554e-07
2955.0, -1.1562e-07
2957.0, -1.1571e-07
2959.0, -1.1579e-07
2961.0, -1.1587e-07
2963.0, -1.1594e-07
2965.0, -1.1603e-07
2967.0, -1.1611e-07
2969.0, -1.1619e-07
2971.0, -1.1627e-07
2973.0, -1.1634e-07
2975.0, -1.1642e-07
2977.0, -1.165e-07
2979.0, -1.1658e-07
2981.0, -1.1667e-07
2983.0, -1.1675e-07
2985.0, -1.1683e-07
2987.0, -1.1691e-07
2989.0, -1.1699e-07
2991.0, -1.1708e-07
2993.0, -1.1716e-07
2995.0, -1.1724e-07
2997.0, -1.1733e-07
2999.0, -1.174e-07
3001.0, -1.1748e-07
3003.0, -1.1756e-07
3005.0, -1.1764e-07
3007.0, -1.1772e-07
3009.0, -1.1779e-07
3011.0, -1.1787e-07
3013.0, -1.1795e-07
3015.0, -1.1803e-07
3017.0, -1.1811e-07
3019.0, -1.1819e-07
3021.0, -1.1828e-07
3023.0, -1.1836e-07
3025.0, -1.1843e-07
3027.0, -1.1852e-07
3029.0, -1.1861e-07
3031.0, -1.187e-07
3033.0, -1.1879e-07
3035.0, -1.1888e-07
3037.0, -1.1897e-07
3039.0, -1.1906e-07
3041.0, -1.1915e-07
3043.0, -1.1923e-07
3045.0, -1.1932e-07
3047.0, -1.194e-07
3049.0, -1.1949e-07
3051.0, -1.1954e-07
3053.0, -1.1889e-07
3055.1, -1.1822e-07
3057.1, -1.1737e-07
3059.1, -1.1654e-07
3061.1, -1.1583e-07
3063.1, -1.1484e-07
3065.1, -1.139e-07
3067.1, -1.1287e-07
3069.1, -1.1194e-07
3071.1, -1.1115e-07
3073.1, -1.107e-07
3075.1, -1.1078e-07
3077.1, -1.1087e-07
3079.1, -1.1096e-07
3081.1, -1.1105e-07
3083.1, -1.1113e-07
3085.1, -1.1122e-07
3087.1, -1.1131e-07
3089.1, -1.1139e-07
3091.1, -1.1147e-07
3093.1, -1.1156e-07
3095.1, -1.1165e-07
3097.1, -1.1174e-07
3099.1, -1.1183e-07
3101.1, -1.1192e-07
3103.1, -1.1201e-07
3105.1, -1.1209e-07
3107.1, -1.1218e-07
3109.1, -1.1227e-07
3111.1, -1.1236e-07
3113.1, -1.1244e-07
3115.1, -1.1253e-07
3117.1, -1.1262e-07
3119.1, -1.127e-07
3121.1, -1.1279e-07
3123.1, -1.1287e-07
3125.1, -1.1295e-07
3127.1, -1.1304e-07
3129.1, -1.1312e-07
3131.1, -1.1321e-07
3133.1, -1.133e-07
3135.1, -1.1339e-07
3137.1, -1.1347e-07
3139.1, -1.1356e-07
3141.1, -1.1365e-07
3143.1, -1.1374e-07
3145.1, -1.1383e-07
3147.1, -1.1392e-07
3149.1, -1.14e-07
3151.1, -1.1409e-07
3153.1, -1.1418e-07
3155.2, -1.1427e-07
3157.2, -1.1436e-07
3159.2, -1.1445e-07
3161.2, -1.1453e-07
3163.2, -1.1462e-07
3165.2, -1.147e-07
3167.2, -1.1478e-07
3169.2, -1.1487e-07
3171.2, -1.1495e-07
3173.2, -1.1504e-07
3175.2, -1.1513e-07
3177.2, -1.1522e-07
3179.2, -1.153e-07
3181.2, -1.1539e-07
3183.2, -1.1548e-07
3185.2, -1.1556e-07
3187.2, -1.1565e-07
3189.2, -1.1573e-07
3191.2, -1.1583e-07
3193.2, -1.1592e-07
3195.2, -1.1601e-07
3197.2, -1.161e-07
3199.2, -1.1619e-07
3201.2, -1.1628e-07
3203.2, -1.1637e-07
3205.2, -1.1647e-07
3207.2, -1.1656e-07
3209.2, -1.1665e-07
3211.2, -1.1674e-07
3213.2, -1.1684e-07
3215.2, -1.1693e-07
3217.2, -1.1701e-07
3219.2, -1.171e-07
3221.2, -1.1719e-07
3223.2, -1.1727e-07
3225.2, -1.1737e-07
3227.2, -1.1746e-07
3229.2, -1.1755e-07
3231.2, -1.1765e-07
3233.2, -1.1774e-07
3235.2, -1.1783e-07
3237.2, -1.1792e-07
3239.2, -1.1801e-07
3241.2, -1.181e-07
3243.2, -1.182e-07
3245.2, -1.1829e-07
3247.2, -1.1839e-07
3249.2, -1.1848e-07
3251.2, -1.1857e-07
3253.2, -1.1867e-07
3255.3, -1.1876e-07
3257.3, -1.1886e-07
3259.3, -1.1895e-07
3261.3, -1.1905e-07
3263.3, -1.1914e-07
3265.3, -1.1923e-07
3267.3, -1.1932e-07
3269.3, -1.1941e-07
3271.3, -1.1951e-07
3273.3, -1.196e-07
3275.3, -1.1969e-07
3277.3, -1.1978e-07
3279.3, -1.1986e-07
3281.3, -1.1995e-07
3283.3, -1.2004e-07
3285.3, -1.2014e-07
3287.3, -1.2023e-07
3289.3, -1.2033e-07
3291.3, -1.2042e-07
3293.3, -1.2052e-07
3295.3, -1.2061e-07
3297.3, -1.207e-07
3299.3, -1.208e-07
3301.3, -1.209e-07
3303.3, -1.2099e-07
3305.3, -1.2109e-07
3307.3, -1.2118e-07
3309.3, -1.2128e-07
3311.3, -1.2137e-07
3313.3, -1.2146e-07
3315.3, -1.2155e-07
3317.3, -1.2165e-07
3319.3, -1.2174e-07
3321.3, -1.2183e-07
3323.3, -1.2192e-07
3325.3, -1.2202e-07
3327.3, -1.2211e-07
3329.3, -1.222e-07
3331.3, -1.2229e-07
3333.3, -1.2239e-07
3335.3, -1.2248e-07
3337.3, -1.2257e-07
3339.3, -1.2267e-07
3341.3, -1.2277e-07
3343.3, -1.2287e-07
3345.3, -1.2296e-07
3347.3, -1.2305e-07
3349.3, -1.2314e-07
3351.3, -1.2323e-07
3353.3, -1.2333e-07
3355.4, -1.2342e-07
3357.4, -1.2351e-07
3359.4, -1.236e-07
3361.4, -1.2369e-07
3363.4, -1.2378e-07
3365.4, -1.2388e-07
3367.4, -1.2397e-07
3369.4, -1.2406e-07
3371.4, -1.2415e-07
3373.4, -1.2424e-07
3375.4, -1.2433e-07
3377.4, -1.2442e-07
3379.4, -1.2451e-07
3381.4, -1.246e-07
3383.4, -1.2469e-07
3385.4, -1.2479e-07
3387.4, -1.2488e-07
3389.4, -1.2497e-07
3391.4, -1.2506e-07
3393.4, -1.2515e-07
3395.4, -1.2524e-07
3397.4, -1.2533e-07
3399.4, -1.2542e-07
3401.4, -1.2551e-07
3403.4, -1.256e-07
3405.4, -1.2568e-07
3407.4, -1.2577e-07
3409.4, -1.2586e-07
3411.4, -1.2595e-07
3413.4, -1.2604e-07
3415.4, -1.2613e-07
3417.4, -1.2622e-07
3419.4, -1.263e-07
3421.4, -1.2639e-07
3423.4, -1.2647e-07
3425.4, -1.2656e-07
3427.4, -1.2664e-07
3429.4, -1.2673e-07
3431.4, -1.2682e-07
3433.4, -1.2691e-07
3435.4, -1.27e-07
3437.4, -1.2708e-07
3439.4, -1.2716e-07
3441.4, -1.2725e-07
3443.4, -1.2734e-07
3445.4, -1.2742e-07
3447.4, -1.275e-07
3449.4, -1.2759e-07
3451.4, -1.2768e-07
3453.4, -1.2776e-07
3455.5, -1.2784e-07
3457.5, -1.2793e-07
3459.5, -1.2802e-07
3461.5, -1.2811e-07
3463.5, -1.282e-07
3465.5, -1.2829e-07
3467.5, -1.2838e-07
3469.5, -1.2847e-07
3471.5, -1.2856e-07
3473.5, -1.2864e-07
3475.5, -1.2873e-07
3477.5, -1.2882e-07
3479.5, -1.289e-07
3481.5, -1.2899e-07
3483.5, -1.2908e-07
3485.5, -1.2917e-07
3487.5, -1.2925e-07
3489.5, -1.2934e-07
3491.5, -1.2943e-07
3493.5, -1.2953e-07
3495.5, -1.2962e-07
3497.5, -1.2971e-07
3499.5, -1.298e-07
3501.5, -1.2989e-07
3503.5, -1.2997e-07
3505.5, -1.3007e-07
3507.5, -1.3016e-07
3509.5, -1.3025e-07
3511.5, -1.3035e-07
3513.5, -1.3044e-07
3515.5, -1.3053e-07
3517.5, -1.3063e-07
3519.5, -1.3073e-07
3521.5, -1.3082e-07
3523.5, -1.3091e-07
3525.5, -1.31e-07
3527.5, -1.3109e-07
3529.5, -1.3118e-07
3531.5, -1.3127e-07
3533.5, -1.3137e-07
3535.5, -1.3146e-07
3537.5, -1.3154e-07
3539.5, -1.3163e-07
3541.5, -1.3172e-07
3543.5, -1.3181e-07
3545.5, -1.319e-07
3547.5, -1.3199e-07
3549.5, -1.3209e-07
3551.5, -1.3218e-07
3553.5, -1.3228e-07
3555.6, -1.3237e-07
3557.6, -1.3247e-07
3559.6, -1.3256e-07
3561.6, -1.3265e-07
3563.6, -1.3275e-07
3565.6, -1.3284e-07
3567.6, -1.3294e-07
3569.6, -1.3304e-07
3571.6, -1.3314e-07
3573.6, -1.3323e-07
3575.6, -1.3332e-07
3577.6, -1.3342e-07
3579.6, -1.3351e-07
3581.6, -1.336e-07
3583.6, -1.3369e-07
3585.6, -1.3378e-07
3587.6, -1.3387e-07
3589.6, -1.3397e-07
3591.6, -1.3406e-07
3593.6, -1.3416e-07
3595.6, -1.3426e-07
3597.6, -1.3435e-07
3599.6, -1.3445e-07
3601.6, -1.3454e-07
3603.6, -1.3463e-07
3605.6, -1.3473e-07
3607.6, -1.3482e-07
3609.6, -1.3491e-07
3611.6, -1.35e-07
3613.6, -1.3509e-07
3615.6, -1.3518e-07
3617.6, -1.3526e-07
3619.6, -1.3535e-07
3621.6, -1.3544e-07
3623.6, -1.3553e-07
3625.6, -1.3562e-07
3627.6, -1.357e-07
3629.6, -1.3579e-07
3631.6, -1.3588e-07
3633.6, -1.3597e-07
3635.6, -1.3606e-07
3637.6, -1.3615e-07
3639.6, -1.3624e-07
3641.6, -1.3633e-07
3643.6, -1.3643e-07
3645.6, -1.3652e-07
3647.6, -1.3661e-07
3649.6, -1.3671e-07
3651.6, -1.368e-07
3653.6, -1.3688e-07
3655.7, -1.3697e-07
3657.7, -1.3706e-07
3659.7, -1.3716e-07
3661.7, -1.3724e-07
3663.7, -1.3734e-07
3665.7, -1.3743e-07
3667.7, -1.3751e-07
3669.7, -1.3761e-07
3671.7, -1.377e-07
3673.7, -1.3778e-07
3675.7, -1.3787e-07
3677.7, -1.3796e-07
3679.7, -1.3806e-07
3681.7, -1.3815e-07
3683.7, -1.3824e-07
3685.7, -1.3833e-07
3687.7, -1.3843e-07
3689.7, -1.3852e-07
3691.7, -1.3862e-07
3693.7, -1.3871e-07
3695.7, -1.3881e-07
3697.7, -1.389e-07
3699.7, -1.3899e-07
3701.7, -1.3909e-07
3703.7, -1.3918e-07
3705.7, -1.3927e-07
3707.7, -1.3937e-07
3709.7, -1.3946e-07
3711.7, -1.3955e-07
3713.7, -1.3964e-07
3715.7, -1.3972e-07
3717.7, -1.3981e-07
3719.7, -1.399e-07
3721.7, -1.3999e-07
3723.7, -1.4008e-07
3725.7, -1.4017e-07
3727.7, -1.4026e-07
3729.7, -1.4035e-07
3731.7, -1.4043e-07
3733.7, -1.4052e-07
3735.7, -1.4061e-07
3737.7, -1.407e-07
3739.7, -1.408e-07
3741.7, -1.4089e-07
3743.7, -1.4098e-07
3745.7, -1.4107e-07
3747.7, -1.4116e-07
3749.7, -1.4125e-07
3751.7, -1.4133e-07
3753.7, -1.4142e-07
3755.8, -1.4151e-07
3757.8, -1.4161e-07
3759.8, -1.417e-07
3761.8, -1.4179e-07
3763.8, -1.4188e-07
3765.8, -1.4198e-07
3767.8, -1.4207e-07
3769.8, -1.4216e-07
3771.8, -1.4225e-07
3773.8, -1.4235e-07
3775.8, -1.4243e-07
3777.8, -1.4252e-07
3779.8, -1.4261e-07
3781.8, -1.427e-07
3783.8, -1.4279e-07
3785.8, -1.4288e-07
3787.8, -1.4298e-07
3789.8, -1.4307e-07
3791.8, -1.4317e-07
3793.8, -1.4327e-07
3795.8, -1.4336e-07
3797.8, -1.4345e-07
3799.8, -1.4353e-07
3801.8, -1.4362e-07
3803.8, -1.4371e-07
3805.8, -1.4379e-07
3807.8, -1.4388e-07
3809.8, -1.4397e-07
3811.8, -1.4406e-07
3813.8, -1.4414e-07
3815.8, -1.4423e-07
3817.8, -1.4432e-07
3819.8, -1.4441e-07
3821.8, -1.445e-07
3823.8, -1.446e-07
3825.8, -1.4469e-07
3827.8, -1.4478e-07
3829.8, -1.4487e-07
3831.8, -1.4496e-07
3833.8, -1.4505e-07
3835.8, -1.4514e-07
3837.8, -1.4523e-07
3839.8, -1.4532e-07
3841.8, -1.4541e-07
3843.8, -1.455e-07
3845.8, -1.4559e-07
3847.8, -1.4568e-07
3849.8, -1.4577e-07
3851.8, -1.4585e-07
3853.8, -1.4594e-07
3855.9, -1.4603e-07
3857.9, -1.4612e-07
3859.9, -1.462e-07
3861.9, -1.4629e-07
3863.9, -1.4638e-07
3865.9, -1.4646e-07
3867.9, -1.4654e-07
3869.9, -1.4662e-07
3871.9, -1.4671e-07
3873.9, -1.4679e-07
3875.9, -1.4688e-07
3877.9, -1.4697e-07
3879.9, -1.4705e-07
3881.9, -1.4714e-07
3883.9, -1.4722e-07
3885.9, -1.4731e-07
3887.9, -1.4739e-07
3889.9, -1.4748e-07
3891.9, -1.4757e-07
3893.9, -1.4766e-07
3895.9, -1.4775e-07
3897.9, -1.4784e-07
3899.9, -1.4793e-07
3901.9, -1.4802e-07
3903.9, -1.4811e-07
3905.9, -1.4819e-07
3907.9, -1.4828e-07
3909.9, -1.4836e-07
3911.9, -1.4844e-07
3913.9, -1.4853e-07
3915.9, -1.4861e-07
3917.9, -1.487e-07
3919.9, -1.4878e-07
3921.9, -1.4887e-07
3923.9, -1.4896e-07
3925.9, -1.4906e-07
3927.9, -1.4915e-07
3929.9, -1.4924e-07
3931.9, -1.4932e-07
3933.9, -1.4941e-07
3935.9, -1.495e-07
3937.9, -1.4958e-07
3939.9, -1.4967e-07
3941.9, -1.4975e-07
3943.9, -1.4984e-07
3945.9, -1.4992e-07
3947.9, -1.5e-07
3949.9, -1.5008e-07
3951.9, -1.5016e-07
3953.9, -1.5025e-07
3956.0, -1.5034e-07
3958.0, -1.5043e-07
3960.0, -1.5051e-07
3962.0, -1.506e-07
3964.0, -1.5069e-07
3966.0, -1.5077e-07
3968.0, -1.5085e-07
3970.0, -1.5093e-07
3972.0, -1.5102e-07
3974.0, -1.511e-07
3976.0, -1.5118e-07
3978.0, -1.5127e-07
3980.0, -1.5136e-07
3982.0, -1.5145e-07
3984.0, -1.5153e-07
3986.0, -1.5162e-07
3988.0, -1.5171e-07
3990.0, -1.5179e-07
3992.0, -1.5188e-07
3994.0, -1.5196e-07
3996.0, -1.5203e-07
3998.0, -1.5212e-07
4000.0, -1.522e-07
4002.0, -1.5228e-07
4004.0, -1.5237e-07
4006.0, -1.5245e-07
4008.0, -1.5254e-07
4010.0, -1.5262e-07
4012.0, -1.527e-07
4014.0, -1.5278e-07
4016.0, -1.5287e-07
4018.0, -1.5295e-07
4020.0, -1.5304e-07
4022.0, -1.5312e-07
4024.0, -1.5321e-07
4026.0, -1.5329e-07
4028.0, -1.5338e-07
4030.0, -1.5346e-07
4032.0, -1.5354e-07
4034.0, -1.5362e-07
4036.0, -1.5371e-07
4038.0, -1.5379e-07
4040.0, -1.5388e-07
4042.0, -1.5396e-07
4044.0, -1.5405e-07
4046.0, -1.5413e-07
4048.0, -1.5422e-07
4050.0, -1.543e-07
4052.0, -1.5439e-07
4054.0, -1.5448e-07
4056.1, -1.5456e-07
4058.1, -1.5464e-07
4060.1, -1.5473e-07
4062.1, -1.5481e-07
4064.1, -1.549e-07
4066.1, -1.5498e-07
4068.1, -1.5506e-07
4070.1, -1.5515e-07
4072.1, -1.5523e-07
4074.1, -1.553e-07
4076.1, -1.5538e-07
4078.1, -1.5547e-07
4080.1, -1.5555e-07
4082.1, -1.5563e-07
4084.1, -1.5571e-07
4086.1, -1.5579e-07
4088.1, -1.5586e-07
4090.1, -1.5594e-07
4092.1, -1.5602e-07
4094.1, -1.561e-07
4096.1, -1.5618e-07
4098.1, -1.5626e-07
4100.1, -1.5635e-07
4102.1, -1.5643e-07
4104.1, -1.5652e-07
4106.1, -1.566e-07
4108.1, -1.5668e-07
4110.1, -1.5676e-07
4112.1, -1.5684e-07
4114.1, -1.5691e-07
4116.1, -1.5699e-07
4118.1, -1.5707e-07
4120.1, -1.5715e-07
4122.1, -1.5722e-07
4124.1, -1.573e-07
4126.1, -1.5738e-07
4128.1, -1.5746e-07
4130.1, -1.5752e-07
4132.1, -1.576e-07
4134.1, -1.5768e-07
4136.1, -1.5776e-07
4138.1, -1.5784e-07
4140.1, -1.5792e-07
4142.1, -1.5799e-07
4144.1, -1.5808e-07
4146.1, -1.5816e-07
4148.1, -1.5825e-07
4150.1, -1.5833e-07
4152.1, -1.5842e-07
4154.1, -1.5851e-07
4156.2, -1.586e-07
4158.2, -1.5869e-07
4160.2, -1.5877e-07
4162.2, -1.5886e-07
4164.2, -1.5894e-07
4166.2, -1.5903e-07
4168.2, -1.5912e-07
4170.2, -1.592e-07
4172.2, -1.5929e-07
4174.2, -1.5938e-07
4176.2, -1.5947e-07
4178.2, -1.5955e-07
4180.2, -1.5964e-07
4182.2, -1.5973e-07
4184.2, -1.5982e-07
4186.2, -1.5991e-07
4188.2, -1.6e-07
4190.2, -1.601e-07
4192.2, -1.6019e-07
4194.2, -1.6027e-07
4196.2, -1.6036e-07
4198.2, -1.6046e-07
4200.2, -1.6055e-07
4202.2, -1.6065e-07
4204.2, -1.6074e-07
4206.2, -1.6084e-07
4208.2, -1.6093e-07
4210.2, -1.6102e-07
4212.2, -1.6111e-07
4214.2, -1.612e-07
4216.2, -1.6129e-07
4218.2, -1.6139e-07
4220.2, -1.6148e-07
4222.2, -1.6157e-07
4224.2, -1.6166e-07
4226.2, -1.6174e-07
4228.2, -1.6183e-07
4230.2, -1.6192e-07
4232.2, -1.6201e-07
4234.2, -1.621e-07
4236.2, -1.6219e-07
4238.2, -1.6228e-07
4240.2, -1.6237e-07
4242.2, -1.6246e-07
4244.2, -1.6255e-07
4246.2, -1.6265e-07
4248.2, -1.6274e-07
4250.2, -1.6282e-07
4252.2, -1.629e-07
4254.2, -1.6299e-07
4256.3, -1.6308e-07
4258.3, -1.6317e-07
4260.3, -1.6326e-07
4262.3, -1.6335e-07
4264.3, -1.6344e-07
4266.3, -1.6354e-07
4268.3, -1.6363e-07
4270.3, -1.6373e-07
4272.3, -1.6382e-07
4274.3, -1.6391e-07
4276.3, -1.64e-07
4278.3, -1.6409e-07
4280.3, -1.6417e-07
4282.3, -1.6426e-07
4284.3, -1.6435e-07
4286.3, -1.6443e-07
4288.3, -1.6452e-07
4290.3, -1.6461e-07
4292.3, -1.647e-07
4294.3, -1.6478e-07
4296.3, -1.6486e-07
4298.3, -1.6495e-07
4300.3, -1.6503e-07
4302.3, -1.6512e-07
4304.3, -1.6521e-07
4306.3, -1.653e-07
4308.3, -1.6539e-07
4310.3, -1.6548e-07
4312.3, -1.6558e-07
4314.3, -1.6567e-07
4316.3, -1.6577e-07
4318.3, -1.6586e-07
4320.3, -1.6595e-07
4322.3, -1.6604e-07
4324.3, -1.6613e-07
4326.3, -1.6622e-07
4328.3, -1.6631e-07
4330.3, -1.664e-07
4332.3, -1.6649e-07
4334.3, -1.6657e-07
4336.3, -1.6666e-07
4338.3, -1.6674e-07
4340.3, -1.6683e-07
4342.3, -1.6691e-07
4344.3, -1.6699e-07
4346.3, -1.6708e-07
4348.3, -1.6716e-07
4350.3, -1.6725e-07
4352.3, -1.6734e-07
4354.3, -1.6743e-07
4356.4, -1.6752e-07
4358.4, -1.6761e-07
4360.4, -1.677e-07
4362.4, -1.6779e-07
4364.4, -1.6788e-07
4366.4, -1.6796e-07
4368.4, -1.6805e-07
4370.4, -1.6814e-07
4372.4, -1.6822e-07
4374.4, -1.683e-07
4376.4, -1.6839e-07
4378.4, -1.6847e-07
4380.4, -1.6856e-07
4382.4, -1.6865e-07
4384.4, -1.6873e-07
4386.4, -1.6883e-07
4388.4, -1.6891e-07
4390.4, -1.69e-07
4392.4, -1.6909e-07
4394.4, -1.6918e-07
4396.4, -1.6927e-07
4398.4, -1.6936e-07
4400.4, -1.6945e-07
4402.4, -1.6953e-07
4404.4, -1.6961e-07
4406.4, -1.697e-07
4408.4, -1.6978e-07
4410.4, -1.6986e-07
4412.4, -1.6995e-07
4414.4, -1.7004e-07
4416.4, -1.7012e-07
4418.4, -1.7021e-07
4420.4, -1.703e-07
4422.4, -1.7039e-07
4424.4, -1.7048e-07
4426.4, -1.7056e-07
4428.4, -1.7065e-07
4430.4, -1.7073e-07
4432.4, -1.7082e-07
4434.4, -1.7091e-07
4436.4, -1.71e-07
4438.4, -1.711e-07
4440.4, -1.7119e-07
4442.4, -1.7127e-07
4444.4, -1.7136e-07
4446.4, -1.7145e-07
4448.4, -1.7154e-07
4450.4, -1.7163e-07
4452.4, -1.7171e-07
4454.4, -1.7179e-07
4456.5, -1.7188e-07
4458.5, -1.7196e-07
4460.5, -1.7204e-07
4462.5, -1.7213e-07
4464.5, -1.7222e-07
4466.5, -1.723e-07
4468.5, -1.7238e-07
4470.5, -1.7247e-07
4472.5, -1.7255e-07
4474.5, -1.7263e-07
4476.5, -1.7272e-07
4478.5, -1.728e-07
4480.5, -1.7289e-07
4482.5, -1.7297e-07
4484.5, -1.7306e-07
4486.5, -1.7315e-07
4488.5, -1.7324e-07
4490.5, -1.7332e-07
4492.5, -1.7341e-07
4494.5, -1.735e-07
4496.5, -1.7359e-07
4498.5, -1.7367e-07
4500.5, -1.7376e-07
4502.5, -1.7385e-07
4504.5, -1.7393e-07
4506.5, -1.7402e-07
4508.5, -1.7411e-07
4510.5, -1.742e-07
4512.5, -1.7429e-07
4514.5, -1.7437e-07
4516.5, -1.7445e-07
4518.5, -1.7454e-07
4520.5, -1.7462e-07
4522.5, -1.7471e-07
4524.5, -1.7479e-07
4526.5, -1.7488e-07
4528.5, -1.7497e-07
4530.5, -1.7505e-07
4532.5, -1.7514e-07
4534.5, -1.7523e-07
4536.5, -1.7531e-07
4538.5, -1.7539e-07
4540.5, -1.7548e-07
4542.5, -1.7557e-07
4544.5, -1.7565e-07
4546.5, -1.7574e-07
4548.5, -1.7584e-07
4550.5, -1.7593e-07
4552.5, -1.7601e-07
4554.5, -1.761e-07
4556.6, -1.7619e-07
4558.6, -1.7627e-07
4560.6, -1.7635e-07
4562.6, -1.7644e-07
4564.6, -1.7652e-07
4566.6, -1.7661e-07
4568.6, -1.767e-07
4570.6, -1.7679e-07
4572.6, -1.7688e-07
4574.6, -1.7696e-07
4576.6, -1.7704e-07
4578.6, -1.7713e-07
4580.6, -1.7722e-07
4582.6, -1.7731e-07
4584.6, -1.774e-07
4586.6, -1.7748e-07
4588.6, -1.7756e-07
4590.6, -1.7764e-07
4592.6, -1.7773e-07
4594.6, -1.7781e-07
4596.6, -1.779e-07
4598.6, -1.7799e-07
4600.6, -1.7808e-07
4602.6, -1.7817e-07
4604.6, -1.7826e-07
4606.6, -1.7835e-07
4608.6, -1.7843e-07
4610.6, -1.7852e-07
4612.6, -1.7861e-07
4614.6, -1.7869e-07
4616.6, -1.7877e-07
4618.6, -1.7885e-07
4620.6, -1.7893e-07
4622.6, -1.7901e-07
4624.6, -1.7909e-07
4626.6, -1.7916e-07
4628.6, -1.7925e-07
4630.6, -1.7933e-07
4632.6, -1.7941e-07
4634.6, -1.795e-07
4636.6, -1.7958e-07
4638.6, -1.7966e-07
4640.6, -1.7975e-07
4642.6, -1.7983e-07
4644.6, -1.7991e-07
4646.6, -1.8e-07
4648.6, -1.8008e-07
4650.6, -1.8016e-07
4652.6, -1.8025e-07
4654.6, -1.8033e-07
4656.7, -1.8041e-07
4658.7, -1.8049e-07
4660.7, -1.8058e-07
4662.7, -1.8067e-07
4664.7, -1.8075e-07
4666.7, -1.8084e-07
4668.7, -1.8092e-07
4670.7, -1.8101e-07
4672.7, -1.811e-07
4674.7, -1.8118e-07
4676.7, -1.8127e-07
4678.7, -1.8135e-07
4680.7, -1.8144e-07
4682.7, -1.8152e-07
4684.7, -1.816e-07
4686.7, -1.8169e-07
4688.7, -1.8177e-07
4690.7, -1.8186e-07
4692.7, -1.8195e-07
4694.7, -1.8203e-07
4696.7, -1.8212e-07
4698.7, -1.822e-07
4700.7, -1.8228e-07
4702.7, -1.8237e-07
4704.7, -1.8245e-07
4706.7, -1.8254e-07
4708.7, -1.8262e-07
4710.7, -1.8271e-07
4712.7, -1.8279e-07
4714.7, -1.8287e-07
4716.7, -1.8295e-07
4718.7, -1.8304e-07
4720.7, -1.8312e-07
4722.7, -1.8321e-07
4724.7, -1.8328e-07
4726.7, -1.8336e-07
4728.7, -1.8344e-07
4730.7, -1.8352e-07
4732.7, -1.836e-07
4734.7, -1.8368e-07
4736.7, -1.8377e-07
4738.7, -1.8385e-07
4740.7, -1.8394e-07
4742.7, -1.8402e-07
4744.7, -1.8411e-07
4746.7, -1.8419e-07
4748.7, -1.8428e-07
4750.7, -1.8437e-07
4752.7, -1.8445e-07
4754.7, -1.8454e-07
4756.8, -1.8463e-07
4758.8, -1.8472e-07
4760.8, -1.8482e-07
4762.8, -1.849e-07
4764.8, -1.8499e-07
4766.8, -1.8507e-07
4768.8, -1.8515e-07
4770.8, -1.8524e-07
4772.8, -1.8533e-07
4774.8, -1.8542e-07
4776.8, -1.855e-07
4778.8, -1.856e-07
4780.8, -1.8569e-07
4782.8, -1.8578e-07
4784.8, -1.8587e-07
4786.8, -1.8596e-07
4788.8, -1.8604e-07
4790.8, -1.8614e-07
4792.8, -1.8622e-07
4794.8, -1.8631e-07
4796.8, -1.864e-07
4798.8, -1.8649e-07
4800.8, -1.8657e-07
4802.8, -1.8666e-07
4804.8, -1.8674e-07
4806.8, -1.8683e-07
4808.8, -1.8692e-07
4810.8, -1.8701e-07
4812.8, -1.8711e-07
4814.8, -1.8719e-07
4816.8, -1.8728e-07
4818.8, -1.8737e-07
4820.8, -1.8746e-07
4822.8, -1.8755e-07
4824.8, -1.8764e-07
4826.8, -1.8773e-07
4828.8, -1.8781e-07
4830.8, -1.879e-07
4832.8, -1.8798e-07
4834.8, -1.8807e-07
4836.8, -1.8815e-07
4838.8, -1.8824e-07
4840.8, -1.8833e-07
4842.8, -1.8841e-07
4844.8, -1.885e-07
4846.8, -1.8859e-07
4848.8, -1.8869e-07
4850.8, -1.8878e-07
4852.8, -1.8888e-07
4854.8, -1.8896e-07
4856.9, -1.8905e-07
4858.9, -1.8914e-07
4860.9, -1.8923e-07
4862.9, -1.8932e-07
4864.9, -1.8941e-07
4866.9, -1.8949e-07
4868.9, -1.8958e-07
4870.9, -1.8967e-07
4872.9, -1.8977e-07
4874.9, -1.8986e-07
4876.9, -1.8994e-07
4878.9, -1.9003e-07
4880.9, -1.9012e-07
4882.9, -1.9021e-07
4884.9, -1.9029e-07
4886.9, -1.9038e-07
4888.9, -1.9047e-07
4890.9, -1.9056e-07
4892.9, -1.9065e-07
4894.9, -1.9074e-07
4896.9, -1.9083e-07
4898.9, -1.9092e-07
4900.9, -1.9102e-07
4902.9, -1.9112e-07
4904.9, -1.9121e-07
4906.9, -1.913e-07
4908.9, -1.914e-07
4910.9, -1.9149e-07
4912.9, -1.9158e-07
4914.9, -1.9166e-07
4916.9, -1.9175e-07
4918.9, -1.9184e-07
4920.9, -1.9194e-07
4922.9, -1.9202e-07
4924.9, -1.9211e-07
4926.9, -1.922e-07
4928.9, -1.9229e-07
4930.9, -1.9238e-07
4932.9, -1.9246e-07
4934.9, -1.9255e-07
4936.9, -1.9265e-07
4938.9, -1.9274e-07
4940.9, -1.9283e-07
4942.9, -1.9292e-07
4944.9, -1.93e-07
4946.9, -1.9309e-07
4948.9, -1.9318e-07
4950.9, -1.9327e-07
4952.9, -1.9336e-07
4954.9, -1.9344e-07
4957.0, -1.9353e-07
4959.0, -1.9361e-07
4961.0, -1.9369e-07
4963.0, -1.9377e-07
4965.0, -1.9385e-07
4967.0, -1.9393e-07
4969.0, -1.9402e-07
4971.0, -1.9411e-07
4973.0, -1.9419e-07
4975.0, -1.9427e-07
4977.0, -1.9435e-07
4979.0, -1.9444e-07
4981.0, -1.9453e-07
4983.0, -1.9461e-07
4985.0, -1.947e-07
4987.0, -1.9479e-07
4989.0, -1.9488e-07
4991.0, -1.9495e-07
4993.0, -1.9503e-07
4995.0, -1.9511e-07
4997.0, -1.9519e-07
4999.0, -1.9528e-07
5001.0, -1.9536e-07
5003.0, -1.9544e-07
5005.0, -1.9552e-07
5007.0, -1.9561e-07
5009.0, -1.9569e-07
5011.0, -1.9577e-07
5013.0, -1.9586e-07
5015.0, -1.9595e-07
5017.0, -1.9603e-07
5019.0, -1.9612e-07
5021.0, -1.962e-07
5023.0, -1.9629e-07
5025.0, -1.9637e-07
5027.0, -1.9645e-07
5029.0, -1.9653e-07
5031.0, -1.9662e-07
5033.0, -1.9671e-07
5035.0, -1.968e-07
5037.0, -1.9689e-07
5039.0, -1.9698e-07
5041.0, -1.9707e-07
5043.0, -1.9715e-07
5045.0, -1.9724e-07
5047.0, -1.9733e-07
5049.0, -1.9741e-07
5051.0, -1.9749e-07
5053.0, -1.9757e-07
5055.0, -1.9766e-07
5057.1, -1.9774e-07
5059.1, -1.9783e-07
5061.1, -1.9792e-07
5063.1, -1.9801e-07
5065.1, -1.9809e-07
5067.1, -1.9818e-07
5069.1, -1.9827e-07
5071.1, -1.9836e-07
5073.1, -1.9846e-07
5075.1, -1.9855e-07
5077.1, -1.9864e-07
5079.1, -1.9873e-07
5081.1, -1.9882e-07
5083.1, -1.9891e-07
5085.1, -1.9901e-07
5087.1, -1.9909e-07
5089.1, -1.9918e-07
5091.1, -1.9928e-07
5093.1, -1.9937e-07
5095.1, -1.9946e-07
5097.1, -1.9955e-07
5099.1, -1.9964e-07
5101.1, -1.9974e-07
5103.1, -1.9983e-07
5105.1, -1.9992e-07
5107.1, -2.0001e-07
5109.1, -2.001e-07
5111.1, -2.0019e-07
5113.1, -2.0029e-07
5115.1, -2.0038e-07
5117.1, -2.0047e-07
5119.1, -2.0055e-07
5121.1, -2.0063e-07
5123.1, -2.0072e-07
5125.1, -2.008e-07
5127.1, -2.0089e-07
5129.1, -2.0098e-07
5131.1, -2.0098e-07
5133.1, -2.0031e-07
5135.1, -1.996e-07
5137.1, -1.9869e-07
5139.1, -1.9772e-07
5141.1, -1.9675e-07
5143.1, -1.9606e-07
5145.1, -1.9524e-07
5147.1, -1.9442e-07
5149.1, -1.9354e-07
5151.1, -1.928e-07
5153.1, -1.9234e-07
5155.1, -1.9243e-07
5157.2, -1.9252e-07
5159.2, -1.926e-07
5161.2, -1.9269e-07
5163.2, -1.9279e-07
5165.2, -1.9288e-07
5167.2, -1.9296e-07
5169.2, -1.9306e-07
5171.2, -1.9315e-07
5173.2, -1.9324e-07
5175.2, -1.9332e-07
5177.2, -1.9341e-07
5179.2, -1.935e-07
5181.2, -1.9359e-07
5183.2, -1.9367e-07
5185.2, -1.9376e-07
5187.2, -1.9385e-07
5189.2, -1.9393e-07
5191.2, -1.9402e-07
5193.2, -1.9411e-07
5195.2, -1.9419e-07
5197.2, -1.9427e-07
5199.2, -1.9436e-07
5201.2, -1.9445e-07
5203.2, -1.9454e-07
5205.2, -1.9463e-07
5207.2, -1.9472e-07
5209.2, -1.9481e-07
5211.2, -1.9491e-07
5213.2, -1.9499e-07
5215.2, -1.9508e-07
5217.2, -1.9516e-07
5219.2, -1.9524e-07
5221.2, -1.9533e-07
5223.2, -1.9541e-07
5225.2, -1.955e-07
5227.2, -1.9559e-07
5229.2, -1.9568e-07
5231.2, -1.9577e-07
5233.2, -1.9586e-07
5235.2, -1.9595e-07
5237.2, -1.9604e-07
5239.2, -1.9613e-07
5241.2, -1.9622e-07
5243.2, -1.9631e-07
5245.2, -1.9639e-07
5247.2, -1.9648e-07
5249.2, -1.9657e-07
5251.2, -1.9666e-07
5253.2, -1.9675e-07
5255.2, -1.9685e-07
5257.3, -1.9693e-07
5259.3, -1.9702e-07
5261.3, -1.9711e-07
5263.3, -1.9719e-07
5265.3, -1.9728e-07
5267.3, -1.9737e-07
5269.3, -1.9746e-07
5271.3, -1.9755e-07
5273.3, -1.9764e-07
5275.3, -1.9773e-07
5277.3, -1.9782e-07
5279.3, -1.979e-07
5281.3, -1.9799e-07
5283.3, -1.9808e-07
5285.3, -1.9817e-07
5287.3, -1.9825e-07
5289.3, -1.9833e-07
5291.3, -1.9842e-07
5293.3, -1.9851e-07
5295.3, -1.986e-07
5297.3, -1.9869e-07
5299.3, -1.9878e-07
5301.3, -1.9886e-07
5303.3, -1.9895e-07
5305.3, -1.9903e-07
5307.3, -1.9912e-07
5309.3, -1.9921e-07
5311.3, -1.993e-07
5313.3, -1.9939e-07
5315.3, -1.9947e-07
5317.3, -1.9955e-07
5319.3, -1.9963e-07
5321.3, -1.9972e-07
5323.3, -1.9981e-07
5325.3, -1.9989e-07
5327.3, -1.9998e-07
5329.3, -2.0006e-07
5331.3, -2.0015e-07
5333.3, -2.0024e-07
5335.3, -2.0033e-07
5337.3, -2.0041e-07
5339.3, -2.0049e-07
5341.3, -2.0056e-07
5343.3, -2.0064e-07
5345.3, -2.0072e-07
5347.3, -2.008e-07
5349.3, -2.0088e-07
5351.3, -2.0095e-07
5353.3, -2.0103e-07
5355.3, -2.0112e-07
5357.4, -2.0119e-07
5359.4, -2.0128e-07
5361.4, -2.0136e-07
5363.4, -2.0144e-07
5365.4, -2.0152e-07
5367.4, -2.016e-07
5369.4, -2.0168e-07
5371.4, -2.0176e-07
5373.4, -2.0184e-07
5375.4, -2.0192e-07
5377.4, -2.02e-07
5379.4, -2.0207e-07
5381.4, -2.0215e-07
5383.4, -2.0223e-07
5385.4, -2.0231e-07
5387.4, -2.0238e-07
5389.4, -2.0247e-07
5391.4, -2.0255e-07
5393.4, -2.0263e-07
5395.4, -2.0271e-07
5397.4, -2.028e-07
5399.4, -2.0289e-07
5401.4, -2.0298e-07
5403.4, -2.0306e-07
5405.4, -2.0314e-07
5407.4, -2.0322e-07
5409.4, -2.033e-07
5411.4, -2.0338e-07
5413.4, -2.0346e-07
5415.4, -2.0355e-07
5417.4, -2.0364e-07
5419.4, -2.0372e-07
5421.4, -2.0381e-07
5423.4, -2.039e-07
5425.4, -2.0398e-07
5427.4, -2.0408e-07
5429.4, -2.0416e-07
5431.4, -2.0425e-07
5433.4, -2.0433e-07
5435.4, -2.044e-07
5437.4, -2.0448e-07
5439.4, -2.0457e-07
5441.4, -2.0465e-07
5443.4, -2.0473e-07
5445.4, -2.0482e-07
5447.4, -2.049e-07
5449.4, -2.0498e-07
5451.4, -2.0505e-07
5453.4, -2.0513e-07
5455.4, -2.0521e-07
5457.5, -2.0529e-07
5459.5, -2.0537e-07
5461.5, -2.0545e-07
5463.5, -2.0553e-07
5465.5, -2.0562e-07
5467.5, -2.057e-07
5469.5, -2.0579e-07
5471.5, -2.0587e-07
5473.5, -2.0596e-07
5475.5, -2.0605e-07
5477.5, -2.0614e-07
5479.5, -2.0621e-07
5481.5, -2.0629e-07
5483.5, -2.0637e-07
5485.5, -2.0645e-07
5487.5, -2.0653e-07
5489.5, -2.0662e-07
5491.5, -2.0671e-07
5493.5, -2.068e-07
5495.5, -2.0688e-07
5497.5, -2.0697e-07
5499.5, -2.0706e-07
5501.5, -2.0714e-07
5503.5, -2.0723e-07
5505.5, -2.0731e-07
5507.5, -2.0739e-07
5509.5, -2.0748e-07
5511.5, -2.0757e-07
5513.5, -2.0766e-07
5515.5, -2.0775e-07
5517.5, -2.0783e-07
5519.5, -2.0792e-07
5521.5, -2.08e-07
5523.5, -2.0808e-07
5525.5, -2.0816e-07
5527.5, -2.0824e-07
5529.5, -2.0833e-07
5531.5, -2.0842e-07
5533.5, -2.085e-07
5535.5, -2.0858e-07
5537.5, -2.0867e-07
5539.5, -2.0875e-07
5541.5, -2.0884e-07
5543.5, -2.0892e-07
5545.5, -2.09e-07
5547.5, -2.0908e-07
5549.5, -2.0916e-07
5551.5, -2.0924e-07
5553.5, -2.0932e-07
5555.5, -2.094e-07
5557.6, -2.0949e-07
5559.6, -2.0958e-07
5561.6, -2.0966e-07
5563.6, -2.0975e-07
5565.6, -2.0984e-07
5567.6, -2.0992e-07
5569.6, -2.1001e-07
5571.6, -2.1009e-07
5573.6, -2.1017e-07
5575.6, -2.1026e-07
5577.6, -2.1034e-07
5579.6, -2.1043e-07
5581.6, -2.1052e-07
5583.6, -2.106e-07
5585.6, -2.1069e-07
5587.6, -2.1077e-07
5589.6, -2.1086e-07
5591.6, -2.1095e-07
5593.6, -2.1103e-07
5595.6, -2.1112e-07
5597.6, -2.112e-07
5599.6, -2.1129e-07
5601.6, -2.1138e-07
5603.6, -2.1147e-07
5605.6, -2.1156e-07
5607.6, -2.1165e-07
5609.6, -2.1174e-07
5611.6, -2.1182e-07
5613.6, -2.1191e-07
5615.6, -2.12e-07
5617.6, -2.1209e-07
5619.6, -2.1218e-07
5621.6, -2.1227e-07
5623.6, -2.1236e-07
5625.6, -2.1246e-07
5627.6, -2.1255e-07
5629.6, -2.1265e-07
5631.6, -2.1274e-07
5633.6, -2.1283e-07
5635.6, -2.1292e-07
5637.6, -2.1301e-07
5639.6, -2.131e-07
5641.6, -2.1318e-07
5643.6, -2.1328e-07
5645.6, -2.1337e-07
5647.6, -2.1346e-07
5649.6, -2.1354e-07
5651.6, -2.1364e-07
5653.6, -2.1372e-07
5655.6, -2.1381e-07
5657.7, -2.1389e-07
5659.7, -2.1398e-07
5661.7, -2.1407e-07
5663.7, -2.1416e-07
5665.7, -2.1424e-07
5667.7, -2.1433e-07
5669.7, -2.1443e-07
5671.7, -2.1451e-07
5673.7, -2.146e-07
5675.7, -2.1469e-07
5677.7, -2.1478e-07
5679.7, -2.1486e-07
5681.7, -2.1495e-07
5683.7, -2.1504e-07
5685.7, -2.1513e-07
5687.7, -2.1523e-07
5689.7, -2.1532e-07
5691.7, -2.1541e-07
5693.7, -2.155e-07
5695.7, -2.1559e-07
5697.7, -2.1568e-07
5699.7, -2.1577e-07
5701.7, -2.1586e-07
5703.7, -2.1595e-07
5705.7, -2.1603e-07
5707.7, -2.1612e-07
5709.7, -2.1621e-07
5711.7, -2.163e-07
5713.7, -2.1639e-07
5715.7, -2.1647e-07
5717.7, -2.1656e-07
5719.7, -2.1665e-07
5721.7, -2.1674e-07
5723.7, -2.1683e-07
5725.7, -2.1691e-07
5727.7, -2.17e-07
5729.7, -2.1708e-07
5731.7, -2.1717e-07
5733.7, -2.1725e-07
5735.7, -2.1734e-07
5737.7, -2.1743e-07
5739.7, -2.1751e-07
5741.7, -2.176e-07
5743.7, -2.1769e-07
5745.7, -2.1777e-07
5747.7, -2.1786e-07
5749.7, -2.1795e-07
5751.7, -2.1804e-07
5753.7, -2.1812e-07
5755.7, -2.1821e-07
5757.8, -2.183e-07
5759.8, -2.1839e-07
5761.8, -2.1848e-07
5763.8, -2.1857e-07
5765.8, -2.1866e-07
5767.8, -2.1875e-07
5769.8, -2.1884e-07
5771.8, -2.1894e-07
5773.8, -2.1903e-07
5775.8, -2.1913e-07
5777.8, -2.1922e-07
5779.8, -2.1931e-07
5781.8, -2.194e-07
5783.8, -2.195e-07
5785.8, -2.1959e-07
5787.8, -2.1969e-07
5789.8, -2.1979e-07
5791.8, -2.1988e-07
5793.8, -2.1998e-07
5795.8, -2.2007e-07
5797.8, -2.2017e-07
5799.8, -2.2026e-07
5801.8, -2.2035e-07
5803.8, -2.2045e-07
5805.8, -2.2054e-07
5807.8, -2.2063e-07
5809.8, -2.2073e-07
5811.8, -2.2082e-07
5813.8, -2.2091e-07
5815.8, -2.21e-07
5817.8, -2.2109e-07
5819.8, -2.2117e-07
5821.8, -2.2126e-07
5823.8, -2.2135e-07
5825.8, -2.2144e-07
5827.8, -2.2152e-07
5829.8, -2.2161e-07
5831.8, -2.217e-07
5833.8, -2.2178e-07
5835.8, -2.2188e-07
5837.8, -2.2197e-07
5839.8, -2.2206e-07
5841.8, -2.2215e-07
5843.8, -2.2224e-07
5845.8, -2.2233e-07
5847.8, -2.2241e-07
5849.8, -2.2249e-07
5851.8, -2.2257e-07
5853.8, -2.2266e-07
5855.8, -2.2275e-07
5857.9, -2.2283e-07
5859.9, -2.2292e-07
5861.9, -2.2301e-07
5863.9, -2.2309e-07
5865.9, -2.2318e-07
5867.9, -2.2327e-07
5869.9, -2.2336e-07
5871.9, -2.2344e-07
5873.9, -2.2353e-07
5875.9, -2.2362e-07
5877.9, -2.2372e-07
5879.9, -2.2381e-07
5881.9, -2.2391e-07
5883.9, -2.24e-07
5885.9, -2.2408e-07
5887.9, -2.2416e-07
5889.9, -2.2425e-07
5891.9, -2.2433e-07
5893.9, -2.2441e-07
5895.9, -2.2451e-07
5897.9, -2.2459e-07
5899.9, -2.2468e-07
5901.9, -2.2476e-07
5903.9, -2.2485e-07
5905.9, -2.2493e-07
5907.9, -2.2502e-07
5909.9, -2.251e-07
5911.9, -2.2518e-07
5913.9, -2.2526e-07
5915.9, -2.2535e-07
5917.9, -2.2543e-07
5919.9, -2.2552e-07
5921.9, -2.256e-07
5923.9, -2.2569e-07
5925.9, -2.2577e-07
5927.9, -2.2586e-07
5929.9, -2.2594e-07
5931.9, -2.2603e-07
5933.9, -2.2612e-07
5935.9, -2.262e-07
5937.9, -2.2629e-07
5939.9, -2.2637e-07
5941.9, -2.2645e-07
5943.9, -2.2652e-07
5945.9, -2.266e-07
5947.9, -2.2667e-07
5949.9, -2.2675e-07
5951.9, -2.2684e-07
5953.9, -2.2692e-07
5955.9, -2.27e-07
5958.0, -2.2709e-07
5960.0, -2.2717e-07
5962.0, -2.2725e-07
5964.0, -2.2733e-07
5966.0, -2.2741e-07
5968.0, -2.2749e-07
5970.0, -2.2757e-07
5972.0, -2.2766e-07
5974.0, -2.2774e-07
5976.0, -2.2782e-07
5978.0, -2.2791e-07
5980.0, -2.2799e-07
5982.0, -2.2808e-07
5984.0, -2.2817e-07
5986.0, -2.2825e-07
5988.0, -2.2834e-07
5990.0, -2.2842e-07
5992.0, -2.285e-07
5994.0, -2.2858e-07
5996.0, -2.2867e-07
5998.0, -2.2875e-07
6000.0, -2.2883e-07
6002.0, -2.2891e-07
6004.0, -2.29e-07
6006.0, -2.2908e-07
6008.0, -2.2917e-07
6010.0, -2.2925e-07
6012.0, -2.2934e-07
6014.0, -2.2943e-07
6016.0, -2.2951e-07
6018.0, -2.296e-07
6020.0, -2.2969e-07
6022.0, -2.2978e-07
6024.0, -2.2986e-07
6026.0, -2.2995e-07
6028.0, -2.3003e-07
6030.0, -2.3012e-07
6032.0, -2.302e-07
6034.0, -2.3029e-07
6036.0, -2.3036e-07
6038.0, -2.3044e-07
6040.0, -2.3053e-07
6042.0, -2.3062e-07
6044.0, -2.307e-07
6046.0, -2.3079e-07
6048.0, -2.3088e-07
6050.0, -2.3096e-07
6052.0, -2.3104e-07
6054.0, -2.3112e-07
6056.0, -2.312e-07
6058.1, -2.3128e-07
6060.1, -2.3136e-07
6062.1, -2.3144e-07
6064.1, -2.3153e-07
6066.1, -2.3161e-07
6068.1, -2.3169e-07
6070.1, -2.3177e-07
6072.1, -2.3186e-07
6074.1, -2.3195e-07
6076.1, -2.3203e-07
6078.1, -2.3212e-07
6080.1, -2.3221e-07
6082.1, -2.3231e-07
6084.1, -2.3239e-07
6086.1, -2.3248e-07
6088.1, -2.3257e-07
6090.1, -2.3265e-07
6092.1, -2.3274e-07
6094.1, -2.3282e-07
6096.1, -2.3291e-07
6098.1, -2.33e-07
6100.1, -2.3308e-07
6102.1, -2.3317e-07
6104.1, -2.3326e-07
6106.1, -2.3335e-07
6108.1, -2.3344e-07
6110.1, -2.3352e-07
6112.1, -2.3361e-07
6114.1, -2.337e-07
6116.1, -2.3378e-07
6118.1, -2.3386e-07
6120.1, -2.3395e-07
6122.1, -2.3403e-07
6124.1, -2.3412e-07
6126.1, -2.342e-07
6128.1, -2.3429e-07
6130.1, -2.3438e-07
6132.1, -2.3447e-07
6134.1, -2.3455e-07
6136.1, -2.3464e-07
6138.1, -2.3473e-07
6140.1, -2.3481e-07
6142.1, -2.349e-07
6144.1, -2.3499e-07
6146.1, -2.3507e-07
6148.1, -2.3516e-07
6150.1, -2.3525e-07
6152.1, -2.3534e-07
6154.1, -2.3543e-07
6156.1, -2.3552e-07
6158.2, -2.3561e-07
6160.2, -2.357e-07
6162.2, -2.3579e-07
6164.2, -2.3588e-07
6166.2, -2.3597e-07
6168.2, -2.3607e-07
6170.2, -2.3616e-07
6172.2, -2.3626e-07
6174.2, -2.3634e-07
6176.2, -2.3643e-07
6178.2, -2.3652e-07
6180.2, -2.3661e-07
6182.2, -2.3669e-07
6184.2, -2.3677e-07
6186.2, -2.3685e-07
6188.2, -2.3694e-07
6190.2, -2.3702e-07
6192.2, -2.3711e-07
6194.2, -2.3719e-07
6196.2, -2.3728e-07
6198.2, -2.3737e-07
6200.2, -2.3745e-07
6202.2, -2.3753e-07
6204.2, -2.3761e-07
6206.2, -2.377e-07
6208.2, -2.3778e-07
6210.2, -2.3786e-07
6212.2, -2.3795e-07
6214.2, -2.3803e-07
6216.2, -2.3812e-07
6218.2, -2.382e-07
6220.2, -2.3828e-07
6222.2, -2.3837e-07
6224.2, -2.3845e-07
6226.2, -2.3854e-07
6228.2, -2.3863e-07
6230.2, -2.3872e-07
6232.2, -2.388e-07
6234.2, -2.3889e-07
6236.2, -2.3898e-07
6238.2, -2.3907e-07
6240.2, -2.3915e-07
6242.2, -2.3924e-07
6244.2, -2.3931e-07
6246.2, -2.394e-07
6248.2, -2.3948e-07
6250.2, -2.3956e-07
6252.2, -2.3965e-07
6254.2, -2.3974e-07
6256.2, -2.3983e-07
6258.3, -2.3991e-07
6260.3, -2.4001e-07
6262.3, -2.401e-07
6264.3, -2.4018e-07
6266.3, -2.4026e-07
6268.3, -2.4035e-07
6270.3, -2.4043e-07
6272.3, -2.4052e-07
6274.3, -2.4061e-07
6276.3, -2.4069e-07
6278.3, -2.4078e-07
6280.3, -2.4087e-07
6282.3, -2.4096e-07
6284.3, -2.4104e-07
6286.3, -2.4113e-07
6288.3, -2.4122e-07
6290.3, -2.4131e-07
6292.3, -2.4139e-07
6294.3, -2.4148e-07
6296.3, -2.4156e-07
6298.3, -2.4165e-07
6300.3, -2.4174e-07
6302.3, -2.4183e-07
6304.3, -2.4192e-07
6306.3, -2.4201e-07
6308.3, -2.4209e-07
6310.3, -2.4218e-07
6312.3, -2.4227e-07
6314.3, -2.4236e-07
6316.3, -2.4245e-07
6318.3, -2.4253e-07
6320.3, -2.4262e-07
6322.3, -2.4271e-07
6324.3, -2.428e-07
6326.3, -2.429e-07
6328.3, -2.4298e-07
6330.3, -2.4307e-07
6332.3, -2.4316e-07
6334.3, -2.4325e-07
6336.3, -2.4334e-07
6338.3, -2.4342e-07
6340.3, -2.4351e-07
6342.3, -2.4361e-07
6344.3, -2.437e-07
6346.3, -2.4379e-07
6348.3, -2.4388e-07
6350.3, -2.4398e-07
6352.3, -2.4407e-07
6354.3, -2.4415e-07
6356.3, -2.4424e-07
6358.4, -2.4432e-07
6360.4, -2.4441e-07
6362.4, -2.445e-07
6364.4, -2.4459e-07
6366.4, -2.4468e-07
6368.4, -2.4477e-07
6370.4, -2.4486e-07
6372.4, -2.4495e-07
6374.4, -2.4505e-07
6376.4, -2.4514e-07
6378.4, -2.4522e-07
6380.4, -2.4531e-07
6382.4, -2.4539e-07
6384.4, -2.4548e-07
6386.4, -2.4557e-07
6388.4, -2.4566e-07
6390.4, -2.4575e-07
6392.4, -2.4584e-07
6394.4, -2.4593e-07
6396.4, -2.4602e-07
6398.4, -2.4611e-07
6400.4, -2.462e-07
6402.4, -2.4628e-07
6404.4, -2.4637e-07
6406.4, -2.4646e-07
6408.4, -2.4654e-07
6410.4, -2.4664e-07
6412.4, -2.4672e-07
6414.4, -2.4681e-07
6416.4, -2.4689e-07
6418.4, -2.4698e-07
6420.4, -2.4706e-07
6422.4, -2.4715e-07
6424.4, -2.4723e-07
6426.4, -2.4731e-07
6428.4, -2.4739e-07
6430.4, -2.4748e-07
6432.4, -2.4756e-07
6434.4, -2.4764e-07
6436.4, -2.4773e-07
6438.4, -2.4782e-07
6440.4, -2.4791e-07
6442.4, -2.48e-07
6444.4, -2.4809e-07
6446.4, -2.4818e-07
6448.4, -2.4827e-07
6450.4, -2.4837e-07
6452.4, -2.4846e-07
6454.4, -2.4855e-07
6456.4, -2.4864e-07
6458.5, -2.4872e-07
6460.5, -2.4881e-07
6462.5, -2.489e-07
6464.5, -2.4899e-07
6466.5, -2.4907e-07
6468.5, -2.4916e-07
6470.5, -2.4924e-07
6472.5, -2.4932e-07
6474.5, -2.4941e-07
6476.5, -2.495e-07
6478.5, -2.4958e-07
6480.5, -2.4968e-07
6482.5, -2.4977e-07
6484.5, -2.4986e-07
6486.5, -2.4994e-07
6488.5, -2.5003e-07
6490.5, -2.5011e-07
6492.5, -2.5019e-07
6494.5, -2.5028e-07
6496.5, -2.5036e-07
6498.5, -2.5044e-07
6500.5, -2.5052e-07
6502.5, -2.506e-07
6504.5, -2.5069e-07
6506.5, -2.5078e-07
6508.5, -2.5087e-07
6510.5, -2.5095e-07
6512.5, -2.5104e-07
6514.5, -2.5112e-07
6516.5, -2.5121e-07
6518.5, -2.5129e-07
6520.5, -2.5138e-07
6522.5, -2.5146e-07
6524.5, -2.5155e-07
6526.5, -2.5163e-07
6528.5, -2.5173e-07
6530.5, -2.5182e-07
6532.5, -2.5191e-07
6534.5, -2.52e-07
6536.5, -2.5208e-07
6538.5, -2.5217e-07
6540.5, -2.5227e-07
6542.5, -2.5236e-07
6544.5, -2.5245e-07
6546.5, -2.5254e-07
6548.5, -2.5262e-07
6550.5, -2.5271e-07
6552.5, -2.528e-07
6554.5, -2.5289e-07
6556.5, -2.5299e-07
6558.6, -2.5308e-07
6560.6, -2.5317e-07
6562.6, -2.5326e-07
6564.6, -2.5335e-07
6566.6, -2.5344e-07
6568.6, -2.5353e-07
6570.6, -2.5362e-07
6572.6, -2.5371e-07
6574.6, -2.538e-07
6576.6, -2.5389e-07
6578.6, -2.5397e-07
6580.6, -2.5406e-07
6582.6, -2.5415e-07
6584.6, -2.5423e-07
6586.6, -2.5432e-07
6588.6, -2.5441e-07
6590.6, -2.5451e-07
6592.6, -2.546e-07
6594.6, -2.5469e-07
6596.6, -2.5478e-07
6598.6, -2.5487e-07
6600.6, -2.5496e-07
6602.6, -2.5505e-07
6604.6, -2.5514e-07
6606.6, -2.5523e-07
6608.6, -2.5531e-07
6610.6, -2.554e-07
6612.6, -2.5549e-07
6614.6, -2.5558e-07
6616.6, -2.5567e-07
6618.6, -2.5576e-07
6620.6, -2.5585e-07
6622.6, -2.5594e-07
6624.6, -2.5603e-07
6626.6, -2.5612e-07
6628.6, -2.562e-07
6630.6, -2.5628e-07
6632.6, -2.5637e-07
6634.6, -2.5645e-07
6636.6, -2.5652e-07
6638.6, -2.5661e-07
6640.6, -2.567e-07
6642.6, -2.5678e-07
6644.6, -2.5687e-07
6646.6, -2.5696e-07
6648.6, -2.5704e-07
6650.6, -2.5712e-07
6652.6, -2.5721e-07
6654.6, -2.573e-07
6656.6, -2.5738e-07
6658.7, -2.5747e-07
6660.7, -2.5756e-07
6662.7, -2.5765e-07
6664.7, -2.5774e-07
6666.7, -2.5782e-07
6668.7, -2.5791e-07
6670.7, -2.58e-07
6672.7, -2.5809e-07
6674.7, -2.5817e-07
6676.7, -2.5826e-07
6678.7, -2.5835e-07
6680.7, -2.5843e-07
6682.7, -2.5851e-07
6684.7, -2.586e-07
6686.7, -2.5868e-07
6688.7, -2.5876e-07
6690.7, -2.5885e-07
6692.7, -2.5893e-07
6694.7, -2.5902e-07
6696.7, -2.591e-07
6698.7, -2.5918e-07
6700.7, -2.5926e-07
6702.7, -2.5934e-07
6704.7, -2.5942e-07
6706.7, -2.595e-07
6708.7, -2.5959e-07
6710.7, -2.5967e-07
6712.7, -2.5976e-07
6714.7, -2.5984e-07
6716.7, -2.5991e-07
6718.7, -2.5999e-07
6720.7, -2.6008e-07
6722.7, -2.6016e-07
6724.7, -2.6024e-07
6726.7, -2.6032e-07
6728.7, -2.6041e-07
6730.7, -2.605e-07
6732.7, -2.6058e-07
6734.7, -2.6066e-07
6736.7, -2.6074e-07
6738.7, -2.6082e-07
6740.7, -2.609e-07
6742.7, -2.6099e-07
6744.7, -2.6107e-07
6746.7, -2.6116e-07
6748.7, -2.6125e-07
6750.7, -2.6134e-07
6752.7, -2.6143e-07
6754.7, -2.6152e-07
6756.7, -2.6161e-07
6758.8, -2.617e-07
6760.8, -2.618e-07
6762.8, -2.6188e-07
6764.8, -2.6197e-07
6766.8, -2.6206e-07
6768.8, -2.6215e-07
6770.8, -2.6224e-07
6772.8, -2.6233e-07
6774.8, -2.6242e-07
6776.8, -2.6251e-07
6778.8, -2.626e-07
6780.8, -2.6269e-07
6782.8, -2.6278e-07
6784.8, -2.6286e-07
6786.8, -2.6295e-07
6788.8, -2.6304e-07
6790.8, -2.6313e-07
6792.8, -2.6322e-07
6794.8, -2.633e-07
6796.8, -2.6339e-07
6798.8, -2.6348e-07
6800.8, -2.6357e-07
6802.8, -2.6366e-07
6804.8, -2.6374e-07
6806.8, -2.6383e-07
6808.8, -2.6391e-07
6810.8, -2.6399e-07
6812.8, -2.6407e-07
6814.8, -2.6415e-07
6816.8, -2.6423e-07
6818.8, -2.643e-07
6820.8, -2.6439e-07
6822.8, -2.6446e-07
6824.8, -2.6454e-07
6826.8, -2.6462e-07
6828.8, -2.6471e-07
6830.8, -2.6479e-07
6832.8, -2.6487e-07
6834.8, -2.6495e-07
6836.8, -2.6503e-07
6838.8, -2.6511e-07
6840.8, -2.652e-07
6842.8, -2.6529e-07
6844.8, -2.6538e-07
6846.8, -2.6546e-07
6848.8, -2.6555e-07
6850.8, -2.6564e-07
6852.8, -2.6573e-07
6854.8, -2.6582e-07
6856.8, -2.6591e-07
6858.9, -2.66e-07
6860.9, -2.661e-07
6862.9, -2.6619e-07
6864.9, -2.6627e-07
6866.9, -2.6636e-07
6868.9, -2.6645e-07
6870.9, -2.6654e-07
6872.9, -2.6663e-07
6874.9, -2.6672e-07
6876.9, -2.668e-07
6878.9, -2.669e-07
6880.9, -2.6699e-07
6882.9, -2.6707e-07
6884.9, -2.6716e-07
6886.9, -2.6725e-07
6888.9, -2.6734e-07
6890.9, -2.6743e-07
6892.9, -2.6753e-07
6894.9, -2.6761e-07
6896.9, -2.6771e-07
6898.9, -2.678e-07
6900.9, -2.679e-07
6902.9, -2.6799e-07
6904.9, -2.6808e-07
6906.9, -2.6817e-07
6908.9, -2.6826e-07
6910.9, -2.6835e-07
6912.9, -2.6844e-07
6914.9, -2.6852e-07
6916.9, -2.6861e-07
6918.9, -2.6869e-07
6920.9, -2.6878e-07
6922.9, -2.6886e-07
6924.9, -2.6894e-07
6926.9, -2.6903e-07
6928.9, -2.6911e-07
6930.9, -2.6919e-07
6932.9, -2.6928e-07
6934.9, -2.6936e-07
6936.9, -2.6944e-07
6938.9, -2.6952e-07
6940.9, -2.6961e-07
6942.9, -2.6969e-07
6944.9, -2.6977e-07
6946.9, -2.6985e-07
6948.9, -2.6993e-07
6950.9, -2.7001e-07
6952.9, -2.7009e-07
6954.9, -2.7018e-07
6956.9, -2.7026e-07
6959.0, -2.7035e-07
6961.0, -2.7043e-07
6963.0, -2.7052e-07
6965.0, -2.706e-07
6967.0, -2.7069e-07
6969.0, -2.7078e-07
6971.0, -2.7086e-07
6973.0, -2.7095e-07
6975.0, -2.7103e-07
6977.0, -2.7112e-07
6979.0, -2.7121e-07
6981.0, -2.7129e-07
6983.0, -2.7138e-07
6985.0, -2.7146e-07
6987.0, -2.7155e-07
6989.0, -2.7164e-07
6991.0, -2.7173e-07
6993.0, -2.7182e-07
6995.0, -2.7191e-07
6997.0, -2.7199e-07
6999.0, -2.7209e-07
7001.0, -2.7218e-07
7003.0, -2.7226e-07
7005.0, -2.7235e-07
7007.0, -2.7244e-07
7009.0, -2.7253e-07
7011.0, -2.7262e-07
7013.0, -2.7271e-07
7015.0, -2.728e-07
7017.0, -2.7289e-07
7019.0, -2.7298e-07
7021.0, -2.7307e-07
7023.0, -2.7316e-07
7025.0, -2.7324e-07
7027.0, -2.7334e-07
7029.0, -2.7342e-07
7031.0, -2.7351e-07
7033.0, -2.7359e-07
7035.0, -2.7368e-07
7037.0, -2.7377e-07
7039.0, -2.7387e-07
7041.0, -2.7395e-07
7043.0, -2.7404e-07
7045.0, -2.7413e-07
7047.0, -2.7422e-07
7049.0, -2.7431e-07
7051.0, -2.744e-07
7053.0, -2.7449e-07
7055.0, -2.7459e-07
7057.0, -2.7468e-07
7059.1, -2.7478e-07
7061.1, -2.7488e-07
7063.1, -2.7497e-07
7065.1, -2.7507e-07
7067.1, -2.7516e-07
7069.1, -2.7526e-07
7071.1, -2.7535e-07
7073.1, -2.7545e-07
7075.1, -2.7555e-07
7077.1, -2.7564e-07
7079.1, -2.7573e-07
7081.1, -2.7583e-07
7083.1, -2.7592e-07
7085.1, -2.76e-07
7087.1, -2.761e-07
7089.1, -2.7619e-07
7091.1, -2.7628e-07
7093.1, -2.7638e-07
7095.1, -2.7647e-07
7097.1, -2.7655e-07
7099.1, -2.7664e-07
7101.1, -2.7673e-07
7103.1, -2.7682e-07
7105.1, -2.7691e-07
7107.1, -2.77e-07
7109.1, -2.7708e-07
7111.1, -2.7717e-07
7113.1, -2.7726e-07
7115.1, -2.7735e-07
7117.1, -2.7744e-07
7119.1, -2.7753e-07
7121.1, -2.7761e-07
7123.1, -2.777e-07
7125.1, -2.7778e-07
7127.1, -2.7787e-07
7129.1, -2.7796e-07
7131.1, -2.7805e-07
7133.1, -2.7813e-07
7135.1, -2.7821e-07
7137.1, -2.7829e-07
7139.1, -2.7838e-07
7141.1, -2.7847e-07
7143.1, -2.7855e-07
7145.1, -2.7864e-07
7147.1, -2.7873e-07
7149.1, -2.7882e-07
7151.1, -2.789e-07
7153.1, -2.7899e-07
7155.1, -2.7908e-07
7157.1, -2.7916e-07
7159.2, -2.7911e-07
7161.2, -2.7832e-07
7163.2, -2.7753e-07
7165.2, -2.7662e-07
7167.2, -2.7574e-07
7169.2, -2.7496e-07
7171.2, -2.7422e-07
7173.2, -2.7355e-07
7175.2, -2.7271e-07
7177.2, -2.7171e-07
7179.2, -2.7078e-07
7181.2, -2.7037e-07
7183.2, -2.7045e-07
7185.2, -2.7054e-07
7187.2, -2.7062e-07
7189.2, -2.707e-07
7191.2, -2.7079e-07
7193.2, -2.7088e-07
7195.2, -2.7097e-07
7197.2, -2.7105e-07
7199.2, -2.7113e-07
7201.2, -2.7121e-07
7203.2, -2.713e-07
7205.2, -2.7138e-07
7207.2, -2.7146e-07
7209.2, -2.7155e-07
7211.2, -2.7164e-07
7213.2, -2.7172e-07
7215.2, -2.7181e-07
7217.2, -2.7189e-07
7219.2, -2.7198e-07
7221.2, -2.7207e-07
7223.2, -2.7216e-07
7225.2, -2.7224e-07
7227.2, -2.7234e-07
7229.2, -2.7243e-07
7231.2, -2.7252e-07
7233.2, -2.7261e-07
7235.2, -2.727e-07
7237.2, -2.7278e-07
7239.2, -2.7287e-07
7241.2, -2.7296e-07
7243.2, -2.7305e-07
7245.2, -2.7314e-07
7247.2, -2.7323e-07
7249.2, -2.7331e-07
7251.2, -2.734e-07
7253.2, -2.7349e-07
7255.2, -2.7358e-07
7257.2, -2.7367e-07
7259.3, -2.7376e-07
7261.3, -2.7385e-07
7263.3, -2.7394e-07
7265.3, -2.7403e-07
7267.3, -2.7412e-07
7269.3, -2.7421e-07
7271.3, -2.7429e-07
7273.3, -2.7438e-07
7275.3, -2.7447e-07
7277.3, -2.7456e-07
7279.3, -2.7466e-07
7281.3, -2.7475e-07
7283.3, -2.7484e-07
7285.3, -2.7492e-07
7287.3, -2.7501e-07
7289.3, -2.7509e-07
7291.3, -2.7518e-07
7293.3, -2.7527e-07
7295.3, -2.7535e-07
7297.3, -2.7544e-07
7299.3, -2.7553e-07
7301.3, -2.7562e-07
7303.3, -2.7571e-07
7305.3, -2.7579e-07
7307.3, -2.7588e-07
7309.3, -2.7597e-07
7311.3, -2.7606e-07
7313.3, -2.7615e-07
7315.3, -2.7625e-07
7317.3, -2.7634e-07
7319.3, -2.7644e-07
7321.3, -2.7653e-07
7323.3, -2.7662e-07
7325.3, -2.7671e-07
7327.3, -2.768e-07
7329.3, -2.7689e-07
7331.3, -2.7698e-07
7333.3, -2.7706e-07
7335.3, -2.7715e-07
7337.3, -2.7724e-07
7339.3, -2.7733e-07
7341.3, -2.7741e-07
7343.3, -2.775e-07
7345.3, -2.776e-07
7347.3, -2.7769e-07
7349.3, -2.7779e-07
7351.3, -2.7788e-07
7353.3, -2.7797e-07
7355.3, -2.7807e-07
7357.3, -2.7816e-07
7359.4, -2.7825e-07
7361.4, -2.7834e-07
7363.4, -2.7843e-07
7365.4, -2.7852e-07
7367.4, -2.7861e-07
7369.4, -2.7869e-07
7371.4, -2.7878e-07
7373.4, -2.7887e-07
7375.4, -2.7897e-07
7377.4, -2.7906e-07
7379.4, -2.7915e-07
7381.4, -2.7924e-07
7383.4, -2.7934e-07
7385.4, -2.7943e-07
7387.4, -2.7952e-07
7389.4, -2.7961e-07
7391.4, -2.797e-07
7393.4, -2.798e-07
7395.4, -2.7989e-07
7397.4, -2.7998e-07
7399.4, -2.8008e-07
7401.4, -2.8017e-07
7403.4, -2.8027e-07
7405.4, -2.8036e-07
7407.4, -2.8046e-07
7409.4, -2.8055e-07
7411.4, -2.8064e-07
7413.4, -2.8073e-07
7415.4, -2.8082e-07
7417.4, -2.8091e-07
7419.4, -2.81e-07
7421.4, -2.8109e-07
7423.4, -2.8119e-07
7425.4, -2.8128e-07
7427.4, -2.8138e-07
7429.4, -2.8147e-07
7431.4, -2.8156e-07
7433.4, -2.8165e-07
7435.4, -2.8175e-07
7437.4, -2.8184e-07
7439.4, -2.8194e-07
7441.4, -2.8203e-07
7443.4, -2.8212e-07
7445.4, -2.8221e-07
7447.4, -2.823e-07
7449.4, -2.8239e-07
7451.4, -2.8248e-07
7453.4, -2.8256e-07
7455.4, -2.8265e-07
7457.4, -2.8274e-07
7459.5, -2.8284e-07
7461.5, -2.8293e-07
7463.5, -2.8302e-07
7465.5, -2.8311e-07
7467.5, -2.832e-07
7469.5, -2.833e-07
7471.5, -2.8339e-07
7473.5, -2.8349e-07
7475.5, -2.8358e-07
7477.5, -2.8368e-07
7479.5, -2.8377e-07
7481.5, -2.8386e-07
7483.5, -2.8394e-07
7485.5, -2.8403e-07
7487.5, -2.8412e-07
7489.5, -2.8421e-07
7491.5, -2.843e-07
7493.5, -2.8439e-07
7495.5, -2.8447e-07
7497.5, -2.8456e-07
7499.5, -2.8465e-07
7501.5, -2.8474e-07
7503.5, -2.8483e-07
7505.5, -2.8492e-07
7507.5, -2.8501e-07
7509.5, -2.8511e-07
7511.5, -2.852e-07
7513.5, -2.853e-07
7515.5, -2.854e-07
7517.5, -2.8549e-07
7519.5, -2.8559e-07
7521.5, -2.8569e-07
7523.5, -2.8578e-07
7525.5, -2.8588e-07
7527.5, -2.8598e-07
7529.5, -2.8608e-07
7531.5, -2.8617e-07
7533.5, -2.8626e-07
7535.5, -2.8635e-07
7537.5, -2.8644e-07
7539.5, -2.8654e-07
7541.5, -2.8663e-07
7543.5, -2.8673e-07
7545.5, -2.8683e-07
7547.5, -2.8692e-07
7549.5, -2.8702e-07
7551.5, -2.8712e-07
7553.5, -2.8722e-07
7555.5, -2.8732e-07
7557.5, -2.8741e-07
7559.6, -2.8751e-07
7561.6, -2.876e-07
7563.6, -2.877e-07
7565.6, -2.8779e-07
7567.6, -2.8789e-07
7569.6, -2.8798e-07
7571.6, -2.8807e-07
7573.6, -2.8817e-07
7575.6, -2.8826e-07
7577.6, -2.8835e-07
7579.6, -2.8844e-07
7581.6, -2.8854e-07
7583.6, -2.8863e-07
7585.6, -2.8873e-07
7587.6, -2.8882e-07
7589.6, -2.8891e-07
7591.6, -2.89e-07
7593.6, -2.8909e-07
7595.6, -2.8918e-07
7597.6, -2.8927e-07
7599.6, -2.8936e-07
7601.6, -2.8946e-07
7603.6, -2.8955e-07
7605.6, -2.8964e-07
7607.6, -2.8974e-07
7609.6, -2.8983e-07
7611.6, -2.8992e-07
7613.6, -2.9002e-07
7615.6, -2.901e-07
7617.6, -2.9019e-07
7619.6, -2.9027e-07
7621.6, -2.9036e-07
7623.6, -2.9045e-07
7625.6, -2.9053e-07
7627.6, -2.9062e-07
7629.6, -2.9071e-07
7631.6, -2.908e-07
7633.6, -2.909e-07
7635.6, -2.9099e-07
7637.6, -2.9108e-07
7639.6, -2.9117e-07
7641.6, -2.9126e-07
7643.6, -2.9135e-07
7645.6, -2.9144e-07
7647.6, -2.9153e-07
7649.6, -2.9162e-07
7651.6, -2.9171e-07
7653.6, -2.9181e-07
7655.6, -2.919e-07
7657.6, -2.9199e-07
7659.7, -2.9208e-07
7661.7, -2.9217e-07
7663.7, -2.9226e-07
7665.7, -2.9235e-07
7667.7, -2.9244e-07
7669.7, -2.9253e-07
7671.7, -2.9262e-07
7673.7, -2.927e-07
7675.7, -2.9279e-07
7677.7, -2.9288e-07
7679.7, -2.9297e-07
7681.7, -2.9306e-07
7683.7, -2.9315e-07
7685.7, -2.9324e-07
7687.7, -2.9334e-07
7689.7, -2.9343e-07
7691.7, -2.9352e-07
7693.7, -2.9362e-07
7695.7, -2.9371e-07
7697.7, -2.938e-07
7699.7, -2.939e-07
7701.7, -2.9399e-07
7703.7, -2.9408e-07
7705.7, -2.9417e-07
7707.7, -2.9426e-07
7709.7, -2.9436e-07
7711.7, -2.9445e-07
7713.7, -2.9455e-07
7715.7, -2.9464e-07
7717.7, -2.9473e-07
7719.7, -2.9483e-07
7721.7, -2.9491e-07
7723.7, -2.95e-07
7725.7, -2.9509e-07
7727.7, -2.9518e-07
7729.7, -2.9528e-07
7731.7, -2.9537e-07
7733.7, -2.9546e-07
7735.7, -2.9556e-07
7737.7, -2.9566e-07
7739.7, -2.9576e-07
7741.7, -2.9586e-07
7743.7, -2.9595e-07
7745.7, -2.9605e-07
7747.7, -2.9614e-07
7749.7, -2.9624e-07
7751.7, -2.9633e-07
7753.7, -2.9642e-07
7755.7, -2.9652e-07
7757.7, -2.9661e-07
7759.8, -2.9671e-07
7761.8, -2.968e-07
7763.8, -2.969e-07
7765.8, -2.9698e-07
7767.8, -2.9707e-07
7769.8, -2.9716e-07
7771.8, -2.9725e-07
7773.8, -2.9734e-07
7775.8, -2.9743e-07
7777.8, -2.9752e-07
7779.8, -2.9761e-07
7781.8, -2.9769e-07
7783.8, -2.9778e-07
7785.8, -2.9787e-07
7787.8, -2.9796e-07
7789.8, -2.9806e-07
7791.8, -2.9814e-07
7793.8, -2.9823e-07
7795.8, -2.9832e-07
7797.8, -2.9841e-07
7799.8, -2.9849e-07
7801.8, -2.9857e-07
7803.8, -2.9866e-07
7805.8, -2.9875e-07
7807.8, -2.9883e-07
7809.8, -2.9892e-07
7811.8, -2.9901e-07
7813.8, -2.991e-07
7815.8, -2.9919e-07
7817.8, -2.9928e-07
7819.8, -2.9938e-07
7821.8, -2.9947e-07
7823.8, -2.9956e-07
7825.8, -2.9965e-07
7827.8, -2.9974e-07
7829.8, -2.9984e-07
7831.8, -2.9993e-07
7833.8, -3.0003e-07
7835.8, -3.0012e-07
7837.8, -3.0021e-07
7839.8, -3.0031e-07
7841.8, -3.0039e-07
7843.8, -3.0048e-07
7845.8, -3.0058e-07
7847.8, -3.0067e-07
7849.8, -3.0076e-07
7851.8, -3.0085e-07
7853.8, -3.0094e-07
7855.8, -3.0102e-07
7857.8, -3.0111e-07
7859.9, -3.0121e-07
7861.9, -3.013e-07
7863.9, -3.0139e-07
7865.9, -3.0148e-07
7867.9, -3.0157e-07
7869.9, -3.0167e-07
7871.9, -3.0176e-07
7873.9, -3.0184e-07
7875.9, -3.0193e-07
7877.9, -3.0202e-07
7879.9, -3.0211e-07
7881.9, -3.022e-07
7883.9, -3.0229e-07
7885.9, -3.0237e-07
7887.9, -3.0246e-07
7889.9, -3.0255e-07
7891.9, -3.0265e-07
7893.9, -3.0274e-07
7895.9, -3.0284e-07
7897.9, -3.0293e-07
7899.9, -3.0302e-07
7901.9, -3.0311e-07
7903.9, -3.032e-07
7905.9, -3.0329e-07
7907.9, -3.0339e-07
7909.9, -3.0348e-07
7911.9, -3.0357e-07
7913.9, -3.0366e-07
7915.9, -3.0375e-07
7917.9, -3.0384e-07
7919.9, -3.0393e-07
7921.9, -3.0403e-07
7923.9, -3.0412e-07
7925.9, -3.0421e-07
7927.9, -3.043e-07
7929.9, -3.0439e-07
7931.9, -3.0449e-07
7933.9, -3.0458e-07
7935.9, -3.0467e-07
7937.9, -3.0477e-07
7939.9, -3.0486e-07
7941.9, -3.0495e-07
7943.9, -3.0505e-07
7945.9, -3.0514e-07
7947.9, -3.0523e-07
7949.9, -3.0533e-07
7951.9, -3.0542e-07
7953.9, -3.0551e-07
7955.9, -3.056e-07
7957.9, -3.0569e-07
7960.0, -3.0578e-07
7962.0, -3.0587e-07
7964.0, -3.0595e-07
7966.0, -3.0604e-07
7968.0, -3.0613e-07
7970.0, -3.0622e-07
7972.0, -3.0631e-07
7974.0, -3.064e-07
7976.0, -3.0649e-07
7978.0, -3.0659e-07
7980.0, -3.0668e-07
7982.0, -3.0677e-07
7984.0, -3.0686e-07
7986.0, -3.0695e-07
7988.0, -3.0705e-07
7990.0, -3.0714e-07
7992.0, -3.0723e-07
7994.0, -3.0731e-07
7996.0, -3.074e-07
7998.0, -3.0749e-07
8000.0, -3.0758e-07
8002.0, -3.0768e-07
8004.0, -3.0777e-07
8006.0, -3.0785e-07
8008.0, -3.0795e-07
8010.0, -3.0804e-07
8012.0, -3.0813e-07
8014.0, -3.0821e-07
8016.0, -3.083e-07
8018.0, -3.0839e-07
8020.0, -3.0848e-07
8022.0, -3.0856e-07
8024.0, -3.0864e-07
8026.0, -3.0873e-07
8028.0, -3.0882e-07
8030.0, -3.0892e-07
8032.0, -3.0901e-07
8034.0, -3.091e-07
8036.0, -3.092e-07
8038.0, -3.0929e-07
8040.0, -3.0938e-07
8042.0, -3.0948e-07
8044.0, -3.0957e-07
8046.0, -3.0966e-07
8048.0, -3.0975e-07
8050.0, -3.0984e-07
8052.0, -3.0994e-07
8054.0, -3.1003e-07
8056.0, -3.1012e-07
8058.0, -3.1022e-07
8060.1, -3.1032e-07
8062.1, -3.1041e-07
8064.1, -3.105e-07
8066.1, -3.106e-07
8068.1, -3.1069e-07
8070.1, -3.1079e-07
8072.1, -3.1089e-07
8074.1, -3.1099e-07
8076.1, -3.1108e-07
8078.1, -3.1118e-07
8080.1, -3.1128e-07
8082.1, -3.1139e-07
8084.1, -3.1149e-07
8086.1, -3.1159e-07
8088.1, -3.117e-07
8090.1, -3.118e-07
8092.1, -3.119e-07
8094.1, -3.12e-07
8096.1, -3.121e-07
8098.1, -3.1219e-07
8100.1, -3.1229e-07
8102.1, -3.1238e-07
8104.1, -3.1248e-07
8106.1, -3.1257e-07
8108.1, -3.1266e-07
8110.1, -3.1276e-07
8112.1, -3.1285e-07
8114.1, -3.1295e-07
8116.1, -3.1305e-07
8118.1, -3.1314e-07
8120.1, -3.1323e-07
8122.1, -3.1333e-07
8124.1, -3.1343e-07
8126.1, -3.1352e-07
8128.1, -3.1361e-07
8130.1, -3.1371e-07
8132.1, -3.1381e-07
8134.1, -3.1391e-07
8136.1, -3.14e-07
8138.1, -3.141e-07
8140.1, -3.1419e-07
8142.1, -3.1429e-07
8144.1, -3.1438e-07
8146.1, -3.1448e-07
8148.1, -3.1457e-07
8150.1, -3.1467e-07
8152.1, -3.1477e-07
8154.1, -3.1486e-07
8156.1, -3.1495e-07
8158.1, -3.1505e-07
8160.2, -3.1514e-07
8162.2, -3.1523e-07
8164.2, -3.1532e-07
8166.2, -3.1541e-07
8168.2, -3.1551e-07
8170.2, -3.1561e-07
8172.2, -3.1569e-07
8174.2, -3.1578e-07
8176.2, -3.1587e-07
8178.2, -3.1597e-07
8180.2, -3.1606e-07
8182.2, -3.1616e-07
8184.2, -3.1625e-07
8186.2, -3.1634e-07
8188.2, -3.1644e-07
8190.2, -3.1653e-07
8192.2, -3.1663e-07
8194.2, -3.1672e-07
8196.2, -3.1682e-07
8198.2, -3.1691e-07
8200.2, -3.17e-07
8202.2, -3.1709e-07
8204.2, -3.1718e-07
8206.2, -3.1728e-07
8208.2, -3.1737e-07
8210.2, -3.1747e-07
8212.2, -3.1757e-07
8214.2, -3.1766e-07
8216.2, -3.1776e-07
8218.2, -3.1785e-07
8220.2, -3.1795e-07
8222.2, -3.1805e-07
8224.2, -3.1815e-07
8226.2, -3.1824e-07
8228.2, -3.1834e-07
8230.2, -3.1843e-07
8232.2, -3.1852e-07
8234.2, -3.1862e-07
8236.2, -3.1871e-07
8238.2, -3.188e-07
8240.2, -3.1888e-07
8242.2, -3.1897e-07
8244.2, -3.1906e-07
8246.2, -3.1914e-07
8248.2, -3.1924e-07
8250.2, -3.1932e-07
8252.2, -3.1941e-07
8254.2, -3.1949e-07
8256.2, -3.1957e-07
8258.2, -3.1966e-07
8260.3, -3.1974e-07
8262.3, -3.1983e-07
8264.3, -3.1991e-07
8266.3, -3.2e-07
8268.3, -3.2009e-07
8270.3, -3.2018e-07
8272.3, -3.2027e-07
8274.3, -3.2036e-07
8276.3, -3.2044e-07
8278.3, -3.2053e-07
8280.3, -3.2062e-07
8282.3, -3.207e-07
8284.3, -3.208e-07
8286.3, -3.2089e-07
8288.3, -3.2097e-07
8290.3, -3.2106e-07
8292.3, -3.2116e-07
8294.3, -3.2125e-07
8296.3, -3.2134e-07
8298.3, -3.2143e-07
8300.3, -3.2151e-07
8302.3, -3.2161e-07
8304.3, -3.217e-07
8306.3, -3.2179e-07
8308.3, -3.2189e-07
8310.3, -3.2197e-07
8312.3, -3.2207e-07
8314.3, -3.2216e-07
8316.3, -3.2225e-07
8318.3, -3.2234e-07
8320.3, -3.2242e-07
8322.3, -3.225e-07
8324.3, -3.2258e-07
8326.3, -3.2267e-07
8328.3, -3.2275e-07
8330.3, -3.2284e-07
8332.3, -3.2293e-07
8334.3, -3.2301e-07
8336.3, -3.2309e-07
8338.3, -3.2318e-07
8340.3, -3.2326e-07
8342.3, -3.2333e-07
8344.3, -3.2342e-07
8346.3, -3.235e-07
8348.3, -3.2358e-07
8350.3, -3.2367e-07
8352.3, -3.2376e-07
8354.3, -3.2384e-07
8356.3, -3.2393e-07
8358.3, -3.2402e-07
8360.4, -3.241e-07
8362.4, -3.2418e-07
8364.4, -3.2426e-07
8366.4, -3.2435e-07
8368.4, -3.2443e-07
8370.4, -3.2452e-07
8372.4, -3.2461e-07
8374.4, -3.2469e-07
8376.4, -3.2477e-07
8378.4, -3.2485e-07
8380.4, -3.2494e-07
8382.4, -3.2503e-07
8384.4, -3.2512e-07
8386.4, -3.252e-07
8388.4, -3.253e-07
8390.4, -3.2539e-07
8392.4, -3.2548e-07
8394.4, -3.2557e-07
8396.4, -3.2565e-07
8398.4, -3.2574e-07
8400.4, -3.2583e-07
8402.4, -3.2592e-07
8404.4, -3.26e-07
8406.4, -3.2609e-07
8408.4, -3.2618e-07
8410.4, -3.2627e-07
8412.4, -3.2636e-07
8414.4, -3.2645e-07
8416.4, -3.2654e-07
8418.4, -3.2663e-07
8420.4, -3.2672e-07
8422.4, -3.2681e-07
8424.4, -3.269e-07
8426.4, -3.2699e-07
8428.4, -3.2707e-07
8430.4, -3.2715e-07
8432.4, -3.2724e-07
8434.4, -3.2733e-07
8436.4, -3.2741e-07
8438.4, -3.275e-07
8440.4, -3.276e-07
8442.4, -3.2769e-07
8444.4, -3.2778e-07
8446.4, -3.2788e-07
8448.4, -3.2797e-07
8450.4, -3.2806e-07
8452.4, -3.2815e-07
8454.4, -3.2824e-07
8456.4, -3.2834e-07
8458.4, -3.2843e-07
8460.5, -3.2852e-07
8462.5, -3.2861e-07
8464.5, -3.287e-07
8466.5, -3.2879e-07
8468.5, -3.2887e-07
8470.5, -3.2897e-07
8472.5, -3.2906e-07
8474.5, -3.2915e-07
8476.5, -3.2924e-07
8478.5, -3.2933e-07
8480.5, -3.2943e-07
8482.5, -3.2953e-07
8484.5, -3.2962e-07
8486.5, -3.2972e-07
8488.5, -3.2981e-07
8490.5, -3.299e-07
8492.5, -3.2999e-07
8494.5, -3.3008e-07
8496.5, -3.3017e-07
8498.5, -3.3026e-07
8500.5, -3.3035e-07
8502.5, -3.3044e-07
8504.5, -3.3054e-07
8506.5, -3.3063e-07
8508.5, -3.3072e-07
8510.5, -3.3081e-07
8512.5, -3.3091e-07
8514.5, -3.31e-07
8516.5, -3.3109e-07
8518.5, -3.3119e-07
8520.5, -3.3128e-07
8522.5, -3.3138e-07
8524.5, -3.3147e-07
8526.5, -3.3156e-07
8528.5, -3.3166e-07
8530.5, -3.3175e-07
8532.5, -3.3184e-07
8534.5, -3.3193e-07
8536.5, -3.3203e-07
8538.5, -3.3213e-07
8540.5, -3.3223e-07
8542.5, -3.3233e-07
8544.5, -3.3243e-07
8546.5, -3.3252e-07
8548.5, -3.3262e-07
8550.5, -3.3271e-07
8552.5, -3.3281e-07
8554.5, -3.329e-07
8556.5, -3.3299e-07
8558.5, -3.3309e-07
8560.6, -3.3319e-07
8562.6, -3.3328e-07
8564.6, -3.3338e-07
8566.6, -3.3346e-07
8568.6, -3.3356e-07
8570.6, -3.3365e-07
8572.6, -3.3374e-07
8574.6, -3.3383e-07
8576.6, -3.3393e-07
8578.6, -3.3403e-07
8580.6, -3.3412e-07
8582.6, -3.3422e-07
8584.6, -3.3431e-07
8586.6, -3.344e-07
8588.6, -3.3448e-07
8590.6, -3.3457e-07
8592.6, -3.3466e-07
8594.6, -3.3474e-07
8596.6, -3.3484e-07
8598.6, -3.3493e-07
8600.6, -3.3502e-07
8602.6, -3.3512e-07
8604.6, -3.3521e-07
8606.6, -3.353e-07
8608.6, -3.354e-07
8610.6, -3.3549e-07
8612.6, -3.3558e-07
8614.6, -3.3567e-07
8616.6, -3.3576e-07
8618.6, -3.3586e-07
8620.6, -3.3594e-07
8622.6, -3.3603e-07
8624.6, -3.3613e-07
8626.6, -3.3621e-07
8628.6, -3.363e-07
8630.6, -3.364e-07
8632.6, -3.3649e-07
8634.6, -3.3658e-07
8636.6, -3.3668e-07
8638.6, -3.3677e-07
8640.6, -3.3686e-07
8642.6, -3.3695e-07
8644.6, -3.3704e-07
8646.6, -3.3713e-07
8648.6, -3.3723e-07
8650.6, -3.3732e-07
8652.6, -3.3742e-07
8654.6, -3.3752e-07
8656.6, -3.376e-07
8658.6, -3.3769e-07
8660.7, -3.3777e-07
8662.7, -3.3786e-07
8664.7, -3.3795e-07
8666.7, -3.3804e-07
8668.7, -3.3813e-07
8670.7, -3.3822e-07
8672.7, -3.3831e-07
8674.7, -3.384e-07
8676.7, -3.3849e-07
8678.7, -3.3858e-07
8680.7, -3.3867e-07
8682.7, -3.3876e-07
8684.7, -3.3885e-07
8686.7, -3.3893e-07
8688.7, -3.3902e-07
8690.7, -3.3911e-07
8692.7, -3.392e-07
8694.7, -3.393e-07
8696.7, -3.394e-07
8698.7, -3.3949e-07
8700.7, -3.3958e-07
8702.7, -3.3967e-07
8704.7, -3.3976e-07
8706.7, -3.3985e-07
8708.7, -3.3994e-07
8710.7, -3.4003e-07
8712.7, -3.4011e-07
8714.7, -3.402e-07
8716.7, -3.4029e-07
8718.7, -3.4038e-07
8720.7, -3.4046e-07
8722.7, -3.4055e-07
8724.7, -3.4063e-07
8726.7, -3.4072e-07
8728.7, -3.408e-07
8730.7, -3.4089e-07
8732.7, -3.4097e-07
8734.7, -3.4106e-07
8736.7, -3.4116e-07
8738.7, -3.4125e-07
8740.7, -3.4134e-07
8742.7, -3.4143e-07
8744.7, -3.4152e-07
8746.7, -3.4161e-07
8748.7, -3.417e-07
8750.7, -3.4179e-07
8752.7, -3.4188e-07
8754.7, -3.4197e-07
8756.7, -3.4205e-07
8758.7, -3.4214e-07
8760.8, -3.4223e-07
8762.8, -3.4232e-07
8764.8, -3.4241e-07
8766.8, -3.425e-07
8768.8, -3.4259e-07
8770.8, -3.4268e-07
8772.8, -3.4277e-07
8774.8, -3.4285e-07
8776.8, -3.4293e-07
8778.8, -3.4302e-07
8780.8, -3.4311e-07
8782.8, -3.4321e-07
8784.8, -3.433e-07
8786.8, -3.434e-07
8788.8, -3.4348e-07
8790.8, -3.4357e-07
8792.8, -3.4366e-07
8794.8, -3.4375e-07
8796.8, -3.4384e-07
8798.8, -3.4393e-07
8800.8, -3.4401e-07
8802.8, -3.441e-07
8804.8, -3.4418e-07
8806.8, -3.4427e-07
8808.8, -3.4435e-07
8810.8, -3.4444e-07
8812.8, -3.4453e-07
8814.8, -3.4462e-07
8816.8, -3.4471e-07
8818.8, -3.448e-07
8820.8, -3.4488e-07
8822.8, -3.4497e-07
8824.8, -3.4505e-07
8826.8, -3.4514e-07
8828.8, -3.4522e-07
8830.8, -3.4531e-07
8832.8, -3.4539e-07
8834.8, -3.4548e-07
8836.8, -3.4556e-07
8838.8, -3.4564e-07
8840.8, -3.4573e-07
8842.8, -3.4581e-07
8844.8, -3.4589e-07
8846.8, -3.4597e-07
8848.8, -3.4606e-07
8850.8, -3.4615e-07
8852.8, -3.4623e-07
8854.8, -3.4631e-07
8856.8, -3.4639e-07
8858.8, -3.4647e-07
8860.9, -3.4655e-07
8862.9, -3.4662e-07
8864.9, -3.467e-07
8866.9, -3.4678e-07
8868.9, -3.4686e-07
8870.9, -3.4694e-07
8872.9, -3.4702e-07
8874.9, -3.471e-07
8876.9, -3.4718e-07
8878.9, -3.4726e-07
8880.9, -3.4734e-07
8882.9, -3.4741e-07
8884.9, -3.4749e-07
8886.9, -3.4757e-07
8888.9, -3.4765e-07
8890.9, -3.4773e-07
8892.9, -3.4781e-07
8894.9, -3.4789e-07
8896.9, -3.4798e-07
8898.9, -3.4806e-07
8900.9, -3.4814e-07
8902.9, -3.4822e-07
8904.9, -3.483e-07
8906.9, -3.4838e-07
8908.9, -3.4847e-07
8910.9, -3.4855e-07
8912.9, -3.4862e-07
8914.9, -3.487e-07
8916.9, -3.4878e-07
8918.9, -3.4885e-07
8920.9, -3.4893e-07
8922.9, -3.4901e-07
8924.9, -3.4909e-07
8926.9, -3.4917e-07
8928.9, -3.4925e-07
8930.9, -3.4933e-07
8932.9, -3.4941e-07
8934.9, -3.4949e-07
8936.9, -3.4956e-07
8938.9, -3.4964e-07
8940.9, -3.4972e-07
8942.9, -3.498e-07
8944.9, -3.4988e-07
8946.9, -3.4996e-07
8948.9, -3.5005e-07
8950.9, -3.5013e-07
8952.9, -3.5022e-07
8954.9, -3.5031e-07
8956.9, -3.5039e-07
8958.9, -3.5048e-07
8961.0, -3.5057e-07
8963.0, -3.5066e-07
8965.0, -3.5074e-07
8967.0, -3.5083e-07
8969.0, -3.5092e-07
8971.0, -3.51e-07
8973.0, -3.5109e-07
8975.0, -3.5117e-07
8977.0, -3.5126e-07
8979.0, -3.5135e-07
8981.0, -3.5144e-07
8983.0, -3.5152e-07
8985.0, -3.516e-07
8987.0, -3.5169e-07
8989.0, -3.5177e-07
8991.0, -3.5184e-07
8993.0, -3.5193e-07
8995.0, -3.5201e-07
8997.0, -3.521e-07
8999.0, -3.5219e-07
9001.0, -3.5227e-07
9003.0, -3.5236e-07
9005.0, -3.5245e-07
9007.0, -3.5254e-07
9009.0, -3.5262e-07
9011.0, -3.5271e-07
9013.0, -3.528e-07
9015.0, -3.5288e-07
9017.0, -3.5297e-07
9019.0, -3.5306e-07
9021.0, -3.5315e-07
9023.0, -3.5324e-07
9025.0, -3.5332e-07
9027.0, -3.5341e-07
9029.0, -3.5349e-07
9031.0, -3.5358e-07
9033.0, -3.5366e-07
9035.0, -3.5375e-07
9037.0, -3.5384e-07
9039.0, -3.5392e-07
9041.0, -3.5401e-07
9043.0, -3.5409e-07
9045.0, -3.5418e-07
9047.0, -3.5426e-07
9049.0, -3.5435e-07
9051.0, -3.5443e-07
9053.0, -3.5452e-07
9055.0, -3.546e-07
9057.0, -3.5469e-07
9059.0, -3.5478e-07
9061.1, -3.5486e-07
9063.1, -3.5495e-07
9065.1, -3.5503e-07
9067.1, -3.5512e-07
9069.1, -3.552e-07
9071.1, -3.5529e-07
9073.1, -3.5538e-07
9075.1, -3.5547e-07
9077.1, -3.5555e-07
9079.1, -3.5564e-07
9081.1, -3.5573e-07
9083.1, -3.5581e-07
9085.1, -3.559e-07
9087.1, -3.5599e-07
9089.1, -3.5608e-07
9091.1, -3.5617e-07
9093.1, -3.5626e-07
9095.1, -3.5635e-07
9097.1, -3.5644e-07
9099.1, -3.5653e-07
9101.1, -3.5662e-07
9103.1, -3.567e-07
9105.1, -3.5679e-07
9107.1, -3.5688e-07
9109.1, -3.5696e-07
9111.1, -3.5705e-07
9113.1, -3.5714e-07
9115.1, -3.5722e-07
9117.1, -3.5731e-07
9119.1, -3.574e-07
9121.1, -3.5748e-07
9123.1, -3.5757e-07
9125.1, -3.5766e-07
9127.1, -3.5774e-07
9129.1, -3.5783e-07
9131.1, -3.5792e-07
9133.1, -3.5801e-07
9135.1, -3.5809e-07
9137.1, -3.5818e-07
9139.1, -3.5827e-07
9141.1, -3.5835e-07
9143.1, -3.5844e-07
9145.1, -3.5852e-07
9147.1, -3.586e-07
9149.1, -3.5869e-07
9151.1, -3.5878e-07
9153.1, -3.5887e-07
9155.1, -3.5895e-07
9157.1, -3.5904e-07
9159.1, -3.5912e-07
9161.2, -3.592e-07
9163.2, -3.5928e-07
9165.2, -3.5937e-07
9167.2, -3.5945e-07
9169.2, -3.5953e-07
9171.2, -3.5961e-07
9173.2, -3.5969e-07
9175.2, -3.5977e-07
9177.2, -3.5985e-07
9179.2, -3.5994e-07
9181.2, -3.6002e-07
9183.2, -3.6011e-07
9185.2, -3.6019e-07
9187.2, -3.6028e-07
9189.2, -3.6036e-07
9191.2, -3.6045e-07
9193.2, -3.6053e-07
9195.2, -3.6062e-07
9197.2, -3.607e-07
9199.2, -3.6078e-07
9201.2, -3.6087e-07
9203.2, -3.6095e-07
9205.2, -3.6104e-07
9207.2, -3.6112e-07
9209.2, -3.604e-07
9211.2, -3.5963e-07
9213.2, -3.5888e-07
9215.2, -3.5805e-07
9217.2, -3.5726e-07
9219.2, -3.5646e-07
9221.2, -3.5536e-07
9223.2, -3.543e-07
9225.2, -3.5342e-07
9227.2, -3.523e-07
9229.2, -3.5134e-07
9231.2, -3.5134e-07
9233.2, -3.5143e-07
9235.2, -3.5151e-07
9237.2, -3.516e-07
9239.2, -3.5169e-07
9241.2, -3.5177e-07
9243.2, -3.5186e-07
9245.2, -3.5194e-07
9247.2, -3.5202e-07
9249.2, -3.5211e-07
9251.2, -3.5219e-07
9253.2, -3.5228e-07
9255.2, -3.5237e-07
9257.2, -3.5245e-07
9259.2, -3.5254e-07
9261.3, -3.5263e-07
9263.3, -3.5272e-07
9265.3, -3.528e-07
9267.3, -3.5289e-07
9269.3, -3.5298e-07
9271.3, -3.5306e-07
9273.3, -3.5315e-07
9275.3, -3.5324e-07
9277.3, -3.5332e-07
9279.3, -3.5342e-07
9281.3, -3.535e-07
9283.3, -3.5359e-07
9285.3, -3.5367e-07
9287.3, -3.5376e-07
9289.3, -3.5384e-07
9291.3, -3.5393e-07
9293.3, -3.5402e-07
9295.3, -3.541e-07
9297.3, -3.5419e-07
9299.3, -3.5428e-07
9301.3, -3.5437e-07
9303.3, -3.5446e-07
9305.3, -3.5455e-07
9307.3, -3.5465e-07
9309.3, -3.5474e-07
9311.3, -3.5483e-07
9313.3, -3.5492e-07
9315.3, -3.5501e-07
9317.3, -3.551e-07
9319.3, -3.552e-07
9321.3, -3.5528e-07
9323.3, -3.5537e-07
9325.3, -3.5545e-07
9327.3, -3.5553e-07
9329.3, -3.5562e-07
9331.3, -3.557e-07
9333.3, -3.5578e-07
9335.3, -3.5586e-07
9337.3, -3.5595e-07
9339.3, -3.5604e-07
9341.3, -3.5613e-07
9343.3, -3.5621e-07
9345.3, -3.563e-07
9347.3, -3.5639e-07
9349.3, -3.5647e-07
9351.3, -3.5655e-07
9353.3, -3.5663e-07
9355.3, -3.5671e-07
9357.3, -3.5679e-07
9359.3, -3.5688e-07
9361.4, -3.5696e-07
9363.4, -3.5705e-07
9365.4, -3.5713e-07
9367.4, -3.5721e-07
9369.4, -3.5729e-07
9371.4, -3.5736e-07
9373.4, -3.5745e-07
9375.4, -3.5753e-07
9377.4, -3.5761e-07
9379.4, -3.5769e-07
9381.4, -3.5778e-07
9383.4, -3.5786e-07
9385.4, -3.5795e-07
9387.4, -3.5803e-07
9389.4, -3.5812e-07
9391.4, -3.5821e-07
9393.4, -3.5829e-07
9395.4, -3.5837e-07
9397.4, -3.5845e-07
9399.4, -3.5854e-07
9401.4, -3.5862e-07
9403.4, -3.587e-07
9405.4, -3.5878e-07
9407.4, -3.5886e-07
9409.4, -3.5895e-07
9411.4, -3.5904e-07
9413.4, -3.5912e-07
9415.4, -3.5921e-07
9417.4, -3.5929e-07
9419.4, -3.5937e-07
9421.4, -3.5946e-07
9423.4, -3.5954e-07
9425.4, -3.5963e-07
9427.4, -3.5971e-07
9429.4, -3.598e-07
9431.4, -3.5989e-07
9433.4, -3.5998e-07
9435.4, -3.6007e-07
9437.4, -3.6016e-07
9439.4, -3.6024e-07
9441.4, -3.6034e-07
9443.4, -3.6043e-07
9445.4, -3.6052e-07
9447.4, -3.606e-07
9449.4, -3.607e-07
9451.4, -3.6078e-07
9453.4, -3.6087e-07
9455.4, -3.6095e-07
9457.4, -3.6104e-07
9459.4, -3.6112e-07
9461.5, -3.6121e-07
9463.5, -3.613e-07
9465.5, -3.6138e-07
9467.5, -3.6147e-07
9469.5, -3.6155e-07
9471.5, -3.6164e-07
9473.5, -3.6173e-07
9475.5, -3.6182e-07
9477.5, -3.6191e-07
9479.5, -3.62e-07
9481.5, -3.6209e-07
9483.5, -3.6218e-07
9485.5, -3.6227e-07
9487.5, -3.6236e-07
9489.5, -3.6245e-07
9491.5, -3.6255e-07
9493.5, -3.6264e-07
9495.5, -3.6273e-07
9497.5, -3.6282e-07
9499.5, -3.629e-07
9501.5, -3.6299e-07
9503.5, -3.6308e-07
9505.5, -3.6316e-07
9507.5, -3.6325e-07
9509.5, -3.6334e-07
9511.5, -3.6343e-07
9513.5, -3.6352e-07
9515.5, -3.6361e-07
9517.5, -3.6369e-07
9519.5, -3.6378e-07
9521.5, -3.6387e-07
9523.5, -3.6395e-07
9525.5, -3.6404e-07
9527.5, -3.6413e-07
9529.5, -3.6421e-07
9531.5, -3.643e-07
9533.5, -3.6438e-07
9535.5, -3.6446e-07
9537.5, -3.6454e-07
9539.5, -3.6463e-07
9541.5, -3.6472e-07
9543.5, -3.648e-07
9545.5, -3.6489e-07
9547.5, -3.6497e-07
9549.5, -3.6506e-07
9551.5, -3.6515e-07
9553.5, -3.6524e-07
9555.5, -3.6533e-07
9557.5, -3.6542e-07
9559.5, -3.6551e-07
9561.6, -3.656e-07
9563.6, -3.6569e-07
9565.6, -3.6577e-07
9567.6, -3.6586e-07
9569.6, -3.6595e-07
9571.6, -3.6604e-07
9573.6, -3.6612e-07
9575.6, -3.6621e-07
9577.6, -3.6629e-07
9579.6, -3.6638e-07
9581.6, -3.6647e-07
9583.6, -3.6655e-07
9585.6, -3.6664e-07
9587.6, -3.6673e-07
9589.6, -3.6682e-07
9591.6, -3.6691e-07
9593.6, -3.67e-07
9595.6, -3.6709e-07
9597.6, -3.6718e-07
9599.6, -3.6727e-07
9601.6, -3.6735e-07
9603.6, -3.6744e-07
9605.6, -3.6753e-07
9607.6, -3.6762e-07
9609.6, -3.6771e-07
9611.6, -3.678e-07
9613.6, -3.6789e-07
9615.6, -3.6797e-07
9617.6, -3.6806e-07
9619.6, -3.6815e-07
9621.6, -3.6824e-07
9623.6, -3.6832e-07
9625.6, -3.6841e-07
9627.6, -3.685e-07
9629.6, -3.6859e-07
9631.6, -3.6868e-07
9633.6, -3.6877e-07
9635.6, -3.6885e-07
9637.6, -3.6894e-07
9639.6, -3.6902e-07
9641.6, -3.6911e-07
9643.6, -3.692e-07
9645.6, -3.6928e-07
9647.6, -3.6936e-07
9649.6, -3.6944e-07
9651.6, -3.6952e-07
9653.6, -3.6961e-07
9655.6, -3.6969e-07
9657.6, -3.6978e-07
9659.6, -3.6988e-07
9661.7, -3.6996e-07
9663.7, -3.7005e-07
9665.7, -3.7014e-07
9667.7, -3.7023e-07
9669.7, -3.7031e-07
9671.7, -3.7039e-07
9673.7, -3.7047e-07
9675.7, -3.7056e-07
9677.7, -3.7065e-07
9679.7, -3.7073e-07
9681.7, -3.7082e-07
9683.7, -3.709e-07
9685.7, -3.7099e-07
9687.7, -3.7108e-07
9689.7, -3.7117e-07
9691.7, -3.7126e-07
9693.7, -3.7135e-07
9695.7, -3.7144e-07
9697.7, -3.7153e-07
9699.7, -3.7162e-07
9701.7, -3.717e-07
9703.7, -3.7178e-07
9705.7, -3.7187e-07
9707.7, -3.7195e-07
9709.7, -3.7204e-07
9711.7, -3.7213e-07
9713.7, -3.7222e-07
9715.7, -3.723e-07
9717.7, -3.7238e-07
9719.7, -3.7246e-07
9721.7, -3.7254e-07
9723.7, -3.7262e-07
9725.7, -3.727e-07
9727.7, -3.7279e-07
9729.7, -3.7288e-07
9731.7, -3.7297e-07
9733.7, -3.7305e-07
9735.7, -3.7313e-07
9737.7, -3.7322e-07
9739.7, -3.7331e-07
9741.7, -3.734e-07
9743.7, -3.7349e-07
9745.7, -3.7356e-07
9747.7, -3.7365e-07
9749.7, -3.7374e-07
9751.7, -3.7382e-07
9753.7, -3.7391e-07
9755.7, -3.7399e-07
9757.7, -3.7408e-07
9759.7, -3.7416e-07
9761.8, -3.7425e-07
9763.8, -3.7434e-07
9765.8, -3.7443e-07
9767.8, -3.7452e-07
9769.8, -3.7461e-07
9771.8, -3.7471e-07
9773.8, -3.748e-07
9775.8, -3.7489e-07
9777.8, -3.7498e-07
9779.8, -3.7507e-07
9781.8, -3.7516e-07
9783.8, -3.7524e-07
9785.8, -3.7533e-07
9787.8, -3.7542e-07
9789.8, -3.7552e-07
9791.8, -3.7561e-07
9793.8, -3.7571e-07
9795.8, -3.758e-07
9797.8, -3.7589e-07
9799.8, -3.7598e-07
9801.8, -3.7607e-07
9803.8, -3.7617e-07
9805.8, -3.7626e-07
9807.8, -3.7634e-07
9809.8, -3.7644e-07
9811.8, -3.7653e-07
9813.8, -3.7663e-07
9815.8, -3.7672e-07
9817.8, -3.7682e-07
9819.8, -3.7691e-07
9821.8, -3.77e-07
9823.8, -3.7709e-07
9825.8, -3.7718e-07
9827.8, -3.7727e-07
9829.8, -3.7736e-07
9831.8, -3.7744e-07
9833.8, -3.7753e-07
9835.8, -3.7762e-07
9837.8, -3.7771e-07
9839.8, -3.7779e-07
9841.8, -3.7789e-07
9843.8, -3.7797e-07
9845.8, -3.7806e-07
9847.8, -3.7816e-07
9849.8, -3.7825e-07
9851.8, -3.7834e-07
9853.8, -3.7843e-07
9855.8, -3.7851e-07
9857.8, -3.786e-07
9859.8, -3.787e-07
9861.9, -3.7879e-07
9863.9, -3.7888e-07
9865.9, -3.7898e-07
9867.9, -3.7907e-07
9869.9, -3.7917e-07
9871.9, -3.7927e-07
9873.9, -3.7936e-07
9875.9, -3.7946e-07
9877.9, -3.7955e-07
9879.9, -3.7965e-07
9881.9, -3.7974e-07
9883.9, -3.7984e-07
9885.9, -3.7993e-07
9887.9, -3.8002e-07
9889.9, -3.8012e-07
9891.9, -3.8022e-07
9893.9, -3.8032e-07
9895.9, -3.8042e-07
9897.9, -3.8051e-07
9899.9, -3.8061e-07
9901.9, -3.807e-07
9903.9, -3.8078e-07
9905.9, -3.8088e-07
9907.9, -3.8097e-07
9909.9, -3.8105e-07
9911.9, -3.8115e-07
9913.9, -3.8123e-07
9915.9, -3.8132e-07
9917.9, -3.8141e-07
9919.9, -3.815e-07
9921.9, -3.8159e-07
9923.9, -3.8168e-07
9925.9, -3.8177e-07
9927.9, -3.8186e-07
9929.9, -3.8194e-07
9931.9, -3.8202e-07
9933.9, -3.8211e-07
9935.9, -3.822e-07
9937.9, -3.8229e-07
9939.9, -3.8239e-07
9941.9, -3.8248e-07
9943.9, -3.8256e-07
9945.9, -3.8265e-07
9947.9, -3.8274e-07
9949.9, -3.8283e-07
9951.9, -3.8292e-07
9953.9, -3.83e-07
9955.9, -3.8309e-07
9957.9, -3.8317e-07
9959.9, -3.8325e-07
9962.0, -3.8334e-07
9964.0, -3.8342e-07
9966.0, -3.8351e-07
9968.0, -3.836e-07
9970.0, -3.8368e-07
9972.0, -3.8376e-07
9974.0, -3.8385e-07
9976.0, -3.8394e-07
9978.0, -3.8403e-07
9980.0, -3.8412e-07
9982.0, -3.8421e-07
9984.0, -3.843e-07
9986.0, -3.8439e-07
9988.0, -3.8447e-07
9990.0, -3.8455e-07
9992.0, -3.8464e-07
9994.0, -3.8473e-07
9996.0, -3.8483e-07
9998.0, -3.8492e-07
10000.0, -3.8501e-07
10002.0, -3.851e-07
10004.0, -3.8519e-07
10006.0, -3.8528e-07
10008.0, -3.8536e-07
10010.0, -3.8545e-07
10012.0, -3.8554e-07
10014.0, -3.8562e-07
10016.0, -3.857e-07
10018.0, -3.8579e-07
10020.0, -3.8587e-07
10022.0, -3.8595e-07
10024.0, -3.8604e-07
10026.0, -3.8612e-07
10028.0, -3.862e-07
10030.0, -3.8628e-07
10032.0, -3.8637e-07
10034.0, -3.8645e-07
10036.0, -3.8654e-07
10038.0, -3.8663e-07
10040.0, -3.8671e-07
10042.0, -3.868e-07
10044.0, -3.8688e-07
10046.0, -3.8697e-07
10048.0, -3.8705e-07
10050.0, -3.8713e-07
10052.0, -3.8722e-07
10054.0, -3.873e-07
10056.0, -3.8738e-07
10058.0, -3.8747e-07
10060.0, -3.8755e-07
10062.0, -3.8764e-07
10064.0, -3.8773e-07
10066.0, -3.8781e-07
10068.0, -3.879e-07
10070.0, -3.8798e-07
10072.0, -3.8806e-07
10074.0, -3.8815e-07
10076.0, -3.8823e-07
10078.0, -3.8832e-07
10080.0, -3.8841e-07
10082.0, -3.885e-07
10084.0, -3.886e-07
10086.0, -3.8869e-07
10088.0, -3.8878e-07
10090.0, -3.8887e-07
10092.0, -3.8896e-07
10094.0, -3.8906e-07
10096.0, -3.8915e-07
10098.0, -3.8924e-07
10100.0, -3.8933e-07
10102.0, -3.8942e-07
10104.0, -3.8951e-07
10106.0, -3.896e-07
10108.0, -3.8969e-07
10110.0, -3.8978e-07
10112.0, -3.8987e-07
10114.0, -3.8996e-07
10116.0, -3.9004e-07
10118.0, -3.9012e-07
10120.0, -3.9021e-07
10122.0, -3.9029e-07
10124.0, -3.9037e-07
10126.0, -3.9045e-07
10128.0, -3.9054e-07
10130.0, -3.9062e-07
10132.0, -3.907e-07
10134.0, -3.9079e-07
10136.0, -3.9088e-07
10138.0, -3.9096e-07
10140.0, -3.9106e-07
10142.0, -3.9115e-07
10144.0, -3.9125e-07
10146.0, -3.9134e-07
10148.0, -3.9142e-07
10150.0, -3.9151e-07
10152.0, -3.916e-07
10154.0, -3.9168e-07
10156.0, -3.9176e-07
10158.0, -3.9185e-07
10160.0, -3.9195e-07
10162.0, -3.9203e-07
10164.0, -3.9212e-07
10166.0, -3.9221e-07
10168.0, -3.923e-07
10170.0, -3.9239e-07
10172.0, -3.9248e-07
10174.0, -3.9258e-07
10176.0, -3.9267e-07
10178.0, -3.9276e-07
10180.0, -3.9285e-07
10182.0, -3.9294e-07
10184.0, -3.9303e-07
10186.0, -3.9311e-07
10188.0, -3.9319e-07
10190.0, -3.9328e-07
10192.0, -3.9336e-07
10194.0, -3.9344e-07
10196.0, -3.9352e-07
10198.0, -3.9361e-07
10200.0, -3.9369e-07
10202.0, -3.9378e-07
10204.0, -3.9386e-07
10206.0, -3.9394e-07
10208.0, -3.9402e-07
10210.0, -3.9411e-07
10212.0, -3.9418e-07
10214.0, -3.9427e-07
10216.0, -3.9435e-07
10218.0, -3.9444e-07
10220.0, -3.9453e-07
10222.0, -3.9462e-07
10224.0, -3.9471e-07
10226.0, -3.9479e-07
10228.0, -3.9488e-07
10230.0, -3.9497e-07
10232.0, -3.9506e-07
10234.0, -3.9515e-07
10236.0, -3.9523e-07
10238.0, -3.9531e-07
10240.0, -3.954e-07
10242.0, -3.9549e-07
10244.0, -3.9558e-07
10246.0, -3.9567e-07
10248.0, -3.9575e-07
10250.0, -3.9584e-07
10252.0, -3.9593e-07
10254.0, -3.9602e-07
10256.0, -3.9611e-07
10258.0, -3.9619e-07
10260.0, -3.9629e-07
10262.0, -3.9638e-07
10264.0, -3.9646e-07
10266.0, -3.9655e-07
10268.0, -3.9664e-07
10270.0, -3.9673e-07
10272.0, -3.9683e-07
10274.0, -3.9692e-07
10276.0, -3.9701e-07
10278.0, -3.971e-07
10280.0, -3.9719e-07
10282.0, -3.9729e-07
10284.0, -3.9738e-07
10286.0, -3.9747e-07
10288.0, -3.9756e-07
10290.0, -3.9765e-07
10292.0, -3.9774e-07
10294.0, -3.9782e-07
10296.0, -3.9791e-07
10298.0, -3.98e-07
10300.0, -3.9809e-07
10302.0, -3.9818e-07
10304.0, -3.9827e-07
10306.0, -3.9837e-07
10308.0, -3.9846e-07
10310.0, -3.9856e-07
10312.0, -3.9865e-07
10314.0, -3.9874e-07
10316.0, -3.9884e-07
10318.0, -3.9893e-07
10320.0, -3.9902e-07
10322.0, -3.9911e-07
10324.0, -3.992e-07
10326.0, -3.9929e-07
10328.0, -3.9939e-07
10330.0, -3.9948e-07
10332.0, -3.9957e-07
10334.0, -3.9966e-07
10336.0, -3.9975e-07
10338.0, -3.9985e-07
10340.0, -3.9994e-07
10342.0, -4.0004e-07
10344.0, -4.0012e-07
10346.0, -4.0021e-07
10348.0, -4.003e-07
10350.0, -4.0038e-07
10352.0, -4.0047e-07
10354.0, -4.0056e-07
10356.0, -4.0064e-07
10358.0, -4.0073e-07
10360.0, -4.0082e-07
10362.0, -4.009e-07
10364.0, -4.01e-07
10366.0, -4.0109e-07
10368.0, -4.0118e-07
10370.0, -4.0127e-07
10372.0, -4.0136e-07
10374.0, -4.0145e-07
10376.0, -4.0154e-07
10378.0, -4.0163e-07
10380.0, -4.0172e-07
10382.0, -4.0181e-07
10384.0, -4.019e-07
10386.0, -4.0199e-07
10388.0, -4.0208e-07
10390.0, -4.0216e-07
10392.0, -4.0225e-07
10394.0, -4.0234e-07
10396.0, -4.0242e-07
10398.0, -4.0251e-07
10400.0, -4.026e-07
10402.0, -4.0268e-07
10404.0, -4.0277e-07
10406.0, -4.0286e-07
10408.0, -4.0295e-07
10410.0, -4.0303e-07
10412.0, -4.0312e-07
10414.0, -4.0321e-07
10416.0, -4.033e-07
10418.0, -4.0339e-07
10420.0, -4.0348e-07
10422.0, -4.0357e-07
10424.0, -4.0367e-07
10426.0, -4.0376e-07
10428.0, -4.0385e-07
10430.0, -4.0394e-07
10432.0, -4.0403e-07
10434.0, -4.0413e-07
10436.0, -4.0422e-07
10438.0, -4.043e-07
10440.0, -4.0439e-07
10442.0, -4.0448e-07
10444.0, -4.0458e-07
10446.0, -4.0467e-07
10448.0, -4.0477e-07
10450.0, -4.0486e-07
10452.0, -4.0496e-07
10454.0, -4.0505e-07
10456.0, -4.0514e-07
10458.0, -4.0524e-07
10460.0, -4.0533e-07
10462.0, -4.0543e-07
10464.0, -4.0551e-07
10466.0, -4.056e-07
10468.0, -4.0569e-07
10470.0, -4.0578e-07
10472.0, -4.0587e-07
10474.0, -4.0596e-07
10476.0, -4.0605e-07
10478.0, -4.0614e-07
10480.0, -4.0623e-07
10482.0, -4.0633e-07
10484.0, -4.0641e-07
10486.0, -4.0651e-07
10488.0, -4.066e-07
10490.0, -4.067e-07
10492.0, -4.0679e-07
10494.0, -4.0688e-07
10496.0, -4.0697e-07
10498.0, -4.0706e-07
10500.0, -4.0715e-07
10502.0, -4.0724e-07
10504.0, -4.0733e-07
10506.0, -4.0742e-07
10508.0, -4.0751e-07
10510.0, -4.076e-07
10513.0, -4.0769e-07
10515.0, -4.0778e-07
10517.0, -4.0787e-07
10519.0, -4.0796e-07
10521.0, -4.0805e-07
10523.0, -4.0814e-07
10525.0, -4.0823e-07
10527.0, -4.0832e-07
10529.0, -4.0841e-07
10531.0, -4.0851e-07
10533.0, -4.0859e-07
10535.0, -4.0869e-07
10537.0, -4.0878e-07
10539.0, -4.0887e-07
10541.0, -4.0896e-07
10543.0, -4.0905e-07
10545.0, -4.0914e-07
10547.0, -4.0923e-07
10549.0, -4.0932e-07
10551.0, -4.0941e-07
10553.0, -4.095e-07
10555.0, -4.0959e-07
10557.0, -4.0968e-07
10559.0, -4.0978e-07
10561.0, -4.0987e-07
10563.0, -4.0996e-07
10565.0, -4.1006e-07
10567.0, -4.1015e-07
10569.0, -4.1023e-07
10571.0, -4.1032e-07
10573.0, -4.1041e-07
10575.0, -4.105e-07
10577.0, -4.1059e-07
10579.0, -4.1068e-07
10581.0, -4.1077e-07
10583.0, -4.1085e-07
10585.0, -4.1094e-07
10587.0, -4.1103e-07
10589.0, -4.1113e-07
10591.0, -4.1123e-07
10593.0, -4.1132e-07
10595.0, -4.1142e-07
10597.0, -4.1151e-07
10599.0, -4.116e-07
10601.0, -4.1169e-07
10603.0, -4.1178e-07
10605.0, -4.1187e-07
10607.0, -4.1196e-07
10609.0, -4.1204e-07
10611.0, -4.1213e-07
10613.0, -4.1221e-07
10615.0, -4.123e-07
10617.0, -4.1238e-07
10619.0, -4.1247e-07
10621.0, -4.1256e-07
10623.0, -4.1264e-07
10625.0, -4.1273e-07
10627.0, -4.1282e-07
10629.0, -4.1291e-07
10631.0, -4.13e-07
10633.0, -4.131e-07
10635.0, -4.1319e-07
10637.0, -4.1328e-07
10639.0, -4.1338e-07
10641.0, -4.1347e-07
10643.0, -4.1356e-07
10645.0, -4.1365e-07
10647.0, -4.1374e-07
10649.0, -4.1383e-07
10651.0, -4.1392e-07
10653.0, -4.1401e-07
10655.0, -4.141e-07
10657.0, -4.1419e-07
10659.0, -4.1427e-07
10661.0, -4.1437e-07
10663.0, -4.1446e-07
10665.0, -4.1454e-07
10667.0, -4.1463e-07
10669.0, -4.1473e-07
10671.0, -4.1482e-07
10673.0, -4.1491e-07
10675.0, -4.15e-07
10677.0, -4.151e-07
10679.0, -4.1519e-07
10681.0, -4.1527e-07
10683.0, -4.1536e-07
10685.0, -4.1545e-07
10687.0, -4.1553e-07
10689.0, -4.1561e-07
10691.0, -4.157e-07
10693.0, -4.1578e-07
10695.0, -4.1587e-07
10697.0, -4.1596e-07
10699.0, -4.1604e-07
10701.0, -4.1613e-07
10703.0, -4.1622e-07
10705.0, -4.163e-07
10707.0, -4.1639e-07
10709.0, -4.1647e-07
10711.0, -4.1655e-07
10713.0, -4.1664e-07
10715.0, -4.1672e-07
10717.0, -4.1681e-07
10719.0, -4.1689e-07
10721.0, -4.1697e-07
10723.0, -4.1706e-07
10725.0, -4.1714e-07
10727.0, -4.1722e-07
10729.0, -4.173e-07
10731.0, -4.1739e-07
10733.0, -4.1748e-07
10735.0, -4.1757e-07
10737.0, -4.1765e-07
10739.0, -4.1774e-07
10741.0, -4.1783e-07
10743.0, -4.1791e-07
10745.0, -4.18e-07
10747.0, -4.1809e-07
10749.0, -4.1818e-07
10751.0, -4.1827e-07
10753.0, -4.1836e-07
10755.0, -4.1845e-07
10757.0, -4.1854e-07
10759.0, -4.1863e-07
10761.0, -4.1872e-07
10763.0, -4.1881e-07
10765.0, -4.189e-07
10767.0, -4.1899e-07
10769.0, -4.1908e-07
10771.0, -4.1917e-07
10773.0, -4.1926e-07
10775.0, -4.1936e-07
10777.0, -4.1945e-07
10779.0, -4.1954e-07
10781.0, -4.1964e-07
10783.0, -4.1973e-07
10785.0, -4.1982e-07
10787.0, -4.1991e-07
10789.0, -4.2e-07
10791.0, -4.2009e-07
10793.0, -4.2019e-07
10795.0, -4.2028e-07
10797.0, -4.2037e-07
10799.0, -4.2046e-07
10801.0, -4.2054e-07
10803.0, -4.2063e-07
10805.0, -4.2071e-07
10807.0, -4.2081e-07
10809.0, -4.209e-07
10811.0, -4.2099e-07
10813.0, -4.2108e-07
10815.0, -4.2117e-07
10817.0, -4.2126e-07
10819.0, -4.2135e-07
10821.0, -4.2144e-07
10823.0, -4.2153e-07
10825.0, -4.2162e-07
10827.0, -4.2171e-07
10829.0, -4.2179e-07
10831.0, -4.2187e-07
10833.0, -4.2196e-07
10835.0, -4.2205e-07
10837.0, -4.2214e-07
10839.0, -4.2222e-07
10841.0, -4.2231e-07
10843.0, -4.2239e-07
10845.0, -4.2247e-07
10847.0, -4.2255e-07
10849.0, -4.2264e-07
10851.0, -4.2271e-07
10853.0, -4.2279e-07
10855.0, -4.2287e-07
10857.0, -4.2295e-07
10859.0, -4.2303e-07
10861.0, -4.2312e-07
10863.0, -4.2319e-07
10865.0, -4.2327e-07
10867.0, -4.2336e-07
10869.0, -4.2344e-07
10871.0, -4.2351e-07
10873.0, -4.2359e-07
10875.0, -4.2368e-07
10877.0, -4.2376e-07
10879.0, -4.2385e-07
10881.0, -4.2393e-07
10883.0, -4.2402e-07
10885.0, -4.241e-07
10887.0, -4.2418e-07
10889.0, -4.2427e-07
10891.0, -4.2434e-07
10893.0, -4.2443e-07
10895.0, -4.245e-07
10897.0, -4.2458e-07
10899.0, -4.2466e-07
10901.0, -4.2474e-07
10903.0, -4.2482e-07
10905.0, -4.2491e-07
10907.0, -4.2499e-07
10909.0, -4.2507e-07
10911.0, -4.2516e-07
10913.0, -4.2524e-07
10915.0, -4.2532e-07
10917.0, -4.254e-07
10919.0, -4.2549e-07
10921.0, -4.2557e-07
10923.0, -4.2565e-07
10925.0, -4.2573e-07
10927.0, -4.2581e-07
10929.0, -4.2588e-07
10931.0, -4.2596e-07
10933.0, -4.2603e-07
10935.0, -4.2612e-07
10937.0, -4.2619e-07
10939.0, -4.2627e-07
10941.0, -4.2635e-07
10943.0, -4.2643e-07
10945.0, -4.2651e-07
10947.0, -4.2659e-07
10949.0, -4.2667e-07
10951.0, -4.2675e-07
10953.0, -4.2684e-07
10955.0, -4.2692e-07
10957.0, -4.27e-07
10959.0, -4.2709e-07
10961.0, -4.2717e-07
10963.0, -4.2726e-07
10965.0, -4.2734e-07
10967.0, -4.2743e-07
10969.0, -4.2751e-07
10971.0, -4.276e-07
10973.0, -4.2768e-07
10975.0, -4.2776e-07
10977.0, -4.2785e-07
10979.0, -4.2794e-07
10981.0, -4.2803e-07
10983.0, -4.2812e-07
10985.0, -4.2821e-07
10987.0, -4.283e-07
10989.0, -4.2839e-07
10991.0, -4.2847e-07
10993.0, -4.2856e-07
10995.0, -4.2864e-07
10997.0, -4.2873e-07
10999.0, -4.2881e-07
11001.0, -4.2889e-07
11003.0, -4.2898e-07
11005.0, -4.2906e-07
11007.0, -4.2914e-07
11009.0, -4.2922e-07
