Time sep (ms?), Charge (C)
0.0, -2.3e-09
2.002, -2.371e-09
4.004, -2.441e-09
6.006, -2.518e-09
8.008, -2.593e-09
10.01, -2.664e-09
12.012, -2.738e-09
14.014, -2.809e-09
16.016, -2.881e-09
18.018, -2.958e-09
20.02, -3.036e-09
22.022, -3.11e-09
24.024, -3.188e-09
26.026, -3.259e-09
28.028, -3.329e-09
30.03, -3.401e-09
32.032, -3.474e-09
34.034, -3.547e-09
36.036, -3.621e-09
38.038, -3.695e-09
40.04, -3.772e-09
42.042, -3.849e-09
44.044, -3.921e-09
46.046, -4.001e-09
48.048, -4.083e-09
50.05, -4.16e-09
52.052, -4.231e-09
54.054, -4.308e-09
56.056, -4.383e-09
58.058, -4.459e-09
60.06, -4.535e-09
62.062, -4.607e-09
64.064, -4.682e-09
66.066, -4.756e-09
68.068, -4.831e-09
70.07, -4.914e-09
72.072, -4.99e-09
74.074, -5.071e-09
76.076, -5.147e-09
78.078, -5.222e-09
80.08, -5.293e-09
82.082, -5.371e-09
84.084, -5.444e-09
86.086, -5.523e-09
88.088, -5.594e-09
90.09, -5.67e-09
92.092, -5.742e-09
94.094, -5.815e-09
96.096, -5.883e-09
98.098, -5.952e-09
100.1, -6.027e-09
102.1, -6.099e-09
104.1, -6.169e-09
106.11, -6.243e-09
108.11, -6.317e-09
110.11, -6.386e-09
112.11, -6.459e-09
114.11, -6.53e-09
116.12, -6.6e-09
118.12, -6.671e-09
120.12, -6.738e-09
122.12, -6.804e-09
124.12, -6.872e-09
126.13, -6.943e-09
128.13, -7.016e-09
130.13, -7.086e-09
132.13, -7.161e-09
134.13, -7.231e-09
136.14, -7.305e-09
138.14, -7.382e-09
140.14, -7.456e-09
142.14, -7.529e-09
144.14, -7.595e-09
146.15, -7.668e-09
148.15, -7.743e-09
150.15, -7.814e-09
152.15, -7.885e-09
154.15, -7.959e-09
156.16, -8.034e-09
158.16, -8.112e-09
160.16, -8.189e-09
162.16, -8.269e-09
164.16, -8.343e-09
166.17, -8.419e-09
168.17, -8.49e-09
170.17, -8.562e-09
172.17, -8.638e-09
174.17, -8.711e-09
176.18, -8.78e-09
178.18, -8.85e-09
180.18, -8.916e-09
182.18, -8.984e-09
184.18, -9.052e-09
186.19, -9.122e-09
188.19, -9.19e-09
190.19, -9.255e-09
192.19, -9.319e-09
194.19, -9.384e-09
196.2, -9.454e-09
198.2, -9.525e-09
200.2, -9.596e-09
202.2, -9.661e-09
204.2, -9.721e-09
206.21, -9.787e-09
208.21, -9.861e-09
210.21, -9.931e-09
212.21, -1.0005e-08
214.21, -1.0082e-08
216.22, -1.0153e-08
218.22, -1.0227e-08
220.22, -1.0299e-08
222.22, -1.0378e-08
224.22, -1.0454e-08
226.23, -1.0529e-08
228.23, -1.06e-08
230.23, -1.0673e-08
232.23, -1.0751e-08
234.23, -1.0824e-08
236.24, -1.0903e-08
238.24, -1.0982e-08
240.24, -1.1059e-08
242.24, -1.1138e-08
244.24, -1.1212e-08
246.25, -1.1284e-08
248.25, -1.1357e-08
250.25, -1.1427e-08
252.25, -1.1505e-08
254.25, -1.1581e-08
256.26, -1.1668e-08
258.26, -1.1749e-08
260.26, -1.1825e-08
262.26, -1.1904e-08
264.26, -1.198e-08
266.27, -1.2058e-08
268.27, -1.2131e-08
270.27, -1.2208e-08
272.27, -1.2281e-08
274.27, -1.2353e-08
276.28, -1.2421e-08
278.28, -1.2488e-08
280.28, -1.2559e-08
282.28, -1.2637e-08
284.28, -1.2713e-08
286.29, -1.2791e-08
288.29, -1.2871e-08
290.29, -1.2951e-08
292.29, -1.3027e-08
294.29, -1.3103e-08
296.3, -1.318e-08
298.3, -1.3258e-08
300.3, -1.3341e-08
302.3, -1.3418e-08
304.3, -1.349e-08
306.31, -1.356e-08
308.31, -1.3635e-08
310.31, -1.3714e-08
312.31, -1.3796e-08
314.31, -1.3876e-08
316.32, -1.3956e-08
318.32, -1.4032e-08
320.32, -1.411e-08
322.32, -1.4182e-08
324.32, -1.4258e-08
326.33, -1.4333e-08
328.33, -1.4408e-08
330.33, -1.4478e-08
332.33, -1.4548e-08
334.33, -1.4619e-08
336.34, -1.469e-08
338.34, -1.4763e-08
340.34, -1.4839e-08
342.34, -1.491e-08
344.34, -1.4986e-08
346.35, -1.5061e-08
348.35, -1.5136e-08
350.35, -1.5206e-08
352.35, -1.5275e-08
354.35, -1.5348e-08
356.36, -1.5415e-08
358.36, -1.5483e-08
360.36, -1.5555e-08
362.36, -1.5634e-08
364.36, -1.5712e-08
366.37, -1.5788e-08
368.37, -1.5869e-08
370.37, -1.5949e-08
372.37, -1.6026e-08
374.37, -1.6103e-08
376.38, -1.6174e-08
378.38, -1.6248e-08
380.38, -1.6318e-08
382.38, -1.6386e-08
384.38, -1.6459e-08
386.39, -1.6538e-08
388.39, -1.6615e-08
390.39, -1.6695e-08
392.39, -1.6773e-08
394.39, -1.6849e-08
396.4, -1.6923e-08
398.4, -1.7001e-08
400.4, -1.7078e-08
402.4, -1.7154e-08
404.4, -1.7232e-08
406.41, -1.7305e-08
408.41, -1.738e-08
410.41, -1.746e-08
412.41, -1.7537e-08
414.41, -1.7614e-08
416.42, -1.7686e-08
418.42, -1.7763e-08
420.42, -1.7838e-08
422.42, -1.791e-08
424.42, -1.7977e-08
426.43, -1.8053e-08
428.43, -1.8132e-08
430.43, -1.8212e-08
432.43, -1.8288e-08
434.43, -1.8364e-08
436.44, -1.8439e-08
438.44, -1.8514e-08
440.44, -1.8591e-08
442.44, -1.8665e-08
444.44, -1.8739e-08
446.45, -1.8814e-08
448.45, -1.8892e-08
450.45, -1.8965e-08
452.45, -1.9042e-08
454.45, -1.9122e-08
456.46, -1.9199e-08
458.46, -1.9273e-08
460.46, -1.9351e-08
462.46, -1.9431e-08
464.46, -1.9509e-08
466.47, -1.9587e-08
468.47, -1.9662e-08
470.47, -1.9737e-08
472.47, -1.9809e-08
474.47, -1.9884e-08
476.48, -1.9958e-08
478.48, -2.0037e-08
480.48, -2.0113e-08
482.48, -2.0188e-08
484.48, -2.0263e-08
486.49, -2.0339e-08
488.49, -2.041e-08
490.49, -2.0484e-08
492.49, -2.0556e-08
494.49, -2.0626e-08
496.5, -2.0695e-08
498.5, -2.0764e-08
500.5, -2.0835e-08
502.5, -2.0913e-08
504.5, -2.0989e-08
506.51, -2.1063e-08
508.51, -2.1137e-08
510.51, -2.1209e-08
512.51, -2.1277e-08
514.51, -2.1347e-08
516.52, -2.1417e-08
518.52, -2.1491e-08
520.52, -2.1565e-08
522.52, -2.1638e-08
524.52, -2.1707e-08
526.53, -2.1778e-08
528.53, -2.1849e-08
530.53, -2.1919e-08
532.53, -2.1989e-08
534.53, -2.2053e-08
536.54, -2.2121e-08
538.54, -2.2193e-08
540.54, -2.2265e-08
542.54, -2.2337e-08
544.54, -2.2406e-08
546.55, -2.2481e-08
548.55, -2.2556e-08
550.55, -2.2622e-08
552.55, -2.2691e-08
554.55, -2.2759e-08
556.56, -2.283e-08
558.56, -2.2905e-08
560.56, -2.2975e-08
562.56, -2.3044e-08
564.56, -2.3108e-08
566.57, -2.3173e-08
568.57, -2.3241e-08
570.57, -2.3311e-08
572.57, -2.3379e-08
574.57, -2.345e-08
576.58, -2.3524e-08
578.58, -2.3597e-08
580.58, -2.3669e-08
582.58, -2.3733e-08
584.58, -2.3802e-08
586.59, -2.3873e-08
588.59, -2.3944e-08
590.59, -2.4018e-08
592.59, -2.4093e-08
594.59, -2.4165e-08
596.6, -2.4238e-08
598.6, -2.4313e-08
600.6, -2.4384e-08
602.6, -2.4451e-08
604.6, -2.4524e-08
606.61, -2.4591e-08
608.61, -2.4663e-08
610.61, -2.4737e-08
612.61, -2.481e-08
614.61, -2.4888e-08
616.62, -2.4975e-08
618.62, -2.5047e-08
620.62, -2.5116e-08
622.62, -2.5192e-08
624.62, -2.5266e-08
626.63, -2.534e-08
628.63, -2.5417e-08
630.63, -2.5487e-08
632.63, -2.5559e-08
634.63, -2.563e-08
636.64, -2.5696e-08
638.64, -2.5766e-08
640.64, -2.584e-08
642.64, -2.5909e-08
644.64, -2.5979e-08
646.65, -2.6044e-08
648.65, -2.6104e-08
650.65, -2.6172e-08
652.65, -2.6246e-08
654.65, -2.6317e-08
656.66, -2.6381e-08
658.66, -2.6453e-08
660.66, -2.6525e-08
662.66, -2.6598e-08
664.66, -2.6667e-08
666.67, -2.6731e-08
668.67, -2.6797e-08
670.67, -2.6862e-08
672.67, -2.6926e-08
674.67, -2.6992e-08
676.68, -2.7062e-08
678.68, -2.7133e-08
680.68, -2.7201e-08
682.68, -2.7269e-08
684.68, -2.7342e-08
686.69, -2.7408e-08
688.69, -2.7483e-08
690.69, -2.7552e-08
692.69, -2.7627e-08
694.69, -2.7698e-08
696.7, -2.7771e-08
698.7, -2.7847e-08
700.7, -2.7914e-08
702.7, -2.7983e-08
704.7, -2.805e-08
706.71, -2.8112e-08
708.71, -2.8174e-08
710.71, -2.824e-08
712.71, -2.8303e-08
714.71, -2.8371e-08
716.72, -2.8439e-08
718.72, -2.8507e-08
720.72, -2.8574e-08
722.72, -2.8642e-08
724.72, -2.8709e-08
726.73, -2.8778e-08
728.73, -2.8847e-08
730.73, -2.8914e-08
732.73, -2.8981e-08
734.73, -2.9051e-08
736.74, -2.912e-08
738.74, -2.9189e-08
740.74, -2.9256e-08
742.74, -2.932e-08
744.74, -2.9388e-08
746.75, -2.9457e-08
748.75, -2.9521e-08
750.75, -2.958e-08
752.75, -2.9644e-08
754.75, -2.9708e-08
756.76, -2.978e-08
758.76, -2.9852e-08
760.76, -2.9924e-08
762.76, -2.9991e-08
764.76, -3.0057e-08
766.77, -3.0128e-08
768.77, -3.0201e-08
770.77, -3.0274e-08
772.77, -3.0345e-08
774.77, -3.0416e-08
776.78, -3.0497e-08
778.78, -3.0574e-08
780.78, -3.0645e-08
782.78, -3.0716e-08
784.78, -3.0789e-08
786.79, -3.086e-08
788.79, -3.0936e-08
790.79, -3.1005e-08
792.79, -3.1078e-08
794.79, -3.1151e-08
796.8, -3.1219e-08
798.8, -3.1287e-08
800.8, -3.1356e-08
802.8, -3.1429e-08
804.8, -3.1496e-08
806.81, -3.1565e-08
808.81, -3.1635e-08
810.81, -3.1711e-08
812.81, -3.1779e-08
814.81, -3.1852e-08
816.82, -3.1926e-08
818.82, -3.1999e-08
820.82, -3.2068e-08
822.82, -3.2141e-08
824.82, -3.2203e-08
826.83, -3.2266e-08
828.83, -3.2333e-08
830.83, -3.2399e-08
832.83, -3.2465e-08
834.83, -3.2532e-08
836.84, -3.2604e-08
838.84, -3.2677e-08
840.84, -3.2744e-08
842.84, -3.2814e-08
844.84, -3.2884e-08
846.85, -3.2952e-08
848.85, -3.3027e-08
850.85, -3.3102e-08
852.85, -3.3172e-08
854.85, -3.3245e-08
856.86, -3.3314e-08
858.86, -3.3386e-08
860.86, -3.3456e-08
862.86, -3.3522e-08
864.86, -3.3586e-08
866.87, -3.3651e-08
868.87, -3.3716e-08
870.87, -3.3789e-08
872.87, -3.3856e-08
874.87, -3.3925e-08
876.88, -3.399e-08
878.88, -3.406e-08
880.88, -3.4126e-08
882.88, -3.4193e-08
884.88, -3.4264e-08
886.89, -3.4328e-08
888.89, -3.4399e-08
890.89, -3.4465e-08
892.89, -3.4531e-08
894.89, -3.4597e-08
896.9, -3.4665e-08
898.9, -3.474e-08
900.9, -3.4812e-08
902.9, -3.4878e-08
904.9, -3.4942e-08
906.91, -3.5009e-08
908.91, -3.5077e-08
910.91, -3.514e-08
912.91, -3.5204e-08
914.91, -3.527e-08
916.92, -3.5337e-08
918.92, -3.5402e-08
920.92, -3.5471e-08
922.92, -3.5545e-08
924.92, -3.5607e-08
926.93, -3.5673e-08
928.93, -3.5739e-08
930.93, -3.5805e-08
932.93, -3.5868e-08
934.93, -3.5932e-08
936.94, -3.6e-08
938.94, -3.6068e-08
940.94, -3.6136e-08
942.94, -3.6203e-08
944.94, -3.6263e-08
946.95, -3.6328e-08
948.95, -3.6398e-08
950.95, -3.6462e-08
952.95, -3.6525e-08
954.95, -3.6588e-08
956.96, -3.6654e-08
958.96, -3.6722e-08
960.96, -3.6791e-08
962.96, -3.6863e-08
964.96, -3.6932e-08
966.97, -3.7004e-08
968.97, -3.7074e-08
970.97, -3.7139e-08
972.97, -3.7207e-08
974.97, -3.7275e-08
976.98, -3.7343e-08
978.98, -3.7413e-08
980.98, -3.7479e-08
982.98, -3.7547e-08
984.98, -3.7614e-08
986.99, -3.7679e-08
988.99, -3.7741e-08
990.99, -3.78e-08
992.99, -3.7861e-08
994.99, -3.7927e-08
997.0, -3.7991e-08
999.0, -3.8058e-08
1001.0, -3.812e-08
1003.0, -3.819e-08
1005.0, -3.8259e-08
1007.0, -3.8321e-08
1009.0, -3.8385e-08
1011.0, -3.8449e-08
1013.0, -3.8514e-08
1015.0, -3.8577e-08
1017.0, -3.8639e-08
1019.0, -3.8706e-08
1021.0, -3.8773e-08
1023.0, -3.8842e-08
1025.0, -3.8908e-08
1027.0, -3.8976e-08
1029.0, -3.9045e-08
1031.0, -3.9119e-08
1033.0, -3.9189e-08
1035.0, -3.9257e-08
1037.0, -3.9328e-08
1039.0, -3.9398e-08
1041.0, -3.9464e-08
1043.0, -3.9525e-08
1045.0, -3.9582e-08
1047.0, -3.9637e-08
1049.0, -3.9687e-08
1051.0, -3.9745e-08
1053.1, -3.9802e-08
1055.1, -3.9855e-08
1057.1, -3.9916e-08
1059.1, -3.9978e-08
1061.1, -4.0037e-08
1063.1, -4.0097e-08
1065.1, -4.0153e-08
1067.1, -4.0214e-08
1069.1, -4.0275e-08
1071.1, -4.0333e-08
1073.1, -4.039e-08
1075.1, -4.0452e-08
1077.1, -4.0508e-08
1079.1, -4.0566e-08
1081.1, -4.0624e-08
1083.1, -4.0677e-08
1085.1, -4.0729e-08
1087.1, -4.0785e-08
1089.1, -4.0841e-08
1091.1, -4.09e-08
1093.1, -4.0958e-08
1095.1, -4.1019e-08
1097.1, -4.1075e-08
1099.1, -4.1131e-08
1101.1, -4.119e-08
1103.1, -4.1253e-08
1105.1, -4.1309e-08
1107.1, -4.1369e-08
1109.1, -4.1431e-08
1111.1, -4.1494e-08
1113.1, -4.1559e-08
1115.1, -4.1626e-08
1117.1, -4.1688e-08
1119.1, -4.1743e-08
1121.1, -4.1794e-08
1123.1, -4.1851e-08
1125.1, -4.1905e-08
1127.1, -4.1964e-08
1129.1, -4.2017e-08
1131.1, -4.2075e-08
1133.1, -4.2134e-08
1135.1, -4.2192e-08
1137.1, -4.2253e-08
1139.1, -4.2313e-08
1141.1, -4.2371e-08
1143.1, -4.2428e-08
1145.1, -4.2484e-08
1147.1, -4.2541e-08
1149.1, -4.26e-08
1151.1, -4.2662e-08
1153.2, -4.2729e-08
1155.2, -4.2796e-08
1157.2, -4.286e-08
1159.2, -4.292e-08
1161.2, -4.2988e-08
1163.2, -4.3049e-08
1165.2, -4.3109e-08
1167.2, -4.317e-08
1169.2, -4.3233e-08
1171.2, -4.3295e-08
1173.2, -4.3364e-08
1175.2, -4.3432e-08
1177.2, -4.3498e-08
1179.2, -4.3566e-08
1181.2, -4.364e-08
1183.2, -4.3706e-08
1185.2, -4.3771e-08
1187.2, -4.384e-08
1189.2, -4.3906e-08
1191.2, -4.3967e-08
1193.2, -4.4029e-08
1195.2, -4.4093e-08
1197.2, -4.4156e-08
1199.2, -4.4223e-08
1201.2, -4.4292e-08
1203.2, -4.4355e-08
1205.2, -4.4422e-08
1207.2, -4.4491e-08
1209.2, -4.4558e-08
1211.2, -4.4624e-08
1213.2, -4.4685e-08
1215.2, -4.4747e-08
1217.2, -4.4809e-08
1219.2, -4.4875e-08
1221.2, -4.4936e-08
1223.2, -4.4996e-08
1225.2, -4.5058e-08
1227.2, -4.5117e-08
1229.2, -4.5171e-08
1231.2, -4.5231e-08
1233.2, -4.529e-08
1235.2, -4.5345e-08
1237.2, -4.5398e-08
1239.2, -4.5454e-08
1241.2, -4.5517e-08
1243.2, -4.5573e-08
1245.2, -4.5628e-08
1247.2, -4.5681e-08
1249.2, -4.5739e-08
1251.2, -4.5799e-08
1253.3, -4.5856e-08
1255.3, -4.5916e-08
1257.3, -4.5975e-08
1259.3, -4.6037e-08
1261.3, -4.6097e-08
1263.3, -4.6158e-08
1265.3, -4.622e-08
1267.3, -4.6288e-08
1269.3, -4.6356e-08
1271.3, -4.6422e-08
1273.3, -4.6489e-08
1275.3, -4.6553e-08
1277.3, -4.662e-08
1279.3, -4.6682e-08
1281.3, -4.6742e-08
1283.3, -4.6801e-08
1285.3, -4.6858e-08
1287.3, -4.6908e-08
1289.3, -4.6959e-08
1291.3, -4.7014e-08
1293.3, -4.707e-08
1295.3, -4.7126e-08
1297.3, -4.7183e-08
1299.3, -4.7242e-08
1301.3, -4.7301e-08
1303.3, -4.7362e-08
1305.3, -4.7422e-08
1307.3, -4.7485e-08
1309.3, -4.7547e-08
1311.3, -4.7611e-08
1313.3, -4.767e-08
1315.3, -4.7732e-08
1317.3, -4.7791e-08
1319.3, -4.7851e-08
1321.3, -4.7913e-08
1323.3, -4.7973e-08
1325.3, -4.803e-08
1327.3, -4.8087e-08
1329.3, -4.815e-08
1331.3, -4.8213e-08
1333.3, -4.8274e-08
1335.3, -4.8333e-08
1337.3, -4.8395e-08
1339.3, -4.8456e-08
1341.3, -4.8514e-08
1343.3, -4.8576e-08
1345.3, -4.8636e-08
1347.3, -4.8701e-08
1349.3, -4.8769e-08
1351.3, -4.8827e-08
1353.4, -4.8879e-08
1355.4, -4.8934e-08
1357.4, -4.899e-08
1359.4, -4.9048e-08
1361.4, -4.9109e-08
1363.4, -4.9167e-08
1365.4, -4.9224e-08
1367.4, -4.9285e-08
1369.4, -4.9348e-08
1371.4, -4.9406e-08
1373.4, -4.9465e-08
1375.4, -4.9525e-08
1377.4, -4.9591e-08
1379.4, -4.9655e-08
1381.4, -4.9721e-08
1383.4, -4.9782e-08
1385.4, -4.9846e-08
1387.4, -4.9908e-08
1389.4, -4.9966e-08
1391.4, -5.0025e-08
1393.4, -5.0085e-08
1395.4, -5.0141e-08
1397.4, -5.0196e-08
1399.4, -5.0256e-08
1401.4, -5.0313e-08
1403.4, -5.0367e-08
1405.4, -5.0421e-08
1407.4, -5.0471e-08
1409.4, -5.0529e-08
1411.4, -5.058e-08
1413.4, -5.0631e-08
1415.4, -5.0683e-08
1417.4, -5.0736e-08
1419.4, -5.0799e-08
1421.4, -5.0856e-08
1423.4, -5.0911e-08
1425.4, -5.0965e-08
1427.4, -5.1021e-08
1429.4, -5.1081e-08
1431.4, -5.1136e-08
1433.4, -5.1186e-08
1435.4, -5.124e-08
1437.4, -5.1299e-08
1439.4, -5.1359e-08
1441.4, -5.1419e-08
1443.4, -5.1476e-08
1445.4, -5.1536e-08
1447.4, -5.1595e-08
1449.4, -5.1654e-08
1451.4, -5.171e-08
1453.5, -5.1768e-08
1455.5, -5.1828e-08
1457.5, -5.1888e-08
1459.5, -5.1944e-08
1461.5, -5.1997e-08
1463.5, -5.2056e-08
1465.5, -5.2117e-08
1467.5, -5.2185e-08
1469.5, -5.2248e-08
1471.5, -5.2307e-08
1473.5, -5.2358e-08
1475.5, -5.2412e-08
1477.5, -5.2467e-08
1479.5, -5.2526e-08
1481.5, -5.2583e-08
1483.5, -5.2636e-08
1485.5, -5.2701e-08
1487.5, -5.2762e-08
1489.5, -5.2822e-08
1491.5, -5.2882e-08
1493.5, -5.294e-08
1495.5, -5.2997e-08
1497.5, -5.3054e-08
1499.5, -5.3112e-08
1501.5, -5.317e-08
1503.5, -5.3228e-08
1505.5, -5.3284e-08
1507.5, -5.3342e-08
1509.5, -5.3401e-08
1511.5, -5.3461e-08
1513.5, -5.3519e-08
1515.5, -5.358e-08
1517.5, -5.3642e-08
1519.5, -5.3701e-08
1521.5, -5.3762e-08
1523.5, -5.3821e-08
1525.5, -5.388e-08
1527.5, -5.3944e-08
1529.5, -5.4006e-08
1531.5, -5.4062e-08
1533.5, -5.4125e-08
1535.5, -5.4182e-08
1537.5, -5.4243e-08
1539.5, -5.4307e-08
1541.5, -5.4366e-08
1543.5, -5.4423e-08
1545.5, -5.4482e-08
1547.5, -5.4543e-08
1549.5, -5.4598e-08
1551.5, -5.4655e-08
1553.6, -5.4713e-08
1555.6, -5.4769e-08
1557.6, -5.4826e-08
1559.6, -5.4886e-08
1561.6, -5.4945e-08
1563.6, -5.5004e-08
1565.6, -5.5062e-08
1567.6, -5.5116e-08
1569.6, -5.518e-08
1571.6, -5.5239e-08
1573.6, -5.5296e-08
1575.6, -5.535e-08
1577.6, -5.5413e-08
1579.6, -5.5478e-08
1581.6, -5.5544e-08
1583.6, -5.5615e-08
1585.6, -5.5681e-08
1587.6, -5.5749e-08
1589.6, -5.5813e-08
1591.6, -5.5875e-08
1593.6, -5.5935e-08
1595.6, -5.5997e-08
1597.6, -5.6052e-08
1599.6, -5.6114e-08
1601.6, -5.6173e-08
1603.6, -5.6233e-08
1605.6, -5.6291e-08
1607.6, -5.6346e-08
1609.6, -5.6406e-08
1611.6, -5.6463e-08
1613.6, -5.6518e-08
1615.6, -5.6579e-08
1617.6, -5.6634e-08
1619.6, -5.6691e-08
1621.6, -5.6746e-08
1623.6, -5.6794e-08
1625.6, -5.6845e-08
1627.6, -5.6894e-08
1629.6, -5.6944e-08
1631.6, -5.7002e-08
1633.6, -5.7057e-08
1635.6, -5.7109e-08
1637.6, -5.7163e-08
1639.6, -5.7219e-08
1641.6, -5.7273e-08
1643.6, -5.7328e-08
1645.6, -5.7386e-08
1647.6, -5.7442e-08
1649.6, -5.7493e-08
1651.6, -5.7545e-08
1653.7, -5.7601e-08
1655.7, -5.7658e-08
1657.7, -5.7711e-08
1659.7, -5.7768e-08
1661.7, -5.7823e-08
1663.7, -5.7884e-08
1665.7, -5.7945e-08
1667.7, -5.8004e-08
1669.7, -5.8061e-08
1671.7, -5.8117e-08
1673.7, -5.8176e-08
1675.7, -5.8236e-08
1677.7, -5.8293e-08
1679.7, -5.8348e-08
1681.7, -5.8406e-08
1683.7, -5.8471e-08
1685.7, -5.8541e-08
1687.7, -5.8603e-08
1689.7, -5.8668e-08
1691.7, -5.873e-08
1693.7, -5.8788e-08
1695.7, -5.885e-08
1697.7, -5.8912e-08
1699.7, -5.8974e-08
1701.7, -5.9032e-08
1703.7, -5.9094e-08
1705.7, -5.915e-08
1707.7, -5.9217e-08
1709.7, -5.9276e-08
1711.7, -5.9343e-08
1713.7, -5.9405e-08
1715.7, -5.9467e-08
1717.7, -5.9528e-08
1719.7, -5.9592e-08
1721.7, -5.9657e-08
1723.7, -5.9714e-08
1725.7, -5.9772e-08
1727.7, -5.983e-08
1729.7, -5.9887e-08
1731.7, -5.9942e-08
1733.7, -5.9996e-08
1735.7, -6.0055e-08
1737.7, -6.0119e-08
1739.7, -6.0183e-08
1741.7, -6.0248e-08
1743.7, -6.031e-08
1745.7, -6.0368e-08
1747.7, -6.0428e-08
1749.7, -6.0484e-08
1751.7, -6.054e-08
1753.8, -6.0595e-08
1755.8, -6.0647e-08
1757.8, -6.0707e-08
1759.8, -6.0772e-08
1761.8, -6.0837e-08
1763.8, -6.0902e-08
1765.8, -6.0963e-08
1767.8, -6.1023e-08
1769.8, -6.1078e-08
1771.8, -6.1135e-08
1773.8, -6.1189e-08
1775.8, -6.1249e-08
1777.8, -6.1307e-08
1779.8, -6.136e-08
1781.8, -6.1414e-08
1783.8, -6.1461e-08
1785.8, -6.1509e-08
1787.8, -6.1563e-08
1789.8, -6.1613e-08
1791.8, -6.1672e-08
1793.8, -6.1728e-08
1795.8, -6.1782e-08
1797.8, -6.1835e-08
1799.8, -6.1893e-08
1801.8, -6.1947e-08
1803.8, -6.2003e-08
1805.8, -6.2055e-08
1807.8, -6.2116e-08
1809.8, -6.2173e-08
1811.8, -6.2227e-08
1813.8, -6.229e-08
1815.8, -6.2355e-08
1817.8, -6.2414e-08
1819.8, -6.2471e-08
1821.8, -6.2525e-08
1823.8, -6.2582e-08
1825.8, -6.2636e-08
1827.8, -6.2697e-08
1829.8, -6.2756e-08
1831.8, -6.2814e-08
1833.8, -6.2867e-08
1835.8, -6.2924e-08
1837.8, -6.2981e-08
1839.8, -6.3037e-08
1841.8, -6.3097e-08
1843.8, -6.3155e-08
1845.8, -6.3209e-08
1847.8, -6.3267e-08
1849.8, -6.3324e-08
1851.8, -6.3382e-08
1853.9, -6.3439e-08
1855.9, -6.3497e-08
1857.9, -6.3556e-08
1859.9, -6.3621e-08
1861.9, -6.3684e-08
1863.9, -6.3742e-08
1865.9, -6.3804e-08
1867.9, -6.3862e-08
1869.9, -6.3921e-08
1871.9, -6.3976e-08
1873.9, -6.4037e-08
1875.9, -6.4093e-08
1877.9, -6.4153e-08
1879.9, -6.4219e-08
1881.9, -6.4275e-08
1883.9, -6.4334e-08
1885.9, -6.4393e-08
1887.9, -6.4449e-08
1889.9, -6.4513e-08
1891.9, -6.4575e-08
1893.9, -6.4631e-08
1895.9, -6.4692e-08
1897.9, -6.4748e-08
1899.9, -6.4806e-08
1901.9, -6.4869e-08
1903.9, -6.4923e-08
1905.9, -6.4983e-08
1907.9, -6.505e-08
1909.9, -6.5116e-08
1911.9, -6.5175e-08
1913.9, -6.5235e-08
1915.9, -6.5296e-08
1917.9, -6.5359e-08
1919.9, -6.5422e-08
1921.9, -6.5485e-08
1923.9, -6.5538e-08
1925.9, -6.5593e-08
1927.9, -6.5651e-08
1929.9, -6.5713e-08
1931.9, -6.5772e-08
1933.9, -6.5829e-08
1935.9, -6.5888e-08
1937.9, -6.5945e-08
1939.9, -6.6002e-08
1941.9, -6.6057e-08
1943.9, -6.6107e-08
1945.9, -6.6159e-08
1947.9, -6.6215e-08
1949.9, -6.6269e-08
1951.9, -6.6319e-08
1954.0, -6.637e-08
1956.0, -6.6422e-08
1958.0, -6.6474e-08
1960.0, -6.6528e-08
1962.0, -6.6584e-08
1964.0, -6.6635e-08
1966.0, -6.6694e-08
1968.0, -6.6756e-08
1970.0, -6.6817e-08
1972.0, -6.6875e-08
1974.0, -6.6928e-08
1976.0, -6.6987e-08
1978.0, -6.7043e-08
1980.0, -6.7102e-08
1982.0, -6.7162e-08
1984.0, -6.7215e-08
1986.0, -6.7267e-08
1988.0, -6.7322e-08
1990.0, -6.7377e-08
1992.0, -6.7432e-08
1994.0, -6.7485e-08
1996.0, -6.7542e-08
1998.0, -6.7598e-08
2000.0, -6.7652e-08
2002.0, -6.7709e-08
2004.0, -6.7762e-08
2006.0, -6.7818e-08
2008.0, -6.7873e-08
2010.0, -6.7928e-08
2012.0, -6.7989e-08
2014.0, -6.8046e-08
2016.0, -6.8107e-08
2018.0, -6.8166e-08
2020.0, -6.8222e-08
2022.0, -6.8275e-08
2024.0, -6.833e-08
2026.0, -6.8385e-08
2028.0, -6.8438e-08
2030.0, -6.8491e-08
2032.0, -6.8542e-08
2034.0, -6.8601e-08
2036.0, -6.8662e-08
2038.0, -6.8726e-08
2040.0, -6.8786e-08
2042.0, -6.8846e-08
2044.0, -6.8903e-08
2046.0, -6.8963e-08
2048.0, -6.9033e-08
2050.0, -6.9102e-08
2052.0, -6.9164e-08
2054.1, -6.9234e-08
2056.1, -6.9307e-08
2058.1, -6.9378e-08
2060.1, -6.9446e-08
2062.1, -6.9514e-08
2064.1, -6.9582e-08
2066.1, -6.9649e-08
2068.1, -6.9723e-08
2070.1, -6.979e-08
2072.1, -6.9864e-08
2074.1, -6.9935e-08
2076.1, -7.0002e-08
2078.1, -7.0072e-08
2080.1, -7.0144e-08
2082.1, -7.0212e-08
2084.1, -7.0277e-08
2086.1, -7.0343e-08
2088.1, -7.0416e-08
2090.1, -7.0489e-08
2092.1, -7.0564e-08
2094.1, -7.063e-08
2096.1, -7.0698e-08
2098.1, -7.0764e-08
2100.1, -7.0828e-08
2102.1, -7.0894e-08
2104.1, -7.0961e-08
2106.1, -7.1029e-08
2108.1, -7.1096e-08
2110.1, -7.1166e-08
2112.1, -7.1236e-08
2114.1, -7.1301e-08
2116.1, -7.137e-08
2118.1, -7.1438e-08
2120.1, -7.1503e-08
2122.1, -7.1575e-08
2124.1, -7.1642e-08
2126.1, -7.1709e-08
2128.1, -7.1777e-08
2130.1, -7.1844e-08
2132.1, -7.1915e-08
2134.1, -7.1984e-08
2136.1, -7.2047e-08
2138.1, -7.2115e-08
2140.1, -7.2186e-08
2142.1, -7.2253e-08
2144.1, -7.2319e-08
2146.1, -7.2385e-08
2148.1, -7.2458e-08
2150.1, -7.2536e-08
2152.1, -7.2612e-08
2154.2, -7.2688e-08
2156.2, -7.2755e-08
2158.2, -7.2823e-08
2160.2, -7.2891e-08
2162.2, -7.2959e-08
2164.2, -7.3023e-08
2166.2, -7.3086e-08
2168.2, -7.3147e-08
2170.2, -7.3215e-08
2172.2, -7.3281e-08
2174.2, -7.3342e-08
2176.2, -7.3403e-08
2178.2, -7.3464e-08
2180.2, -7.3525e-08
2182.2, -7.3581e-08
2184.2, -7.3643e-08
2186.2, -7.3706e-08
2188.2, -7.3772e-08
2190.2, -7.3832e-08
2192.2, -7.3894e-08
2194.2, -7.3954e-08
2196.2, -7.4014e-08
2198.2, -7.4077e-08
2200.2, -7.4145e-08
2202.2, -7.4211e-08
2204.2, -7.4276e-08
2206.2, -7.4342e-08
2208.2, -7.4411e-08
2210.2, -7.4475e-08
2212.2, -7.4539e-08
2214.2, -7.4603e-08
2216.2, -7.4669e-08
2218.2, -7.4738e-08
2220.2, -7.4806e-08
2222.2, -7.4869e-08
2224.2, -7.4929e-08
2226.2, -7.4997e-08
2228.2, -7.5067e-08
2230.2, -7.5138e-08
2232.2, -7.5209e-08
2234.2, -7.5279e-08
2236.2, -7.5345e-08
2238.2, -7.5409e-08
2240.2, -7.5475e-08
2242.2, -7.5543e-08
2244.2, -7.561e-08
2246.2, -7.5679e-08
2248.2, -7.5748e-08
2250.2, -7.5816e-08
2252.2, -7.5884e-08
2254.3, -7.5948e-08
2256.3, -7.6015e-08
2258.3, -7.6082e-08
2260.3, -7.6149e-08
2262.3, -7.6223e-08
2264.3, -7.629e-08
2266.3, -7.6358e-08
2268.3, -7.6427e-08
2270.3, -7.6495e-08
2272.3, -7.6569e-08
2274.3, -7.665e-08
2276.3, -7.6724e-08
2278.3, -7.6793e-08
2280.3, -7.6861e-08
2282.3, -7.693e-08
2284.3, -7.7004e-08
2286.3, -7.7071e-08
2288.3, -7.7138e-08
2290.3, -7.7198e-08
2292.3, -7.7258e-08
2294.3, -7.732e-08
2296.3, -7.7386e-08
2298.3, -7.7454e-08
2300.3, -7.7518e-08
2302.3, -7.7584e-08
2304.3, -7.7645e-08
2306.3, -7.7707e-08
2308.3, -7.777e-08
2310.3, -7.7834e-08
2312.3, -7.7897e-08
2314.3, -7.7967e-08
2316.3, -7.8032e-08
2318.3, -7.8098e-08
2320.3, -7.8159e-08
2322.3, -7.823e-08
2324.3, -7.8302e-08
2326.3, -7.8374e-08
2328.3, -7.8445e-08
2330.3, -7.8517e-08
2332.3, -7.859e-08
2334.3, -7.8662e-08
2336.3, -7.8727e-08
2338.3, -7.8793e-08
2340.3, -7.8857e-08
2342.3, -7.8919e-08
2344.3, -7.898e-08
2346.3, -7.9046e-08
2348.3, -7.9113e-08
2350.3, -7.9172e-08
2352.3, -7.9225e-08
2354.4, -7.928e-08
2356.4, -7.9341e-08
2358.4, -7.9404e-08
2360.4, -7.9469e-08
2362.4, -7.953e-08
2364.4, -7.9585e-08
2366.4, -7.9648e-08
2368.4, -7.9712e-08
2370.4, -7.9774e-08
2372.4, -7.9839e-08
2374.4, -7.9903e-08
2376.4, -7.9965e-08
2378.4, -8.0024e-08
2380.4, -8.0086e-08
2382.4, -8.0143e-08
2384.4, -8.0197e-08
2386.4, -8.0254e-08
2388.4, -8.0312e-08
2390.4, -8.0374e-08
2392.4, -8.0438e-08
2394.4, -8.05e-08
2396.4, -8.0559e-08
2398.4, -8.0614e-08
2400.4, -8.0668e-08
2402.4, -8.0721e-08
2404.4, -8.0775e-08
2406.4, -8.0829e-08
2408.4, -8.0884e-08
2410.4, -8.094e-08
2412.4, -8.0994e-08
2414.4, -8.1046e-08
2416.4, -8.1103e-08
2418.4, -8.1164e-08
2420.4, -8.1219e-08
2422.4, -8.1273e-08
2424.4, -8.1321e-08
2426.4, -8.1378e-08
2428.4, -8.143e-08
2430.4, -8.1485e-08
2432.4, -8.1534e-08
2434.4, -8.159e-08
2436.4, -8.1645e-08
2438.4, -8.1707e-08
2440.4, -8.1765e-08
2442.4, -8.1819e-08
2444.4, -8.1874e-08
2446.4, -8.193e-08
2448.4, -8.1991e-08
2450.4, -8.2053e-08
2452.4, -8.2116e-08
2454.5, -8.2178e-08
2456.5, -8.2242e-08
2458.5, -8.2311e-08
2460.5, -8.2381e-08
2462.5, -8.2448e-08
2464.5, -8.2517e-08
2466.5, -8.2584e-08
2468.5, -8.2652e-08
2470.5, -8.2717e-08
2472.5, -8.2783e-08
2474.5, -8.2849e-08
2476.5, -8.2917e-08
2478.5, -8.2988e-08
2480.5, -8.306e-08
2482.5, -8.3129e-08
2484.5, -8.3198e-08
2486.5, -8.3274e-08
2488.5, -8.3344e-08
2490.5, -8.3412e-08
2492.5, -8.3475e-08
2494.5, -8.3542e-08
2496.5, -8.3605e-08
2498.5, -8.367e-08
2500.5, -8.3739e-08
2502.5, -8.3804e-08
2504.5, -8.387e-08
2506.5, -8.3939e-08
2508.5, -8.4008e-08
2510.5, -8.4075e-08
2512.5, -8.4147e-08
2514.5, -8.4219e-08
2516.5, -8.4288e-08
2518.5, -8.4361e-08
2520.5, -8.4431e-08
2522.5, -8.4501e-08
2524.5, -8.4567e-08
2526.5, -8.4623e-08
2528.5, -8.469e-08
2530.5, -8.4753e-08
2532.5, -8.482e-08
2534.5, -8.4882e-08
2536.5, -8.4954e-08
2538.5, -8.5019e-08
2540.5, -8.5086e-08
2542.5, -8.5154e-08
2544.5, -8.522e-08
2546.5, -8.529e-08
2548.5, -8.5357e-08
2550.5, -8.5424e-08
2552.5, -8.5492e-08
2554.6, -8.5559e-08
2556.6, -8.5625e-08
2558.6, -8.5694e-08
2560.6, -8.5759e-08
2562.6, -8.5829e-08
2564.6, -8.5895e-08
2566.6, -8.5962e-08
2568.6, -8.6029e-08
2570.6, -8.6094e-08
2572.6, -8.6162e-08
2574.6, -8.6226e-08
2576.6, -8.6291e-08
2578.6, -8.6359e-08
2580.6, -8.6427e-08
2582.6, -8.6491e-08
2584.6, -8.6555e-08
2586.6, -8.6619e-08
2588.6, -8.6684e-08
2590.6, -8.6746e-08
2592.6, -8.6806e-08
2594.6, -8.6872e-08
2596.6, -8.6939e-08
2598.6, -8.7002e-08
2600.6, -8.7059e-08
2602.6, -8.7124e-08
2604.6, -8.7181e-08
2606.6, -8.7235e-08
2608.6, -8.7296e-08
2610.6, -8.7356e-08
2612.6, -8.7418e-08
2614.6, -8.7474e-08
2616.6, -8.7531e-08
2618.6, -8.7592e-08
2620.6, -8.7651e-08
2622.6, -8.7709e-08
2624.6, -8.7768e-08
2626.6, -8.7832e-08
2628.6, -8.7892e-08
2630.6, -8.7955e-08
2632.6, -8.802e-08
2634.6, -8.8091e-08
2636.6, -8.8157e-08
2638.6, -8.822e-08
2640.6, -8.8279e-08
2642.6, -8.8336e-08
2644.6, -8.8392e-08
2646.6, -8.8449e-08
2648.6, -8.8506e-08
2650.6, -8.857e-08
2652.6, -8.863e-08
2654.7, -8.8689e-08
2656.7, -8.8748e-08
2658.7, -8.8808e-08
2660.7, -8.8872e-08
2662.7, -8.8939e-08
2664.7, -8.8997e-08
2666.7, -8.9054e-08
2668.7, -8.9113e-08
2670.7, -8.9173e-08
2672.7, -8.9229e-08
2674.7, -8.9293e-08
2676.7, -8.9357e-08
2678.7, -8.9424e-08
2680.7, -8.9493e-08
2682.7, -8.956e-08
2684.7, -8.962e-08
2686.7, -8.9681e-08
2688.7, -8.9744e-08
2690.7, -8.9805e-08
2692.7, -8.9864e-08
2694.7, -8.9919e-08
2696.7, -8.9976e-08
2698.7, -9.0032e-08
2700.7, -9.0088e-08
2702.7, -9.0145e-08
2704.7, -9.02e-08
2706.7, -9.0256e-08
2708.7, -9.0311e-08
2710.7, -9.0369e-08
2712.7, -9.0423e-08
2714.7, -9.048e-08
2716.7, -9.0535e-08
2718.7, -9.0591e-08
2720.7, -9.0652e-08
2722.7, -9.071e-08
2724.7, -9.0769e-08
2726.7, -9.0831e-08
2728.7, -9.0887e-08
2730.7, -9.0942e-08
2732.7, -9.0995e-08
2734.7, -9.1055e-08
2736.7, -9.1112e-08
2738.7, -9.1171e-08
2740.7, -9.1234e-08
2742.7, -9.1292e-08
2744.7, -9.1355e-08
2746.7, -9.1417e-08
2748.7, -9.148e-08
2750.7, -9.1544e-08
2752.7, -9.1606e-08
2754.8, -9.1671e-08
2756.8, -9.1734e-08
2758.8, -9.1798e-08
2760.8, -9.186e-08
2762.8, -9.1928e-08
2764.8, -9.1994e-08
2766.8, -9.2062e-08
2768.8, -9.2129e-08
2770.8, -9.2197e-08
2772.8, -9.2266e-08
2774.8, -9.2328e-08
2776.8, -9.2391e-08
2778.8, -9.2453e-08
2780.8, -9.2518e-08
2782.8, -9.2574e-08
2784.8, -9.2631e-08
2786.8, -9.269e-08
2788.8, -9.2748e-08
2790.8, -9.2808e-08
2792.8, -9.2867e-08
2794.8, -9.2925e-08
2796.8, -9.2985e-08
2798.8, -9.3046e-08
2800.8, -9.3109e-08
2802.8, -9.3174e-08
2804.8, -9.3238e-08
2806.8, -9.3301e-08
2808.8, -9.3365e-08
2810.8, -9.3425e-08
2812.8, -9.3481e-08
2814.8, -9.354e-08
2816.8, -9.36e-08
2818.8, -9.3658e-08
2820.8, -9.3711e-08
2822.8, -9.3773e-08
2824.8, -9.3833e-08
2826.8, -9.3889e-08
2828.8, -9.3946e-08
2830.8, -9.4004e-08
2832.8, -9.4057e-08
2834.8, -9.4108e-08
2836.8, -9.4167e-08
2838.8, -9.4224e-08
2840.8, -9.4288e-08
2842.8, -9.4347e-08
2844.8, -9.4399e-08
2846.8, -9.4455e-08
2848.8, -9.4512e-08
2850.8, -9.457e-08
2852.8, -9.4633e-08
2854.9, -9.4693e-08
2856.9, -9.4756e-08
2858.9, -9.4818e-08
2860.9, -9.488e-08
2862.9, -9.4948e-08
2864.9, -9.5006e-08
2866.9, -9.5071e-08
2868.9, -9.5138e-08
2870.9, -9.5202e-08
2872.9, -9.5269e-08
2874.9, -9.5333e-08
2876.9, -9.5393e-08
2878.9, -9.5455e-08
2880.9, -9.552e-08
2882.9, -9.5589e-08
2884.9, -9.5654e-08
2886.9, -9.5721e-08
2888.9, -9.5788e-08
2890.9, -9.585e-08
2892.9, -9.5904e-08
2894.9, -9.5967e-08
2896.9, -9.6026e-08
2898.9, -9.6089e-08
2900.9, -9.6151e-08
2902.9, -9.6216e-08
2904.9, -9.6276e-08
2906.9, -9.6335e-08
2908.9, -9.6399e-08
2910.9, -9.6461e-08
2912.9, -9.6525e-08
2914.9, -9.659e-08
2916.9, -9.6656e-08
2918.9, -9.6726e-08
2920.9, -9.6795e-08
2922.9, -9.6866e-08
2924.9, -9.6934e-08
2926.9, -9.7e-08
2928.9, -9.707e-08
2930.9, -9.7139e-08
2932.9, -9.7205e-08
2934.9, -9.7273e-08
2936.9, -9.7337e-08
2938.9, -9.7404e-08
2940.9, -9.7479e-08
2942.9, -9.7553e-08
2944.9, -9.7619e-08
2946.9, -9.7693e-08
2948.9, -9.7767e-08
2950.9, -9.7843e-08
2952.9, -9.7917e-08
2955.0, -9.7981e-08
2957.0, -9.8046e-08
2959.0, -9.8115e-08
2961.0, -9.819e-08
2963.0, -9.827e-08
2965.0, -9.8343e-08
2967.0, -9.8413e-08
2969.0, -9.8479e-08
2971.0, -9.8552e-08
2973.0, -9.8625e-08
2975.0, -9.8702e-08
2977.0, -9.8774e-08
2979.0, -9.8847e-08
2981.0, -9.8918e-08
2983.0, -9.8987e-08
2985.0, -9.9052e-08
2987.0, -9.9119e-08
2989.0, -9.9189e-08
2991.0, -9.9256e-08
2993.0, -9.9324e-08
2995.0, -9.9384e-08
2997.0, -9.9453e-08
2999.0, -9.9523e-08
3001.0, -9.9596e-08
3003.0, -9.9672e-08
3005.0, -9.9742e-08
3007.0, -9.9815e-08
3009.0, -9.9886e-08
3011.0, -9.9957e-08
3013.0, -1.0003e-07
3015.0, -1.0009e-07
3017.0, -1.0016e-07
3019.0, -1.0023e-07
3021.0, -1.003e-07
3023.0, -1.0037e-07
3025.0, -1.0045e-07
3027.0, -1.0052e-07
3029.0, -1.0059e-07
3031.0, -1.0066e-07
3033.0, -1.0073e-07
3035.0, -1.008e-07
3037.0, -1.0087e-07
3039.0, -1.0094e-07
3041.0, -1.01e-07
3043.0, -1.0107e-07
3045.0, -1.0114e-07
3047.0, -1.0122e-07
3049.0, -1.0129e-07
3051.0, -1.0136e-07
3053.0, -1.0142e-07
3055.1, -1.0149e-07
3057.1, -1.0156e-07
3059.1, -1.0164e-07
3061.1, -1.017e-07
3063.1, -1.0177e-07
3065.1, -1.0183e-07
3067.1, -1.019e-07
3069.1, -1.0196e-07
3071.1, -1.0203e-07
3073.1, -1.021e-07
3075.1, -1.0216e-07
3077.1, -1.0222e-07
3079.1, -1.0229e-07
3081.1, -1.0235e-07
3083.1, -1.0241e-07
3085.1, -1.0247e-07
3087.1, -1.0254e-07
3089.1, -1.0261e-07
3091.1, -1.0268e-07
3093.1, -1.0275e-07
3095.1, -1.0281e-07
3097.1, -1.0288e-07
3099.1, -1.0295e-07
3101.1, -1.0302e-07
3103.1, -1.0309e-07
3105.1, -1.0316e-07
3107.1, -1.0324e-07
3109.1, -1.0331e-07
3111.1, -1.0339e-07
3113.1, -1.0345e-07
3115.1, -1.0352e-07
3117.1, -1.0359e-07
3119.1, -1.0366e-07
3121.1, -1.0373e-07
3123.1, -1.038e-07
3125.1, -1.0386e-07
3127.1, -1.0393e-07
3129.1, -1.0399e-07
3131.1, -1.0406e-07
3133.1, -1.0412e-07
3135.1, -1.0418e-07
3137.1, -1.0425e-07
3139.1, -1.0432e-07
3141.1, -1.0438e-07
3143.1, -1.0445e-07
3145.1, -1.0451e-07
3147.1, -1.0457e-07
3149.1, -1.0464e-07
3151.1, -1.0469e-07
3153.1, -1.0476e-07
3155.2, -1.0482e-07
3157.2, -1.0488e-07
3159.2, -1.0495e-07
3161.2, -1.0501e-07
3163.2, -1.0508e-07
3165.2, -1.0515e-07
3167.2, -1.0521e-07
3169.2, -1.0527e-07
3171.2, -1.0534e-07
3173.2, -1.054e-07
3175.2, -1.0545e-07
3177.2, -1.0551e-07
3179.2, -1.0556e-07
3181.2, -1.0562e-07
3183.2, -1.0568e-07
3185.2, -1.0573e-07
3187.2, -1.0579e-07
3189.2, -1.0584e-07
3191.2, -1.059e-07
3193.2, -1.0595e-07
3195.2, -1.0601e-07
3197.2, -1.0607e-07
3199.2, -1.0614e-07
3201.2, -1.062e-07
3203.2, -1.0627e-07
3205.2, -1.0634e-07
3207.2, -1.064e-07
3209.2, -1.0647e-07
3211.2, -1.0653e-07
3213.2, -1.066e-07
3215.2, -1.0667e-07
3217.2, -1.0673e-07
3219.2, -1.068e-07
3221.2, -1.0687e-07
3223.2, -1.0694e-07
3225.2, -1.07e-07
3227.2, -1.0707e-07
3229.2, -1.0714e-07
3231.2, -1.0721e-07
3233.2, -1.0728e-07
3235.2, -1.0735e-07
3237.2, -1.0742e-07
3239.2, -1.075e-07
3241.2, -1.0757e-07
3243.2, -1.0763e-07
3245.2, -1.077e-07
3247.2, -1.0776e-07
3249.2, -1.0783e-07
3251.2, -1.079e-07
3253.2, -1.0796e-07
3255.3, -1.0802e-07
3257.3, -1.0808e-07
3259.3, -1.0815e-07
3261.3, -1.0822e-07
3263.3, -1.0828e-07
3265.3, -1.0834e-07
3267.3, -1.0841e-07
3269.3, -1.0847e-07
3271.3, -1.0853e-07
3273.3, -1.086e-07
3275.3, -1.0867e-07
3277.3, -1.0874e-07
3279.3, -1.088e-07
3281.3, -1.0887e-07
3283.3, -1.0894e-07
3285.3, -1.09e-07
3287.3, -1.0906e-07
3289.3, -1.0913e-07
3291.3, -1.0919e-07
3293.3, -1.0925e-07
3295.3, -1.0931e-07
3297.3, -1.0938e-07
3299.3, -1.0944e-07
3301.3, -1.095e-07
3303.3, -1.0956e-07
3305.3, -1.0963e-07
3307.3, -1.0969e-07
3309.3, -1.0976e-07
3311.3, -1.0982e-07
3313.3, -1.0988e-07
3315.3, -1.0994e-07
3317.3, -1.0999e-07
3319.3, -1.1006e-07
3321.3, -1.1012e-07
3323.3, -1.1018e-07
3325.3, -1.1024e-07
3327.3, -1.103e-07
3329.3, -1.1036e-07
3331.3, -1.1042e-07
3333.3, -1.1048e-07
3335.3, -1.1054e-07
3337.3, -1.1059e-07
3339.3, -1.1065e-07
3341.3, -1.1071e-07
3343.3, -1.1077e-07
3345.3, -1.1084e-07
3347.3, -1.109e-07
3349.3, -1.1097e-07
3351.3, -1.1104e-07
3353.3, -1.111e-07
3355.4, -1.1117e-07
3357.4, -1.1124e-07
3359.4, -1.113e-07
3361.4, -1.1136e-07
3363.4, -1.1142e-07
3365.4, -1.1149e-07
3367.4, -1.1155e-07
3369.4, -1.1161e-07
3371.4, -1.1167e-07
3373.4, -1.1174e-07
3375.4, -1.1181e-07
3377.4, -1.1188e-07
3379.4, -1.1195e-07
3381.4, -1.1202e-07
3383.4, -1.1209e-07
3385.4, -1.1216e-07
3387.4, -1.1223e-07
3389.4, -1.1231e-07
3391.4, -1.1238e-07
3393.4, -1.1245e-07
3395.4, -1.1252e-07
3397.4, -1.1259e-07
3399.4, -1.1265e-07
3401.4, -1.1272e-07
3403.4, -1.1279e-07
3405.4, -1.1285e-07
3407.4, -1.1292e-07
3409.4, -1.1299e-07
3411.4, -1.1306e-07
3413.4, -1.1313e-07
3415.4, -1.1319e-07
3417.4, -1.1325e-07
3419.4, -1.1332e-07
3421.4, -1.1339e-07
3423.4, -1.1346e-07
3425.4, -1.1352e-07
3427.4, -1.1359e-07
3429.4, -1.1366e-07
3431.4, -1.1373e-07
3433.4, -1.138e-07
3435.4, -1.1387e-07
3437.4, -1.1393e-07
3439.4, -1.14e-07
3441.4, -1.1407e-07
3443.4, -1.1414e-07
3445.4, -1.1421e-07
3447.4, -1.1428e-07
3449.4, -1.1435e-07
3451.4, -1.1442e-07
3453.4, -1.1449e-07
3455.5, -1.1456e-07
3457.5, -1.1463e-07
3459.5, -1.147e-07
3461.5, -1.1478e-07
3463.5, -1.1485e-07
3465.5, -1.1493e-07
3467.5, -1.1499e-07
3469.5, -1.1506e-07
3471.5, -1.1512e-07
3473.5, -1.1518e-07
3475.5, -1.1524e-07
3477.5, -1.153e-07
3479.5, -1.1537e-07
3481.5, -1.1544e-07
3483.5, -1.1551e-07
3485.5, -1.1558e-07
3487.5, -1.1565e-07
3489.5, -1.1572e-07
3491.5, -1.1579e-07
3493.5, -1.1585e-07
3495.5, -1.1592e-07
3497.5, -1.1598e-07
3499.5, -1.1605e-07
3501.5, -1.1611e-07
3503.5, -1.1617e-07
3505.5, -1.1624e-07
3507.5, -1.163e-07
3509.5, -1.1637e-07
3511.5, -1.1643e-07
3513.5, -1.165e-07
3515.5, -1.1656e-07
3517.5, -1.1663e-07
3519.5, -1.167e-07
3521.5, -1.1677e-07
3523.5, -1.1684e-07
3525.5, -1.169e-07
3527.5, -1.1697e-07
3529.5, -1.1703e-07
3531.5, -1.1711e-07
3533.5, -1.1717e-07
3535.5, -1.1723e-07
3537.5, -1.1729e-07
3539.5, -1.1736e-07
3541.5, -1.1742e-07
3543.5, -1.1748e-07
3545.5, -1.1755e-07
3547.5, -1.1762e-07
3549.5, -1.1769e-07
3551.5, -1.1776e-07
3553.5, -1.1783e-07
3555.6, -1.179e-07
3557.6, -1.1796e-07
3559.6, -1.1802e-07
3561.6, -1.1809e-07
3563.6, -1.1816e-07
3565.6, -1.1823e-07
3567.6, -1.183e-07
3569.6, -1.1838e-07
3571.6, -1.1845e-07
3573.6, -1.1853e-07
3575.6, -1.186e-07
3577.6, -1.1868e-07
3579.6, -1.1876e-07
3581.6, -1.1882e-07
3583.6, -1.1889e-07
3585.6, -1.1896e-07
3587.6, -1.1903e-07
3589.6, -1.191e-07
3591.6, -1.1917e-07
3593.6, -1.1925e-07
3595.6, -1.1932e-07
3597.6, -1.194e-07
3599.6, -1.1947e-07
3601.6, -1.1955e-07
3603.6, -1.1962e-07
3605.6, -1.1969e-07
3607.6, -1.1976e-07
3609.6, -1.1984e-07
3611.6, -1.1991e-07
3613.6, -1.1998e-07
3615.6, -1.2004e-07
3617.6, -1.2011e-07
3619.6, -1.2018e-07
3621.6, -1.2025e-07
3623.6, -1.2032e-07
3625.6, -1.2039e-07
3627.6, -1.2046e-07
3629.6, -1.2052e-07
3631.6, -1.2059e-07
3633.6, -1.2066e-07
3635.6, -1.2073e-07
3637.6, -1.208e-07
3639.6, -1.2087e-07
3641.6, -1.2094e-07
3643.6, -1.2101e-07
3645.6, -1.2108e-07
3647.6, -1.2114e-07
3649.6, -1.212e-07
3651.6, -1.2127e-07
3653.6, -1.2134e-07
3655.7, -1.214e-07
3657.7, -1.2147e-07
3659.7, -1.2154e-07
3661.7, -1.2161e-07
3663.7, -1.2168e-07
3665.7, -1.2175e-07
3667.7, -1.2182e-07
3669.7, -1.2189e-07
3671.7, -1.2196e-07
3673.7, -1.2203e-07
3675.7, -1.221e-07
3677.7, -1.2217e-07
3679.7, -1.2225e-07
3681.7, -1.2233e-07
3683.7, -1.2241e-07
3685.7, -1.2248e-07
3687.7, -1.2255e-07
3689.7, -1.2263e-07
3691.7, -1.227e-07
3693.7, -1.2277e-07
3695.7, -1.2284e-07
3697.7, -1.229e-07
3699.7, -1.2297e-07
3701.7, -1.2304e-07
3703.7, -1.2311e-07
3705.7, -1.2318e-07
3707.7, -1.2325e-07
3709.7, -1.2332e-07
3711.7, -1.2339e-07
3713.7, -1.2346e-07
3715.7, -1.2352e-07
3717.7, -1.2359e-07
3719.7, -1.2366e-07
3721.7, -1.2373e-07
3723.7, -1.238e-07
3725.7, -1.2388e-07
3727.7, -1.2395e-07
3729.7, -1.2403e-07
3731.7, -1.241e-07
3733.7, -1.2417e-07
3735.7, -1.2424e-07
3737.7, -1.2432e-07
3739.7, -1.244e-07
3741.7, -1.2448e-07
3743.7, -1.2455e-07
3745.7, -1.2462e-07
3747.7, -1.247e-07
3749.7, -1.2477e-07
3751.7, -1.2484e-07
3753.7, -1.2492e-07
3755.8, -1.2499e-07
3757.8, -1.2505e-07
3759.8, -1.2512e-07
3761.8, -1.2519e-07
3763.8, -1.2525e-07
3765.8, -1.2532e-07
3767.8, -1.2539e-07
3769.8, -1.2547e-07
3771.8, -1.2554e-07
3773.8, -1.2561e-07
3775.8, -1.2568e-07
3777.8, -1.2575e-07
3779.8, -1.2581e-07
3781.8, -1.2588e-07
3783.8, -1.2595e-07
3785.8, -1.2601e-07
3787.8, -1.2608e-07
3789.8, -1.2615e-07
3791.8, -1.2621e-07
3793.8, -1.2628e-07
3795.8, -1.2635e-07
3797.8, -1.2642e-07
3799.8, -1.2649e-07
3801.8, -1.2656e-07
3803.8, -1.2663e-07
3805.8, -1.267e-07
3807.8, -1.2676e-07
3809.8, -1.2684e-07
3811.8, -1.269e-07
3813.8, -1.2697e-07
3815.8, -1.2704e-07
3817.8, -1.271e-07
3819.8, -1.2717e-07
3821.8, -1.2724e-07
3823.8, -1.2732e-07
3825.8, -1.2739e-07
3827.8, -1.2745e-07
3829.8, -1.2753e-07
3831.8, -1.276e-07
3833.8, -1.2768e-07
3835.8, -1.2775e-07
3837.8, -1.2782e-07
3839.8, -1.2789e-07
3841.8, -1.2796e-07
3843.8, -1.2803e-07
3845.8, -1.281e-07
3847.8, -1.2818e-07
3849.8, -1.2826e-07
3851.8, -1.2834e-07
3853.8, -1.2841e-07
3855.9, -1.2848e-07
3857.9, -1.2855e-07
3859.9, -1.2862e-07
3861.9, -1.2869e-07
3863.9, -1.2876e-07
3865.9, -1.2883e-07
3867.9, -1.289e-07
3869.9, -1.2897e-07
3871.9, -1.2905e-07
3873.9, -1.2912e-07
3875.9, -1.2919e-07
3877.9, -1.2926e-07
3879.9, -1.2933e-07
3881.9, -1.294e-07
3883.9, -1.2948e-07
3885.9, -1.2955e-07
3887.9, -1.2962e-07
3889.9, -1.2969e-07
3891.9, -1.2976e-07
3893.9, -1.2983e-07
3895.9, -1.299e-07
3897.9, -1.2997e-07
3899.9, -1.3004e-07
3901.9, -1.3011e-07
3903.9, -1.3018e-07
3905.9, -1.3024e-07
3907.9, -1.3031e-07
3909.9, -1.3038e-07
3911.9, -1.3045e-07
3913.9, -1.3051e-07
3915.9, -1.3058e-07
3917.9, -1.3065e-07
3919.9, -1.3071e-07
3921.9, -1.3078e-07
3923.9, -1.3084e-07
3925.9, -1.3091e-07
3927.9, -1.3097e-07
3929.9, -1.3104e-07
3931.9, -1.3111e-07
3933.9, -1.3117e-07
3935.9, -1.3123e-07
3937.9, -1.3129e-07
3939.9, -1.3135e-07
3941.9, -1.3141e-07
3943.9, -1.3147e-07
3945.9, -1.3153e-07
3947.9, -1.3159e-07
3949.9, -1.3165e-07
3951.9, -1.3171e-07
3953.9, -1.3178e-07
3956.0, -1.3183e-07
3958.0, -1.3189e-07
3960.0, -1.3195e-07
3962.0, -1.3202e-07
3964.0, -1.3208e-07
3966.0, -1.3213e-07
3968.0, -1.3219e-07
3970.0, -1.3225e-07
3972.0, -1.3232e-07
3974.0, -1.3239e-07
3976.0, -1.3245e-07
3978.0, -1.3251e-07
3980.0, -1.3257e-07
3982.0, -1.3264e-07
3984.0, -1.327e-07
3986.0, -1.3276e-07
3988.0, -1.3282e-07
3990.0, -1.3289e-07
3992.0, -1.3296e-07
3994.0, -1.3303e-07
3996.0, -1.3309e-07
3998.0, -1.3316e-07
4000.0, -1.3323e-07
4002.0, -1.3329e-07
4004.0, -1.3336e-07
4006.0, -1.3342e-07
4008.0, -1.3349e-07
4010.0, -1.3356e-07
4012.0, -1.3363e-07
4014.0, -1.337e-07
4016.0, -1.3376e-07
4018.0, -1.3382e-07
4020.0, -1.3388e-07
4022.0, -1.3395e-07
4024.0, -1.3401e-07
4026.0, -1.3408e-07
4028.0, -1.3415e-07
4030.0, -1.3422e-07
4032.0, -1.3428e-07
4034.0, -1.3435e-07
4036.0, -1.3441e-07
4038.0, -1.3448e-07
4040.0, -1.3454e-07
4042.0, -1.3461e-07
4044.0, -1.3467e-07
4046.0, -1.3474e-07
4048.0, -1.348e-07
4050.0, -1.3487e-07
4052.0, -1.3493e-07
4054.0, -1.3499e-07
4056.1, -1.3505e-07
4058.1, -1.3511e-07
4060.1, -1.3518e-07
4062.1, -1.3524e-07
4064.1, -1.353e-07
4066.1, -1.3536e-07
4068.1, -1.3543e-07
4070.1, -1.3548e-07
4072.1, -1.3555e-07
4074.1, -1.3561e-07
4076.1, -1.3566e-07
4078.1, -1.3573e-07
4080.1, -1.358e-07
4082.1, -1.3587e-07
4084.1, -1.3594e-07
4086.1, -1.3601e-07
4088.1, -1.3607e-07
4090.1, -1.3614e-07
4092.1, -1.3621e-07
4094.1, -1.3629e-07
4096.1, -1.3636e-07
4098.1, -1.3642e-07
4100.1, -1.3649e-07
4102.1, -1.3655e-07
4104.1, -1.3662e-07
4106.1, -1.3668e-07
4108.1, -1.3674e-07
4110.1, -1.3681e-07
4112.1, -1.3688e-07
4114.1, -1.3694e-07
4116.1, -1.3701e-07
4118.1, -1.3708e-07
4120.1, -1.3714e-07
4122.1, -1.3721e-07
4124.1, -1.3728e-07
4126.1, -1.3735e-07
4128.1, -1.3742e-07
4130.1, -1.3749e-07
4132.1, -1.3755e-07
4134.1, -1.3762e-07
4136.1, -1.3768e-07
4138.1, -1.3775e-07
4140.1, -1.3781e-07
4142.1, -1.3788e-07
4144.1, -1.3794e-07
4146.1, -1.38e-07
4148.1, -1.3807e-07
4150.1, -1.3814e-07
4152.1, -1.3821e-07
4154.1, -1.3828e-07
4156.2, -1.3834e-07
4158.2, -1.3841e-07
4160.2, -1.3848e-07
4162.2, -1.3856e-07
4164.2, -1.3863e-07
4166.2, -1.3869e-07
4168.2, -1.3876e-07
4170.2, -1.3884e-07
4172.2, -1.3891e-07
4174.2, -1.3898e-07
4176.2, -1.3904e-07
4178.2, -1.3911e-07
4180.2, -1.3918e-07
4182.2, -1.3924e-07
4184.2, -1.393e-07
4186.2, -1.3937e-07
4188.2, -1.3943e-07
4190.2, -1.3949e-07
4192.2, -1.3956e-07
4194.2, -1.3962e-07
4196.2, -1.3967e-07
4198.2, -1.3974e-07
4200.2, -1.3981e-07
4202.2, -1.3987e-07
4204.2, -1.3993e-07
4206.2, -1.3999e-07
4208.2, -1.4006e-07
4210.2, -1.4012e-07
4212.2, -1.4019e-07
4214.2, -1.4025e-07
4216.2, -1.4031e-07
4218.2, -1.4037e-07
4220.2, -1.4043e-07
4222.2, -1.4049e-07
4224.2, -1.4055e-07
4226.2, -1.4061e-07
4228.2, -1.4068e-07
4230.2, -1.4075e-07
4232.2, -1.4082e-07
4234.2, -1.4088e-07
4236.2, -1.4095e-07
4238.2, -1.4101e-07
4240.2, -1.4107e-07
4242.2, -1.4113e-07
4244.2, -1.4119e-07
4246.2, -1.4126e-07
4248.2, -1.4133e-07
4250.2, -1.4139e-07
4252.2, -1.4146e-07
4254.2, -1.4153e-07
4256.3, -1.4159e-07
4258.3, -1.4165e-07
4260.3, -1.4172e-07
4262.3, -1.4178e-07
4264.3, -1.4185e-07
4266.3, -1.4192e-07
4268.3, -1.4199e-07
4270.3, -1.4206e-07
4272.3, -1.4213e-07
4274.3, -1.4219e-07
4276.3, -1.4225e-07
4278.3, -1.4231e-07
4280.3, -1.4238e-07
4282.3, -1.4245e-07
4284.3, -1.4252e-07
4286.3, -1.4258e-07
4288.3, -1.4265e-07
4290.3, -1.4272e-07
4292.3, -1.4279e-07
4294.3, -1.4287e-07
4296.3, -1.4294e-07
4298.3, -1.4301e-07
4300.3, -1.4308e-07
4302.3, -1.4315e-07
4304.3, -1.4322e-07
4306.3, -1.4329e-07
4308.3, -1.4335e-07
4310.3, -1.4342e-07
4312.3, -1.4348e-07
4314.3, -1.4355e-07
4316.3, -1.4362e-07
4318.3, -1.4368e-07
4320.3, -1.4375e-07
4322.3, -1.4381e-07
4324.3, -1.4388e-07
4326.3, -1.4394e-07
4328.3, -1.44e-07
4330.3, -1.4407e-07
4332.3, -1.4413e-07
4334.3, -1.4419e-07
4336.3, -1.4426e-07
4338.3, -1.4433e-07
4340.3, -1.4439e-07
4342.3, -1.4446e-07
4344.3, -1.4452e-07
4346.3, -1.446e-07
4348.3, -1.4466e-07
4350.3, -1.4473e-07
4352.3, -1.4479e-07
4354.3, -1.4486e-07
4356.4, -1.4491e-07
4358.4, -1.4498e-07
4360.4, -1.4505e-07
4362.4, -1.4512e-07
4364.4, -1.4518e-07
4366.4, -1.4525e-07
4368.4, -1.4533e-07
4370.4, -1.454e-07
4372.4, -1.4546e-07
4374.4, -1.4553e-07
4376.4, -1.4561e-07
4378.4, -1.4569e-07
4380.4, -1.4576e-07
4382.4, -1.4583e-07
4384.4, -1.459e-07
4386.4, -1.4597e-07
4388.4, -1.4604e-07
4390.4, -1.4612e-07
4392.4, -1.4618e-07
4394.4, -1.4625e-07
4396.4, -1.4632e-07
4398.4, -1.4638e-07
4400.4, -1.4645e-07
4402.4, -1.4651e-07
4404.4, -1.4658e-07
4406.4, -1.4664e-07
4408.4, -1.4671e-07
4410.4, -1.4677e-07
4412.4, -1.4685e-07
4414.4, -1.4692e-07
4416.4, -1.4699e-07
4418.4, -1.4706e-07
4420.4, -1.4714e-07
4422.4, -1.4722e-07
4424.4, -1.4729e-07
4426.4, -1.4736e-07
4428.4, -1.4743e-07
4430.4, -1.475e-07
4432.4, -1.4757e-07
4434.4, -1.4764e-07
4436.4, -1.4771e-07
4438.4, -1.4779e-07
4440.4, -1.4787e-07
4442.4, -1.4794e-07
4444.4, -1.4801e-07
4446.4, -1.4808e-07
4448.4, -1.4815e-07
4450.4, -1.4822e-07
4452.4, -1.4829e-07
4454.4, -1.4836e-07
4456.5, -1.4843e-07
4458.5, -1.485e-07
4460.5, -1.4856e-07
4462.5, -1.4863e-07
4464.5, -1.4871e-07
4466.5, -1.4878e-07
4468.5, -1.4885e-07
4470.5, -1.4892e-07
4472.5, -1.4899e-07
4474.5, -1.4906e-07
4476.5, -1.4912e-07
4478.5, -1.4919e-07
4480.5, -1.4925e-07
4482.5, -1.4933e-07
4484.5, -1.494e-07
4486.5, -1.4947e-07
4488.5, -1.4954e-07
4490.5, -1.4961e-07
4492.5, -1.4968e-07
4494.5, -1.4974e-07
4496.5, -1.498e-07
4498.5, -1.4988e-07
4500.5, -1.4995e-07
4502.5, -1.5003e-07
4504.5, -1.501e-07
4506.5, -1.5017e-07
4508.5, -1.5024e-07
4510.5, -1.5031e-07
4512.5, -1.5038e-07
4514.5, -1.5045e-07
4516.5, -1.5053e-07
4518.5, -1.506e-07
4520.5, -1.5068e-07
4522.5, -1.5075e-07
4524.5, -1.5082e-07
4526.5, -1.5089e-07
4528.5, -1.5095e-07
4530.5, -1.5102e-07
4532.5, -1.5109e-07
4534.5, -1.5116e-07
4536.5, -1.5123e-07
4538.5, -1.513e-07
4540.5, -1.5137e-07
4542.5, -1.5144e-07
4544.5, -1.515e-07
4546.5, -1.5157e-07
4548.5, -1.5164e-07
4550.5, -1.5171e-07
4552.5, -1.5177e-07
4554.5, -1.5184e-07
4556.6, -1.5191e-07
4558.6, -1.5198e-07
4560.6, -1.5204e-07
4562.6, -1.5211e-07
4564.6, -1.5218e-07
4566.6, -1.5225e-07
4568.6, -1.5231e-07
4570.6, -1.5238e-07
4572.6, -1.5245e-07
4574.6, -1.5252e-07
4576.6, -1.5259e-07
4578.6, -1.5266e-07
4580.6, -1.5273e-07
4582.6, -1.528e-07
4584.6, -1.5287e-07
4586.6, -1.5294e-07
4588.6, -1.5301e-07
4590.6, -1.5307e-07
4592.6, -1.5314e-07
4594.6, -1.5321e-07
4596.6, -1.5327e-07
4598.6, -1.5334e-07
4600.6, -1.5341e-07
4602.6, -1.5348e-07
4604.6, -1.5356e-07
4606.6, -1.5363e-07
4608.6, -1.537e-07
4610.6, -1.5377e-07
4612.6, -1.5384e-07
4614.6, -1.539e-07
4616.6, -1.5398e-07
4618.6, -1.5404e-07
4620.6, -1.5411e-07
4622.6, -1.5418e-07
4624.6, -1.5424e-07
4626.6, -1.5432e-07
4628.6, -1.5439e-07
4630.6, -1.5446e-07
4632.6, -1.5452e-07
4634.6, -1.5458e-07
4636.6, -1.5465e-07
4638.6, -1.5472e-07
4640.6, -1.5479e-07
4642.6, -1.5486e-07
4644.6, -1.5493e-07
4646.6, -1.55e-07
4648.6, -1.5508e-07
4650.6, -1.5515e-07
4652.6, -1.5522e-07
4654.6, -1.5529e-07
4656.7, -1.5536e-07
4658.7, -1.5542e-07
4660.7, -1.5548e-07
4662.7, -1.5555e-07
4664.7, -1.5562e-07
4666.7, -1.5569e-07
4668.7, -1.5576e-07
4670.7, -1.5583e-07
4672.7, -1.559e-07
4674.7, -1.5597e-07
4676.7, -1.5603e-07
4678.7, -1.561e-07
4680.7, -1.5617e-07
4682.7, -1.5623e-07
4684.7, -1.563e-07
4686.7, -1.5638e-07
4688.7, -1.5644e-07
4690.7, -1.5651e-07
4692.7, -1.5657e-07
4694.7, -1.5663e-07
4696.7, -1.5669e-07
4698.7, -1.5675e-07
4700.7, -1.5681e-07
4702.7, -1.5688e-07
4704.7, -1.5695e-07
4706.7, -1.5702e-07
4708.7, -1.5708e-07
4710.7, -1.5715e-07
4712.7, -1.5722e-07
4714.7, -1.5729e-07
4716.7, -1.5736e-07
4718.7, -1.5742e-07
4720.7, -1.5749e-07
4722.7, -1.5755e-07
4724.7, -1.5762e-07
4726.7, -1.5768e-07
4728.7, -1.5774e-07
4730.7, -1.5781e-07
4732.7, -1.5788e-07
4734.7, -1.5794e-07
4736.7, -1.58e-07
4738.7, -1.5806e-07
4740.7, -1.5813e-07
4742.7, -1.582e-07
4744.7, -1.5827e-07
4746.7, -1.5834e-07
4748.7, -1.5842e-07
4750.7, -1.5849e-07
4752.7, -1.5855e-07
4754.7, -1.5862e-07
4756.8, -1.5869e-07
4758.8, -1.5877e-07
4760.8, -1.5883e-07
4762.8, -1.5889e-07
4764.8, -1.5896e-07
4766.8, -1.5904e-07
4768.8, -1.5911e-07
4770.8, -1.5917e-07
4772.8, -1.5924e-07
4774.8, -1.5931e-07
4776.8, -1.5938e-07
4778.8, -1.5946e-07
4780.8, -1.5953e-07
4782.8, -1.596e-07
4784.8, -1.5967e-07
4786.8, -1.5974e-07
4788.8, -1.5981e-07
4790.8, -1.5988e-07
4792.8, -1.5995e-07
4794.8, -1.6001e-07
4796.8, -1.6008e-07
4798.8, -1.6015e-07
4800.8, -1.6022e-07
4802.8, -1.6029e-07
4804.8, -1.6035e-07
4806.8, -1.6042e-07
4808.8, -1.6048e-07
4810.8, -1.6055e-07
4812.8, -1.6062e-07
4814.8, -1.6069e-07
4816.8, -1.6076e-07
4818.8, -1.6083e-07
4820.8, -1.609e-07
4822.8, -1.6097e-07
4824.8, -1.6104e-07
4826.8, -1.6111e-07
4828.8, -1.6117e-07
4830.8, -1.6123e-07
4832.8, -1.6129e-07
4834.8, -1.6136e-07
4836.8, -1.6143e-07
4838.8, -1.6149e-07
4840.8, -1.6155e-07
4842.8, -1.6162e-07
4844.8, -1.6168e-07
4846.8, -1.6175e-07
4848.8, -1.6181e-07
4850.8, -1.6187e-07
4852.8, -1.6192e-07
4854.8, -1.6198e-07
4856.9, -1.6204e-07
4858.9, -1.621e-07
4860.9, -1.6216e-07
4862.9, -1.6222e-07
4864.9, -1.6228e-07
4866.9, -1.6234e-07
4868.9, -1.6239e-07
4870.9, -1.6245e-07
4872.9, -1.6251e-07
4874.9, -1.6257e-07
4876.9, -1.6263e-07
4878.9, -1.6269e-07
4880.9, -1.6275e-07
4882.9, -1.6281e-07
4884.9, -1.6287e-07
4886.9, -1.6294e-07
4888.9, -1.63e-07
4890.9, -1.6307e-07
4892.9, -1.6313e-07
4894.9, -1.632e-07
4896.9, -1.6327e-07
4898.9, -1.6334e-07
4900.9, -1.6341e-07
4902.9, -1.6348e-07
4904.9, -1.6355e-07
4906.9, -1.6362e-07
4908.9, -1.6369e-07
4910.9, -1.6375e-07
4912.9, -1.6381e-07
4914.9, -1.6388e-07
4916.9, -1.6395e-07
4918.9, -1.6402e-07
4920.9, -1.6409e-07
4922.9, -1.6415e-07
4924.9, -1.6421e-07
4926.9, -1.6428e-07
4928.9, -1.6435e-07
4930.9, -1.6442e-07
4932.9, -1.6449e-07
4934.9, -1.6455e-07
4936.9, -1.6462e-07
4938.9, -1.6468e-07
4940.9, -1.6474e-07
4942.9, -1.648e-07
4944.9, -1.6487e-07
4946.9, -1.6493e-07
4948.9, -1.6499e-07
4950.9, -1.6506e-07
4952.9, -1.6512e-07
4954.9, -1.6519e-07
4957.0, -1.6525e-07
4959.0, -1.6532e-07
4961.0, -1.6538e-07
4963.0, -1.6545e-07
4965.0, -1.6552e-07
4967.0, -1.6558e-07
4969.0, -1.6565e-07
4971.0, -1.6571e-07
4973.0, -1.6578e-07
4975.0, -1.6584e-07
4977.0, -1.6591e-07
4979.0, -1.6597e-07
4981.0, -1.6603e-07
4983.0, -1.6609e-07
4985.0, -1.6615e-07
4987.0, -1.6621e-07
4989.0, -1.6627e-07
4991.0, -1.6633e-07
4993.0, -1.6639e-07
4995.0, -1.6645e-07
4997.0, -1.6652e-07
4999.0, -1.6657e-07
5001.0, -1.6663e-07
5003.0, -1.667e-07
5005.0, -1.6677e-07
5007.0, -1.6683e-07
5009.0, -1.6689e-07
5011.0, -1.6695e-07
5013.0, -1.6702e-07
5015.0, -1.6708e-07
5017.0, -1.6714e-07
5019.0, -1.672e-07
5021.0, -1.6727e-07
5023.0, -1.6734e-07
5025.0, -1.674e-07
5027.0, -1.6747e-07
5029.0, -1.6753e-07
5031.0, -1.6759e-07
5033.0, -1.6765e-07
5035.0, -1.6771e-07
5037.0, -1.6777e-07
5039.0, -1.6783e-07
5041.0, -1.679e-07
5043.0, -1.6796e-07
5045.0, -1.6803e-07
5047.0, -1.6809e-07
5049.0, -1.6815e-07
5051.0, -1.6822e-07
5053.0, -1.6828e-07
5055.0, -1.6834e-07
5057.1, -1.6841e-07
5059.1, -1.6847e-07
5061.1, -1.6853e-07
5063.1, -1.6859e-07
5065.1, -1.6866e-07
5067.1, -1.6872e-07
5069.1, -1.6879e-07
5071.1, -1.6885e-07
5073.1, -1.6891e-07
5075.1, -1.6898e-07
5077.1, -1.6904e-07
5079.1, -1.691e-07
5081.1, -1.6916e-07
5083.1, -1.6922e-07
5085.1, -1.6929e-07
5087.1, -1.6936e-07
5089.1, -1.6942e-07
5091.1, -1.6949e-07
5093.1, -1.6955e-07
5095.1, -1.6962e-07
5097.1, -1.6968e-07
5099.1, -1.6974e-07
5101.1, -1.698e-07
5103.1, -1.6986e-07
5105.1, -1.6991e-07
5107.1, -1.6997e-07
5109.1, -1.7004e-07
5111.1, -1.7009e-07
5113.1, -1.7015e-07
5115.1, -1.7021e-07
5117.1, -1.7027e-07
5119.1, -1.7034e-07
5121.1, -1.7041e-07
5123.1, -1.7048e-07
5125.1, -1.7054e-07
5127.1, -1.7061e-07
5129.1, -1.7066e-07
5131.1, -1.7072e-07
5133.1, -1.7078e-07
5135.1, -1.7084e-07
5137.1, -1.709e-07
5139.1, -1.7095e-07
5141.1, -1.7102e-07
5143.1, -1.7108e-07
5145.1, -1.7113e-07
5147.1, -1.7119e-07
5149.1, -1.7124e-07
5151.1, -1.713e-07
5153.1, -1.7136e-07
5155.1, -1.7142e-07
5157.2, -1.7147e-07
5159.2, -1.7153e-07
5161.2, -1.7159e-07
5163.2, -1.7165e-07
5165.2, -1.7171e-07
5167.2, -1.7177e-07
5169.2, -1.7184e-07
5171.2, -1.719e-07
5173.2, -1.7196e-07
5175.2, -1.7202e-07
5177.2, -1.7209e-07
5179.2, -1.7215e-07
5181.2, -1.7221e-07
5183.2, -1.7228e-07
5185.2, -1.7234e-07
5187.2, -1.724e-07
5189.2, -1.7246e-07
5191.2, -1.7252e-07
5193.2, -1.7257e-07
5195.2, -1.7263e-07
5197.2, -1.727e-07
5199.2, -1.7276e-07
5201.2, -1.7282e-07
5203.2, -1.7289e-07
5205.2, -1.7295e-07
5207.2, -1.7301e-07
5209.2, -1.7306e-07
5211.2, -1.7312e-07
5213.2, -1.7318e-07
5215.2, -1.7325e-07
5217.2, -1.7332e-07
5219.2, -1.7338e-07
5221.2, -1.7344e-07
5223.2, -1.735e-07
5225.2, -1.7357e-07
5227.2, -1.7363e-07
5229.2, -1.7369e-07
5231.2, -1.7376e-07
5233.2, -1.7382e-07
5235.2, -1.7388e-07
5237.2, -1.7394e-07
5239.2, -1.74e-07
5241.2, -1.7407e-07
5243.2, -1.7413e-07
5245.2, -1.7419e-07
5247.2, -1.7424e-07
5249.2, -1.743e-07
5251.2, -1.7436e-07
5253.2, -1.7442e-07
5255.2, -1.7448e-07
5257.3, -1.7455e-07
5259.3, -1.7462e-07
5261.3, -1.7468e-07
5263.3, -1.7475e-07
5265.3, -1.7482e-07
5267.3, -1.7488e-07
5269.3, -1.7494e-07
5271.3, -1.7501e-07
5273.3, -1.7507e-07
5275.3, -1.7513e-07
5277.3, -1.7519e-07
5279.3, -1.7525e-07
5281.3, -1.7531e-07
5283.3, -1.7537e-07
5285.3, -1.7543e-07
5287.3, -1.7549e-07
5289.3, -1.7555e-07
5291.3, -1.7561e-07
5293.3, -1.7567e-07
5295.3, -1.7572e-07
5297.3, -1.7578e-07
5299.3, -1.7584e-07
5301.3, -1.759e-07
5303.3, -1.7595e-07
5305.3, -1.76e-07
5307.3, -1.7606e-07
5309.3, -1.7612e-07
5311.3, -1.7618e-07
5313.3, -1.7624e-07
5315.3, -1.763e-07
5317.3, -1.7636e-07
5319.3, -1.7643e-07
5321.3, -1.7648e-07
5323.3, -1.7655e-07
5325.3, -1.7661e-07
5327.3, -1.7666e-07
5329.3, -1.7672e-07
5331.3, -1.7678e-07
5333.3, -1.7684e-07
5335.3, -1.769e-07
5337.3, -1.7696e-07
5339.3, -1.7702e-07
5341.3, -1.7708e-07
5343.3, -1.7714e-07
5345.3, -1.7719e-07
5347.3, -1.7725e-07
5349.3, -1.7731e-07
5351.3, -1.7737e-07
5353.3, -1.7743e-07
5355.3, -1.7749e-07
5357.4, -1.7755e-07
5359.4, -1.7761e-07
5361.4, -1.7767e-07
5363.4, -1.7773e-07
5365.4, -1.778e-07
5367.4, -1.7785e-07
5369.4, -1.779e-07
5371.4, -1.7795e-07
5373.4, -1.78e-07
5375.4, -1.7806e-07
5377.4, -1.7811e-07
5379.4, -1.7817e-07
5381.4, -1.7822e-07
5383.4, -1.7827e-07
5385.4, -1.7833e-07
5387.4, -1.7838e-07
5389.4, -1.7843e-07
5391.4, -1.7849e-07
5393.4, -1.7855e-07
5395.4, -1.786e-07
5397.4, -1.7866e-07
5399.4, -1.7871e-07
5401.4, -1.7877e-07
5403.4, -1.7882e-07
5405.4, -1.7888e-07
5407.4, -1.7893e-07
5409.4, -1.7898e-07
5411.4, -1.7904e-07
5413.4, -1.7909e-07
5415.4, -1.7915e-07
5417.4, -1.792e-07
5419.4, -1.7926e-07
5421.4, -1.7931e-07
5423.4, -1.7937e-07
5425.4, -1.7942e-07
5427.4, -1.7948e-07
5429.4, -1.7954e-07
5431.4, -1.7959e-07
5433.4, -1.7965e-07
5435.4, -1.7971e-07
5437.4, -1.7976e-07
5439.4, -1.7982e-07
5441.4, -1.7987e-07
5443.4, -1.7993e-07
5445.4, -1.7998e-07
5447.4, -1.8004e-07
5449.4, -1.801e-07
5451.4, -1.8015e-07
5453.4, -1.8021e-07
5455.4, -1.8026e-07
5457.5, -1.8032e-07
5459.5, -1.8039e-07
5461.5, -1.8045e-07
5463.5, -1.8051e-07
5465.5, -1.8058e-07
5467.5, -1.8063e-07
5469.5, -1.8068e-07
5471.5, -1.8073e-07
5473.5, -1.8079e-07
5475.5, -1.8085e-07
5477.5, -1.809e-07
5479.5, -1.8097e-07
5481.5, -1.8103e-07
5483.5, -1.8109e-07
5485.5, -1.8115e-07
5487.5, -1.8121e-07
5489.5, -1.8127e-07
5491.5, -1.8132e-07
5493.5, -1.8138e-07
5495.5, -1.8144e-07
5497.5, -1.815e-07
5499.5, -1.8156e-07
5501.5, -1.8161e-07
5503.5, -1.8167e-07
5505.5, -1.8172e-07
5507.5, -1.8179e-07
5509.5, -1.8185e-07
5511.5, -1.8191e-07
5513.5, -1.8197e-07
5515.5, -1.8203e-07
5517.5, -1.8209e-07
5519.5, -1.8215e-07
5521.5, -1.8221e-07
5523.5, -1.8228e-07
5525.5, -1.8234e-07
5527.5, -1.8241e-07
5529.5, -1.8247e-07
5531.5, -1.8253e-07
5533.5, -1.826e-07
5535.5, -1.8266e-07
5537.5, -1.8272e-07
5539.5, -1.8278e-07
5541.5, -1.8284e-07
5543.5, -1.829e-07
5545.5, -1.8296e-07
5547.5, -1.8302e-07
5549.5, -1.8308e-07
5551.5, -1.8314e-07
5553.5, -1.832e-07
5555.5, -1.8325e-07
5557.6, -1.8331e-07
5559.6, -1.8337e-07
5561.6, -1.8343e-07
5563.6, -1.835e-07
5565.6, -1.8356e-07
5567.6, -1.8363e-07
5569.6, -1.8369e-07
5571.6, -1.8375e-07
5573.6, -1.8382e-07
5575.6, -1.8388e-07
5577.6, -1.8394e-07
5579.6, -1.84e-07
5581.6, -1.8407e-07
5583.6, -1.8414e-07
5585.6, -1.8421e-07
5587.6, -1.8428e-07
5589.6, -1.8435e-07
5591.6, -1.8442e-07
5593.6, -1.8448e-07
5595.6, -1.8455e-07
5597.6, -1.8461e-07
5599.6, -1.8468e-07
5601.6, -1.8474e-07
5603.6, -1.848e-07
5605.6, -1.8486e-07
5607.6, -1.8493e-07
5609.6, -1.8499e-07
5611.6, -1.8506e-07
5613.6, -1.8513e-07
5615.6, -1.852e-07
5617.6, -1.8527e-07
5619.6, -1.8533e-07
5621.6, -1.854e-07
5623.6, -1.8547e-07
5625.6, -1.8554e-07
5627.6, -1.8561e-07
5629.6, -1.8568e-07
5631.6, -1.8575e-07
5633.6, -1.8582e-07
5635.6, -1.8589e-07
5637.6, -1.8596e-07
5639.6, -1.8604e-07
5641.6, -1.8611e-07
5643.6, -1.8618e-07
5645.6, -1.8625e-07
5647.6, -1.8632e-07
5649.6, -1.864e-07
5651.6, -1.8647e-07
5653.6, -1.8654e-07
5655.6, -1.8662e-07
5657.7, -1.8669e-07
5659.7, -1.8677e-07
5661.7, -1.8684e-07
5663.7, -1.8691e-07
5665.7, -1.8698e-07
5667.7, -1.8705e-07
5669.7, -1.8712e-07
5671.7, -1.8719e-07
5673.7, -1.8726e-07
5675.7, -1.8733e-07
5677.7, -1.8739e-07
5679.7, -1.8746e-07
5681.7, -1.8753e-07
5683.7, -1.8759e-07
5685.7, -1.8766e-07
5687.7, -1.8772e-07
5689.7, -1.8779e-07
5691.7, -1.8785e-07
5693.7, -1.8791e-07
5695.7, -1.8798e-07
5697.7, -1.8803e-07
5699.7, -1.881e-07
5701.7, -1.8816e-07
5703.7, -1.8822e-07
5705.7, -1.8828e-07
5707.7, -1.8834e-07
5709.7, -1.8839e-07
5711.7, -1.8844e-07
5713.7, -1.885e-07
5715.7, -1.8855e-07
5717.7, -1.8861e-07
5719.7, -1.8867e-07
5721.7, -1.8874e-07
5723.7, -1.8881e-07
5725.7, -1.8887e-07
5727.7, -1.8894e-07
5729.7, -1.89e-07
5731.7, -1.8906e-07
5733.7, -1.8912e-07
5735.7, -1.8919e-07
5737.7, -1.8926e-07
5739.7, -1.8932e-07
5741.7, -1.8939e-07
5743.7, -1.8945e-07
5745.7, -1.8951e-07
5747.7, -1.8958e-07
5749.7, -1.8964e-07
5751.7, -1.8971e-07
5753.7, -1.8977e-07
5755.7, -1.8984e-07
5757.8, -1.899e-07
5759.8, -1.8997e-07
5761.8, -1.9004e-07
5763.8, -1.901e-07
5765.8, -1.9017e-07
5767.8, -1.9024e-07
5769.8, -1.903e-07
5771.8, -1.9037e-07
5773.8, -1.9043e-07
5775.8, -1.905e-07
5777.8, -1.9057e-07
5779.8, -1.9063e-07
5781.8, -1.907e-07
5783.8, -1.9076e-07
5785.8, -1.9083e-07
5787.8, -1.9089e-07
5789.8, -1.9095e-07
5791.8, -1.9101e-07
5793.8, -1.9106e-07
5795.8, -1.9112e-07
5797.8, -1.9118e-07
5799.8, -1.9125e-07
5801.8, -1.9131e-07
5803.8, -1.9137e-07
5805.8, -1.9143e-07
5807.8, -1.9149e-07
5809.8, -1.9155e-07
5811.8, -1.9161e-07
5813.8, -1.9168e-07
5815.8, -1.9174e-07
5817.8, -1.918e-07
5819.8, -1.9187e-07
5821.8, -1.9193e-07
5823.8, -1.92e-07
5825.8, -1.9207e-07
5827.8, -1.9214e-07
5829.8, -1.922e-07
5831.8, -1.9226e-07
5833.8, -1.9232e-07
5835.8, -1.9238e-07
5837.8, -1.9244e-07
5839.8, -1.925e-07
5841.8, -1.9257e-07
5843.8, -1.9263e-07
5845.8, -1.9269e-07
5847.8, -1.9275e-07
5849.8, -1.9281e-07
5851.8, -1.9288e-07
5853.8, -1.9294e-07
5855.8, -1.93e-07
5857.9, -1.9306e-07
5859.9, -1.9312e-07
5861.9, -1.9319e-07
5863.9, -1.9325e-07
5865.9, -1.933e-07
5867.9, -1.9336e-07
5869.9, -1.9342e-07
5871.9, -1.9348e-07
5873.9, -1.9354e-07
5875.9, -1.936e-07
5877.9, -1.9366e-07
5879.9, -1.9373e-07
5881.9, -1.9379e-07
5883.9, -1.9387e-07
5885.9, -1.9393e-07
5887.9, -1.94e-07
5889.9, -1.9406e-07
5891.9, -1.9412e-07
5893.9, -1.9418e-07
5895.9, -1.9425e-07
5897.9, -1.9431e-07
5899.9, -1.9437e-07
5901.9, -1.9444e-07
5903.9, -1.945e-07
5905.9, -1.9456e-07
5907.9, -1.9463e-07
5909.9, -1.9469e-07
5911.9, -1.9475e-07
5913.9, -1.9482e-07
5915.9, -1.9488e-07
5917.9, -1.9495e-07
5919.9, -1.9501e-07
5921.9, -1.9508e-07
5923.9, -1.9515e-07
5925.9, -1.9522e-07
5927.9, -1.9529e-07
5929.9, -1.9536e-07
5931.9, -1.9543e-07
5933.9, -1.955e-07
5935.9, -1.9558e-07
5937.9, -1.9564e-07
5939.9, -1.9571e-07
5941.9, -1.9577e-07
5943.9, -1.9583e-07
5945.9, -1.959e-07
5947.9, -1.9596e-07
5949.9, -1.9603e-07
5951.9, -1.961e-07
5953.9, -1.9616e-07
5955.9, -1.9623e-07
5958.0, -1.963e-07
5960.0, -1.9637e-07
5962.0, -1.9643e-07
5964.0, -1.965e-07
5966.0, -1.9656e-07
5968.0, -1.9662e-07
5970.0, -1.9669e-07
5972.0, -1.9675e-07
5974.0, -1.9681e-07
5976.0, -1.9688e-07
5978.0, -1.9695e-07
5980.0, -1.9702e-07
5982.0, -1.9709e-07
5984.0, -1.9715e-07
5986.0, -1.9722e-07
5988.0, -1.9728e-07
5990.0, -1.9734e-07
5992.0, -1.974e-07
5994.0, -1.9747e-07
5996.0, -1.9753e-07
5998.0, -1.9759e-07
6000.0, -1.9765e-07
6002.0, -1.9772e-07
6004.0, -1.9778e-07
6006.0, -1.9785e-07
6008.0, -1.9792e-07
6010.0, -1.9798e-07
6012.0, -1.9805e-07
6014.0, -1.9811e-07
6016.0, -1.9818e-07
6018.0, -1.9824e-07
6020.0, -1.983e-07
6022.0, -1.9836e-07
6024.0, -1.9843e-07
6026.0, -1.9849e-07
6028.0, -1.9856e-07
6030.0, -1.9863e-07
6032.0, -1.9869e-07
6034.0, -1.9876e-07
6036.0, -1.9882e-07
6038.0, -1.9889e-07
6040.0, -1.9895e-07
6042.0, -1.9902e-07
6044.0, -1.9909e-07
6046.0, -1.9916e-07
6048.0, -1.9923e-07
6050.0, -1.993e-07
6052.0, -1.9936e-07
6054.0, -1.9943e-07
6056.0, -1.995e-07
6058.1, -1.9956e-07
6060.1, -1.9963e-07
6062.1, -1.997e-07
6064.1, -1.9977e-07
6066.1, -1.9984e-07
6068.1, -1.9992e-07
6070.1, -1.9999e-07
6072.1, -2.0007e-07
6074.1, -2.0013e-07
6076.1, -2.0021e-07
6078.1, -2.0027e-07
6080.1, -2.0035e-07
6082.1, -2.0042e-07
6084.1, -2.0049e-07
6086.1, -2.0056e-07
6088.1, -2.0063e-07
6090.1, -2.007e-07
6092.1, -2.0077e-07
6094.1, -2.0084e-07
6096.1, -2.009e-07
6098.1, -2.0096e-07
6100.1, -2.0103e-07
6102.1, -2.011e-07
6104.1, -2.0117e-07
6106.1, -2.0123e-07
6108.1, -2.0129e-07
6110.1, -2.0136e-07
6112.1, -2.0142e-07
6114.1, -2.0148e-07
6116.1, -2.0154e-07
6118.1, -2.016e-07
6120.1, -2.0167e-07
6122.1, -2.0172e-07
6124.1, -2.0179e-07
6126.1, -2.0186e-07
6128.1, -2.0192e-07
6130.1, -2.0199e-07
6132.1, -2.0206e-07
6134.1, -2.0212e-07
6136.1, -2.0219e-07
6138.1, -2.0226e-07
6140.1, -2.0232e-07
6142.1, -2.0238e-07
6144.1, -2.0245e-07
6146.1, -2.0252e-07
6148.1, -2.0258e-07
6150.1, -2.0264e-07
6152.1, -2.0271e-07
6154.1, -2.0277e-07
6156.1, -2.0284e-07
6158.2, -2.029e-07
6160.2, -2.0296e-07
6162.2, -2.0302e-07
6164.2, -2.0309e-07
6166.2, -2.0315e-07
6168.2, -2.0322e-07
6170.2, -2.0328e-07
6172.2, -2.0335e-07
6174.2, -2.0341e-07
6176.2, -2.0348e-07
6178.2, -2.0355e-07
6180.2, -2.0361e-07
6182.2, -2.0367e-07
6184.2, -2.0374e-07
6186.2, -2.038e-07
6188.2, -2.0385e-07
6190.2, -2.039e-07
6192.2, -2.0396e-07
6194.2, -2.0401e-07
6196.2, -2.0407e-07
6198.2, -2.0414e-07
6200.2, -2.042e-07
6202.2, -2.0426e-07
6204.2, -2.0432e-07
6206.2, -2.0438e-07
6208.2, -2.0444e-07
6210.2, -2.045e-07
6212.2, -2.0456e-07
6214.2, -2.0462e-07
6216.2, -2.0469e-07
6218.2, -2.0475e-07
6220.2, -2.0481e-07
6222.2, -2.0487e-07
6224.2, -2.0493e-07
6226.2, -2.0499e-07
6228.2, -2.0505e-07
6230.2, -2.0511e-07
6232.2, -2.0516e-07
6234.2, -2.0522e-07
6236.2, -2.0529e-07
6238.2, -2.0534e-07
6240.2, -2.054e-07
6242.2, -2.0546e-07
6244.2, -2.0552e-07
6246.2, -2.0558e-07
6248.2, -2.0564e-07
6250.2, -2.057e-07
6252.2, -2.0576e-07
6254.2, -2.0581e-07
6256.2, -2.0588e-07
6258.3, -2.0594e-07
6260.3, -2.06e-07
6262.3, -2.0606e-07
6264.3, -2.0612e-07
6266.3, -2.0618e-07
6268.3, -2.0624e-07
6270.3, -2.063e-07
6272.3, -2.0635e-07
6274.3, -2.0641e-07
6276.3, -2.0647e-07
6278.3, -2.0653e-07
6280.3, -2.0659e-07
6282.3, -2.0665e-07
6284.3, -2.0671e-07
6286.3, -2.0678e-07
6288.3, -2.0685e-07
6290.3, -2.0691e-07
6292.3, -2.0698e-07
6294.3, -2.0704e-07
6296.3, -2.0711e-07
6298.3, -2.0717e-07
6300.3, -2.0724e-07
6302.3, -2.073e-07
6304.3, -2.0737e-07
6306.3, -2.0744e-07
6308.3, -2.075e-07
6310.3, -2.0756e-07
6312.3, -2.0762e-07
6314.3, -2.0768e-07
6316.3, -2.0774e-07
6318.3, -2.078e-07
6320.3, -2.0787e-07
6322.3, -2.0794e-07
6324.3, -2.08e-07
6326.3, -2.0807e-07
6328.3, -2.0814e-07
6330.3, -2.0822e-07
6332.3, -2.0828e-07
6334.3, -2.0835e-07
6336.3, -2.0842e-07
6338.3, -2.0848e-07
6340.3, -2.0854e-07
6342.3, -2.0859e-07
6344.3, -2.0866e-07
6346.3, -2.0872e-07
6348.3, -2.0878e-07
6350.3, -2.0885e-07
6352.3, -2.0892e-07
6354.3, -2.0898e-07
6356.3, -2.0904e-07
6358.4, -2.091e-07
6360.4, -2.0916e-07
6362.4, -2.0923e-07
6364.4, -2.0929e-07
6366.4, -2.0936e-07
6368.4, -2.0942e-07
6370.4, -2.0948e-07
6372.4, -2.0955e-07
6374.4, -2.0961e-07
6376.4, -2.0967e-07
6378.4, -2.0974e-07
6380.4, -2.0981e-07
6382.4, -2.0987e-07
6384.4, -2.0993e-07
6386.4, -2.1e-07
6388.4, -2.1006e-07
6390.4, -2.1013e-07
6392.4, -2.102e-07
6394.4, -2.1026e-07
6396.4, -2.1033e-07
6398.4, -2.1038e-07
6400.4, -2.1045e-07
6402.4, -2.1051e-07
6404.4, -2.1058e-07
6406.4, -2.1064e-07
6408.4, -2.1071e-07
6410.4, -2.1077e-07
6412.4, -2.1083e-07
6414.4, -2.109e-07
6416.4, -2.1096e-07
6418.4, -2.1102e-07
6420.4, -2.1108e-07
6422.4, -2.1114e-07
6424.4, -2.112e-07
6426.4, -2.1126e-07
6428.4, -2.1133e-07
6430.4, -2.1139e-07
6432.4, -2.1145e-07
6434.4, -2.1151e-07
6436.4, -2.1157e-07
6438.4, -2.1163e-07
6440.4, -2.1169e-07
6442.4, -2.1176e-07
6444.4, -2.1181e-07
6446.4, -2.1188e-07
6448.4, -2.1194e-07
6450.4, -2.12e-07
6452.4, -2.1207e-07
6454.4, -2.1213e-07
6456.4, -2.1219e-07
6458.5, -2.1225e-07
6460.5, -2.1231e-07
6462.5, -2.1237e-07
6464.5, -2.1244e-07
6466.5, -2.125e-07
6468.5, -2.1256e-07
6470.5, -2.1263e-07
6472.5, -2.127e-07
6474.5, -2.1276e-07
6476.5, -2.1282e-07
6478.5, -2.1288e-07
6480.5, -2.1294e-07
6482.5, -2.1299e-07
6484.5, -2.1306e-07
6486.5, -2.1312e-07
6488.5, -2.1318e-07
6490.5, -2.1324e-07
6492.5, -2.1331e-07
6494.5, -2.1337e-07
6496.5, -2.1344e-07
6498.5, -2.135e-07
6500.5, -2.1357e-07
6502.5, -2.1364e-07
6504.5, -2.137e-07
6506.5, -2.1377e-07
6508.5, -2.1383e-07
6510.5, -2.139e-07
6512.5, -2.1396e-07
6514.5, -2.1403e-07
6516.5, -2.1409e-07
6518.5, -2.1415e-07
6520.5, -2.1422e-07
6522.5, -2.1428e-07
6524.5, -2.1435e-07
6526.5, -2.144e-07
6528.5, -2.1447e-07
6530.5, -2.1454e-07
6532.5, -2.146e-07
6534.5, -2.1467e-07
6536.5, -2.1473e-07
6538.5, -2.148e-07
6540.5, -2.1486e-07
6542.5, -2.1493e-07
6544.5, -2.15e-07
6546.5, -2.1507e-07
6548.5, -2.1513e-07
6550.5, -2.1519e-07
6552.5, -2.1526e-07
6554.5, -2.1532e-07
6556.5, -2.1538e-07
6558.6, -2.1544e-07
6560.6, -2.1551e-07
6562.6, -2.1557e-07
6564.6, -2.1564e-07
6566.6, -2.1571e-07
6568.6, -2.1577e-07
6570.6, -2.1583e-07
6572.6, -2.159e-07
6574.6, -2.1597e-07
6576.6, -2.1604e-07
6578.6, -2.1611e-07
6580.6, -2.1617e-07
6582.6, -2.1624e-07
6584.6, -2.1631e-07
6586.6, -2.1638e-07
6588.6, -2.1645e-07
6590.6, -2.1652e-07
6592.6, -2.1659e-07
6594.6, -2.1666e-07
6596.6, -2.1673e-07
6598.6, -2.168e-07
6600.6, -2.1687e-07
6602.6, -2.1694e-07
6604.6, -2.1701e-07
6606.6, -2.1709e-07
6608.6, -2.1716e-07
6610.6, -2.1723e-07
6612.6, -2.1729e-07
6614.6, -2.1736e-07
6616.6, -2.1743e-07
6618.6, -2.175e-07
6620.6, -2.1757e-07
6622.6, -2.1763e-07
6624.6, -2.177e-07
6626.6, -2.1778e-07
6628.6, -2.1785e-07
6630.6, -2.1791e-07
6632.6, -2.1797e-07
6634.6, -2.1804e-07
6636.6, -2.1811e-07
6638.6, -2.1816e-07
6640.6, -2.1823e-07
6642.6, -2.1829e-07
6644.6, -2.1835e-07
6646.6, -2.1841e-07
6648.6, -2.1848e-07
6650.6, -2.1854e-07
6652.6, -2.186e-07
6654.6, -2.1867e-07
6656.6, -2.1874e-07
6658.7, -2.1881e-07
6660.7, -2.1888e-07
6662.7, -2.1895e-07
6664.7, -2.1902e-07
6666.7, -2.1909e-07
6668.7, -2.1916e-07
6670.7, -2.1922e-07
6672.7, -2.1929e-07
6674.7, -2.1936e-07
6676.7, -2.1942e-07
6678.7, -2.1949e-07
6680.7, -2.1955e-07
6682.7, -2.1962e-07
6684.7, -2.1969e-07
6686.7, -2.1976e-07
6688.7, -2.1983e-07
6690.7, -2.199e-07
6692.7, -2.1996e-07
6694.7, -2.2002e-07
6696.7, -2.2008e-07
6698.7, -2.2013e-07
6700.7, -2.2019e-07
6702.7, -2.2025e-07
6704.7, -2.2031e-07
6706.7, -2.2037e-07
6708.7, -2.2044e-07
6710.7, -2.205e-07
6712.7, -2.2056e-07
6714.7, -2.2062e-07
6716.7, -2.2068e-07
6718.7, -2.2075e-07
6720.7, -2.2081e-07
6722.7, -2.2087e-07
6724.7, -2.2093e-07
6726.7, -2.2099e-07
6728.7, -2.2106e-07
6730.7, -2.2112e-07
6732.7, -2.2118e-07
6734.7, -2.2124e-07
6736.7, -2.213e-07
6738.7, -2.2136e-07
6740.7, -2.2143e-07
6742.7, -2.215e-07
6744.7, -2.2156e-07
6746.7, -2.2162e-07
6748.7, -2.2168e-07
6750.7, -2.2175e-07
6752.7, -2.2182e-07
6754.7, -2.2189e-07
6756.7, -2.2196e-07
6758.8, -2.2204e-07
6760.8, -2.221e-07
6762.8, -2.2216e-07
6764.8, -2.2222e-07
6766.8, -2.2229e-07
6768.8, -2.2235e-07
6770.8, -2.224e-07
6772.8, -2.2247e-07
6774.8, -2.2253e-07
6776.8, -2.2259e-07
6778.8, -2.2265e-07
6780.8, -2.2272e-07
6782.8, -2.2279e-07
6784.8, -2.2286e-07
6786.8, -2.2293e-07
6788.8, -2.23e-07
6790.8, -2.2306e-07
6792.8, -2.2313e-07
6794.8, -2.232e-07
6796.8, -2.2326e-07
6798.8, -2.2333e-07
6800.8, -2.2339e-07
6802.8, -2.2346e-07
6804.8, -2.2353e-07
6806.8, -2.236e-07
6808.8, -2.2366e-07
6810.8, -2.2372e-07
6812.8, -2.2379e-07
6814.8, -2.2386e-07
6816.8, -2.2392e-07
6818.8, -2.2399e-07
6820.8, -2.2407e-07
6822.8, -2.2413e-07
6824.8, -2.242e-07
6826.8, -2.2427e-07
6828.8, -2.2433e-07
6830.8, -2.2439e-07
6832.8, -2.2446e-07
6834.8, -2.2453e-07
6836.8, -2.246e-07
6838.8, -2.2467e-07
6840.8, -2.2474e-07
6842.8, -2.248e-07
6844.8, -2.2486e-07
6846.8, -2.2492e-07
6848.8, -2.2498e-07
6850.8, -2.2504e-07
6852.8, -2.251e-07
6854.8, -2.2516e-07
6856.8, -2.2521e-07
6858.9, -2.2527e-07
6860.9, -2.2533e-07
6862.9, -2.2538e-07
6864.9, -2.2544e-07
6866.9, -2.255e-07
6868.9, -2.2556e-07
6870.9, -2.2562e-07
6872.9, -2.2568e-07
6874.9, -2.2573e-07
6876.9, -2.2579e-07
6878.9, -2.2584e-07
6880.9, -2.2591e-07
6882.9, -2.2597e-07
6884.9, -2.2603e-07
6886.9, -2.2609e-07
6888.9, -2.2615e-07
6890.9, -2.262e-07
6892.9, -2.2626e-07
6894.9, -2.2632e-07
6896.9, -2.2639e-07
6898.9, -2.2645e-07
6900.9, -2.2651e-07
6902.9, -2.2657e-07
6904.9, -2.2663e-07
6906.9, -2.267e-07
6908.9, -2.2676e-07
6910.9, -2.2681e-07
6912.9, -2.2687e-07
6914.9, -2.2692e-07
6916.9, -2.2698e-07
6918.9, -2.2702e-07
6920.9, -2.2709e-07
6922.9, -2.2714e-07
6924.9, -2.272e-07
6926.9, -2.2725e-07
6928.9, -2.2731e-07
6930.9, -2.2737e-07
6932.9, -2.2743e-07
6934.9, -2.2748e-07
6936.9, -2.2754e-07
6938.9, -2.276e-07
6940.9, -2.2765e-07
6942.9, -2.2771e-07
6944.9, -2.2777e-07
6946.9, -2.2783e-07
6948.9, -2.2789e-07
6950.9, -2.2795e-07
6952.9, -2.2801e-07
6954.9, -2.2807e-07
6956.9, -2.2813e-07
6959.0, -2.2819e-07
6961.0, -2.2825e-07
6963.0, -2.2831e-07
6965.0, -2.2837e-07
6967.0, -2.2843e-07
6969.0, -2.2848e-07
6971.0, -2.2855e-07
6973.0, -2.2861e-07
6975.0, -2.2867e-07
6977.0, -2.2873e-07
6979.0, -2.2878e-07
6981.0, -2.2884e-07
6983.0, -2.289e-07
6985.0, -2.2897e-07
6987.0, -2.2903e-07
6989.0, -2.2908e-07
6991.0, -2.2914e-07
6993.0, -2.292e-07
6995.0, -2.2926e-07
6997.0, -2.2932e-07
6999.0, -2.2938e-07
7001.0, -2.2944e-07
7003.0, -2.295e-07
7005.0, -2.2956e-07
7007.0, -2.2962e-07
7009.0, -2.2968e-07
7011.0, -2.2974e-07
7013.0, -2.298e-07
7015.0, -2.2986e-07
7017.0, -2.2992e-07
7019.0, -2.2999e-07
7021.0, -2.3005e-07
7023.0, -2.3011e-07
7025.0, -2.3018e-07
7027.0, -2.3024e-07
7029.0, -2.303e-07
7031.0, -2.3037e-07
7033.0, -2.3043e-07
7035.0, -2.3049e-07
7037.0, -2.3055e-07
7039.0, -2.3061e-07
7041.0, -2.3067e-07
7043.0, -2.3073e-07
7045.0, -2.3079e-07
7047.0, -2.3086e-07
7049.0, -2.3092e-07
7051.0, -2.3098e-07
7053.0, -2.3104e-07
7055.0, -2.3111e-07
7057.0, -2.3116e-07
7059.1, -2.3123e-07
7061.1, -2.3129e-07
7063.1, -2.3135e-07
7065.1, -2.3142e-07
7067.1, -2.3148e-07
7069.1, -2.3154e-07
7071.1, -2.316e-07
7073.1, -2.3166e-07
7075.1, -2.3171e-07
7077.1, -2.3177e-07
7079.1, -2.3183e-07
7081.1, -2.3189e-07
7083.1, -2.3195e-07
7085.1, -2.3201e-07
7087.1, -2.3207e-07
7089.1, -2.3212e-07
7091.1, -2.3218e-07
7093.1, -2.3224e-07
7095.1, -2.323e-07
7097.1, -2.3236e-07
7099.1, -2.3242e-07
7101.1, -2.3248e-07
7103.1, -2.3253e-07
7105.1, -2.3259e-07
7107.1, -2.3265e-07
7109.1, -2.3272e-07
7111.1, -2.3278e-07
7113.1, -2.3284e-07
7115.1, -2.329e-07
7117.1, -2.3296e-07
7119.1, -2.3302e-07
7121.1, -2.3309e-07
7123.1, -2.3315e-07
7125.1, -2.3321e-07
7127.1, -2.3328e-07
7129.1, -2.3334e-07
7131.1, -2.334e-07
7133.1, -2.3347e-07
7135.1, -2.3353e-07
7137.1, -2.3359e-07
7139.1, -2.3366e-07
7141.1, -2.3372e-07
7143.1, -2.3379e-07
7145.1, -2.3386e-07
7147.1, -2.3392e-07
7149.1, -2.3399e-07
7151.1, -2.3405e-07
7153.1, -2.3412e-07
7155.1, -2.3418e-07
7157.1, -2.3425e-07
7159.2, -2.3432e-07
7161.2, -2.3439e-07
7163.2, -2.3446e-07
7165.2, -2.3453e-07
7167.2, -2.346e-07
7169.2, -2.3466e-07
7171.2, -2.3473e-07
7173.2, -2.3479e-07
7175.2, -2.3485e-07
7177.2, -2.3492e-07
7179.2, -2.3497e-07
7181.2, -2.3503e-07
7183.2, -2.351e-07
7185.2, -2.3516e-07
7187.2, -2.3522e-07
7189.2, -2.3529e-07
7191.2, -2.3535e-07
7193.2, -2.3541e-07
7195.2, -2.3548e-07
7197.2, -2.3554e-07
7199.2, -2.356e-07
7201.2, -2.3566e-07
7203.2, -2.3572e-07
7205.2, -2.3578e-07
7207.2, -2.3584e-07
7209.2, -2.3591e-07
7211.2, -2.3597e-07
7213.2, -2.3603e-07
7215.2, -2.361e-07
7217.2, -2.3616e-07
7219.2, -2.3622e-07
7221.2, -2.3628e-07
7223.2, -2.3635e-07
7225.2, -2.3641e-07
7227.2, -2.3647e-07
7229.2, -2.3654e-07
7231.2, -2.3661e-07
7233.2, -2.3668e-07
7235.2, -2.3674e-07
7237.2, -2.3681e-07
7239.2, -2.3687e-07
7241.2, -2.3693e-07
7243.2, -2.3699e-07
7245.2, -2.3705e-07
7247.2, -2.3711e-07
7249.2, -2.3716e-07
7251.2, -2.3721e-07
7253.2, -2.3727e-07
7255.2, -2.3733e-07
7257.2, -2.3739e-07
7259.3, -2.3745e-07
7261.3, -2.3751e-07
7263.3, -2.3757e-07
7265.3, -2.3764e-07
7267.3, -2.377e-07
7269.3, -2.3777e-07
7271.3, -2.3783e-07
7273.3, -2.3788e-07
7275.3, -2.3794e-07
7277.3, -2.3799e-07
7279.3, -2.3805e-07
7281.3, -2.3811e-07
7283.3, -2.3816e-07
7285.3, -2.3822e-07
7287.3, -2.3827e-07
7289.3, -2.3832e-07
7291.3, -2.3838e-07
7293.3, -2.3844e-07
7295.3, -2.385e-07
7297.3, -2.3856e-07
7299.3, -2.3861e-07
7301.3, -2.3867e-07
7303.3, -2.3872e-07
7305.3, -2.3879e-07
7307.3, -2.3885e-07
7309.3, -2.389e-07
7311.3, -2.3896e-07
7313.3, -2.3902e-07
7315.3, -2.3908e-07
7317.3, -2.3913e-07
7319.3, -2.3919e-07
7321.3, -2.3926e-07
7323.3, -2.3932e-07
7325.3, -2.3938e-07
7327.3, -2.3944e-07
7329.3, -2.395e-07
7331.3, -2.3957e-07
7333.3, -2.3963e-07
7335.3, -2.3968e-07
7337.3, -2.3974e-07
7339.3, -2.398e-07
7341.3, -2.3985e-07
7343.3, -2.3991e-07
7345.3, -2.3997e-07
7347.3, -2.4002e-07
7349.3, -2.4008e-07
7351.3, -2.4014e-07
7353.3, -2.402e-07
7355.3, -2.4025e-07
7357.3, -2.4031e-07
7359.4, -2.4036e-07
7361.4, -2.4042e-07
7363.4, -2.4048e-07
7365.4, -2.4053e-07
7367.4, -2.4059e-07
7369.4, -2.4065e-07
7371.4, -2.4071e-07
7373.4, -2.4077e-07
7375.4, -2.4083e-07
7377.4, -2.4089e-07
7379.4, -2.4095e-07
7381.4, -2.4101e-07
7383.4, -2.4108e-07
7385.4, -2.4114e-07
7387.4, -2.412e-07
7389.4, -2.4126e-07
7391.4, -2.4131e-07
7393.4, -2.4137e-07
7395.4, -2.4143e-07
7397.4, -2.415e-07
7399.4, -2.4156e-07
7401.4, -2.4162e-07
7403.4, -2.4168e-07
7405.4, -2.4174e-07
7407.4, -2.4179e-07
7409.4, -2.4185e-07
7411.4, -2.419e-07
7413.4, -2.4196e-07
7415.4, -2.4201e-07
7417.4, -2.4207e-07
7419.4, -2.4212e-07
7421.4, -2.4218e-07
7423.4, -2.4224e-07
7425.4, -2.423e-07
7427.4, -2.4235e-07
7429.4, -2.4241e-07
7431.4, -2.4246e-07
7433.4, -2.4251e-07
7435.4, -2.4257e-07
7437.4, -2.4262e-07
7439.4, -2.4268e-07
7441.4, -2.4273e-07
7443.4, -2.4279e-07
7445.4, -2.4285e-07
7447.4, -2.429e-07
7449.4, -2.4295e-07
7451.4, -2.4299e-07
7453.4, -2.4304e-07
7455.4, -2.431e-07
7457.4, -2.4315e-07
7459.5, -2.432e-07
7461.5, -2.4326e-07
7463.5, -2.4332e-07
7465.5, -2.4337e-07
7467.5, -2.4342e-07
7469.5, -2.4347e-07
7471.5, -2.4353e-07
7473.5, -2.4358e-07
7475.5, -2.4363e-07
7477.5, -2.4369e-07
7479.5, -2.4375e-07
7481.5, -2.4381e-07
7483.5, -2.4386e-07
7485.5, -2.4392e-07
7487.5, -2.4398e-07
7489.5, -2.4403e-07
7491.5, -2.4408e-07
7493.5, -2.4414e-07
7495.5, -2.442e-07
7497.5, -2.4426e-07
7499.5, -2.4431e-07
7501.5, -2.4437e-07
7503.5, -2.4442e-07
7505.5, -2.4447e-07
7507.5, -2.4453e-07
7509.5, -2.4458e-07
7511.5, -2.4463e-07
7513.5, -2.4468e-07
7515.5, -2.4474e-07
7517.5, -2.448e-07
7519.5, -2.4487e-07
7521.5, -2.4493e-07
7523.5, -2.4499e-07
7525.5, -2.4505e-07
7527.5, -2.4511e-07
7529.5, -2.4517e-07
7531.5, -2.4523e-07
7533.5, -2.4529e-07
7535.5, -2.4534e-07
7537.5, -2.454e-07
7539.5, -2.4545e-07
7541.5, -2.4551e-07
7543.5, -2.4557e-07
7545.5, -2.4563e-07
7547.5, -2.4568e-07
7549.5, -2.4574e-07
7551.5, -2.458e-07
7553.5, -2.4586e-07
7555.5, -2.4592e-07
7557.5, -2.4598e-07
7559.6, -2.4604e-07
7561.6, -2.461e-07
7563.6, -2.4616e-07
7565.6, -2.4622e-07
7567.6, -2.4627e-07
7569.6, -2.4632e-07
7571.6, -2.4638e-07
7573.6, -2.4644e-07
7575.6, -2.465e-07
7577.6, -2.4655e-07
7579.6, -2.4661e-07
7581.6, -2.4666e-07
7583.6, -2.4671e-07
7585.6, -2.4677e-07
7587.6, -2.4683e-07
7589.6, -2.4688e-07
7591.6, -2.4693e-07
7593.6, -2.4698e-07
7595.6, -2.4704e-07
7597.6, -2.4709e-07
7599.6, -2.4715e-07
7601.6, -2.472e-07
7603.6, -2.4725e-07
7605.6, -2.473e-07
7607.6, -2.4735e-07
7609.6, -2.474e-07
7611.6, -2.4746e-07
7613.6, -2.4751e-07
7615.6, -2.4756e-07
7617.6, -2.4761e-07
7619.6, -2.4766e-07
7621.6, -2.4772e-07
7623.6, -2.4778e-07
7625.6, -2.4782e-07
7627.6, -2.4788e-07
7629.6, -2.4793e-07
7631.6, -2.4798e-07
7633.6, -2.4804e-07
7635.6, -2.4809e-07
7637.6, -2.4814e-07
7639.6, -2.482e-07
7641.6, -2.4825e-07
7643.6, -2.483e-07
7645.6, -2.4836e-07
7647.6, -2.4841e-07
7649.6, -2.4847e-07
7651.6, -2.4853e-07
7653.6, -2.4858e-07
7655.6, -2.4864e-07
7657.6, -2.4869e-07
7659.7, -2.4875e-07
7661.7, -2.488e-07
7663.7, -2.4886e-07
7665.7, -2.4892e-07
7667.7, -2.4898e-07
7669.7, -2.4903e-07
7671.7, -2.491e-07
7673.7, -2.4916e-07
7675.7, -2.4921e-07
7677.7, -2.4927e-07
7679.7, -2.4933e-07
7681.7, -2.4939e-07
7683.7, -2.4946e-07
7685.7, -2.4952e-07
7687.7, -2.4958e-07
7689.7, -2.4963e-07
7691.7, -2.4969e-07
7693.7, -2.4974e-07
7695.7, -2.4979e-07
7697.7, -2.4985e-07
7699.7, -2.499e-07
7701.7, -2.4995e-07
7703.7, -2.5001e-07
7705.7, -2.5007e-07
7707.7, -2.5013e-07
7709.7, -2.5019e-07
7711.7, -2.5024e-07
7713.7, -2.503e-07
7715.7, -2.5035e-07
7717.7, -2.5041e-07
7719.7, -2.5047e-07
7721.7, -2.5052e-07
7723.7, -2.5057e-07
7725.7, -2.5063e-07
7727.7, -2.5069e-07
7729.7, -2.5075e-07
7731.7, -2.5081e-07
7733.7, -2.5087e-07
7735.7, -2.5092e-07
7737.7, -2.5098e-07
7739.7, -2.5104e-07
7741.7, -2.511e-07
7743.7, -2.5115e-07
7745.7, -2.5121e-07
7747.7, -2.5126e-07
7749.7, -2.5132e-07
7751.7, -2.5137e-07
7753.7, -2.5143e-07
7755.7, -2.5149e-07
7757.7, -2.5154e-07
7759.8, -2.5159e-07
7761.8, -2.5165e-07
7763.8, -2.517e-07
7765.8, -2.5176e-07
7767.8, -2.5181e-07
7769.8, -2.5186e-07
7771.8, -2.5191e-07
7773.8, -2.5197e-07
7775.8, -2.5203e-07
7777.8, -2.5209e-07
7779.8, -2.5215e-07
7781.8, -2.522e-07
7783.8, -2.5226e-07
7785.8, -2.5233e-07
7787.8, -2.5238e-07
7789.8, -2.5244e-07
7791.8, -2.5249e-07
7793.8, -2.5255e-07
7795.8, -2.526e-07
7797.8, -2.5265e-07
7799.8, -2.5271e-07
7801.8, -2.5276e-07
7803.8, -2.5282e-07
7805.8, -2.5288e-07
7807.8, -2.5294e-07
7809.8, -2.5299e-07
7811.8, -2.5304e-07
7813.8, -2.531e-07
7815.8, -2.5317e-07
7817.8, -2.5323e-07
7819.8, -2.5328e-07
7821.8, -2.5334e-07
7823.8, -2.534e-07
7825.8, -2.5346e-07
7827.8, -2.5352e-07
7829.8, -2.5357e-07
7831.8, -2.5362e-07
7833.8, -2.5368e-07
7835.8, -2.5373e-07
7837.8, -2.5379e-07
7839.8, -2.5384e-07
7841.8, -2.539e-07
7843.8, -2.5396e-07
7845.8, -2.5403e-07
7847.8, -2.541e-07
7849.8, -2.5417e-07
7851.8, -2.5423e-07
7853.8, -2.5429e-07
7855.8, -2.5435e-07
7857.8, -2.5441e-07
7859.9, -2.5446e-07
7861.9, -2.5452e-07
7863.9, -2.5459e-07
7865.9, -2.5466e-07
7867.9, -2.5473e-07
7869.9, -2.548e-07
7871.9, -2.5487e-07
7873.9, -2.5494e-07
7875.9, -2.5501e-07
7877.9, -2.5508e-07
7879.9, -2.5514e-07
7881.9, -2.5521e-07
7883.9, -2.5527e-07
7885.9, -2.5533e-07
7887.9, -2.5539e-07
7889.9, -2.5546e-07
7891.9, -2.5553e-07
7893.9, -2.556e-07
7895.9, -2.5567e-07
7897.9, -2.5573e-07
7899.9, -2.558e-07
7901.9, -2.5587e-07
7903.9, -2.5594e-07
7905.9, -2.56e-07
7907.9, -2.5607e-07
7909.9, -2.5614e-07
7911.9, -2.5621e-07
7913.9, -2.5627e-07
7915.9, -2.5634e-07
7917.9, -2.564e-07
7919.9, -2.5647e-07
7921.9, -2.5653e-07
7923.9, -2.5659e-07
7925.9, -2.5665e-07
7927.9, -2.5671e-07
7929.9, -2.5677e-07
7931.9, -2.5684e-07
7933.9, -2.569e-07
7935.9, -2.5695e-07
7937.9, -2.5701e-07
7939.9, -2.5707e-07
7941.9, -2.5712e-07
7943.9, -2.5718e-07
7945.9, -2.5724e-07
7947.9, -2.573e-07
7949.9, -2.5735e-07
7951.9, -2.5741e-07
7953.9, -2.5747e-07
7955.9, -2.5753e-07
7957.9, -2.5759e-07
7960.0, -2.5764e-07
7962.0, -2.577e-07
7964.0, -2.5776e-07
7966.0, -2.5781e-07
7968.0, -2.5787e-07
7970.0, -2.5793e-07
7972.0, -2.5799e-07
7974.0, -2.5805e-07
7976.0, -2.5811e-07
7978.0, -2.5817e-07
7980.0, -2.5822e-07
7982.0, -2.5828e-07
7984.0, -2.5833e-07
7986.0, -2.5839e-07
7988.0, -2.5845e-07
7990.0, -2.5852e-07
7992.0, -2.5858e-07
7994.0, -2.5864e-07
7996.0, -2.587e-07
7998.0, -2.5876e-07
8000.0, -2.5883e-07
8002.0, -2.5889e-07
8004.0, -2.5895e-07
8006.0, -2.5902e-07
8008.0, -2.5908e-07
8010.0, -2.5914e-07
8012.0, -2.592e-07
8014.0, -2.5926e-07
8016.0, -2.5932e-07
8018.0, -2.5939e-07
8020.0, -2.5945e-07
8022.0, -2.5951e-07
8024.0, -2.5957e-07
8026.0, -2.5963e-07
8028.0, -2.597e-07
8030.0, -2.5976e-07
8032.0, -2.5983e-07
8034.0, -2.5989e-07
8036.0, -2.5996e-07
8038.0, -2.6002e-07
8040.0, -2.6009e-07
8042.0, -2.6015e-07
8044.0, -2.6022e-07
8046.0, -2.6029e-07
8048.0, -2.6036e-07
8050.0, -2.6042e-07
8052.0, -2.6049e-07
8054.0, -2.6057e-07
8056.0, -2.6064e-07
8058.0, -2.6071e-07
8060.1, -2.6078e-07
8062.1, -2.6084e-07
8064.1, -2.6091e-07
8066.1, -2.6098e-07
8068.1, -2.6105e-07
8070.1, -2.6112e-07
8072.1, -2.6119e-07
8074.1, -2.6126e-07
8076.1, -2.6134e-07
8078.1, -2.614e-07
8080.1, -2.6147e-07
8082.1, -2.6154e-07
8084.1, -2.6161e-07
8086.1, -2.6169e-07
8088.1, -2.6176e-07
8090.1, -2.6183e-07
8092.1, -2.619e-07
8094.1, -2.6197e-07
8096.1, -2.6205e-07
8098.1, -2.6211e-07
8100.1, -2.6219e-07
8102.1, -2.6225e-07
8104.1, -2.6233e-07
8106.1, -2.6241e-07
8108.1, -2.6248e-07
8110.1, -2.6255e-07
8112.1, -2.6262e-07
8114.1, -2.6269e-07
8116.1, -2.6277e-07
8118.1, -2.6285e-07
8120.1, -2.6292e-07
8122.1, -2.63e-07
8124.1, -2.6308e-07
8126.1, -2.6316e-07
8128.1, -2.6323e-07
8130.1, -2.633e-07
8132.1, -2.6337e-07
8134.1, -2.6344e-07
8136.1, -2.6351e-07
8138.1, -2.6358e-07
8140.1, -2.6365e-07
8142.1, -2.6372e-07
8144.1, -2.6379e-07
8146.1, -2.6386e-07
8148.1, -2.6392e-07
8150.1, -2.64e-07
8152.1, -2.6407e-07
8154.1, -2.6414e-07
8156.1, -2.6421e-07
8158.1, -2.6429e-07
8160.2, -2.6436e-07
8162.2, -2.6444e-07
8164.2, -2.6451e-07
8166.2, -2.6458e-07
8168.2, -2.6466e-07
8170.2, -2.6473e-07
8172.2, -2.648e-07
8174.2, -2.6487e-07
8176.2, -2.6494e-07
8178.2, -2.65e-07
8180.2, -2.6507e-07
8182.2, -2.6514e-07
8184.2, -2.6521e-07
8186.2, -2.6527e-07
8188.2, -2.6534e-07
8190.2, -2.6541e-07
8192.2, -2.6547e-07
8194.2, -2.6554e-07
8196.2, -2.6561e-07
8198.2, -2.6567e-07
8200.2, -2.6574e-07
8202.2, -2.6581e-07
8204.2, -2.6588e-07
8206.2, -2.6596e-07
8208.2, -2.6603e-07
8210.2, -2.661e-07
8212.2, -2.6617e-07
8214.2, -2.6624e-07
8216.2, -2.6631e-07
8218.2, -2.6638e-07
8220.2, -2.6645e-07
8222.2, -2.6652e-07
8224.2, -2.6659e-07
8226.2, -2.6666e-07
8228.2, -2.6673e-07
8230.2, -2.668e-07
8232.2, -2.6686e-07
8234.2, -2.6694e-07
8236.2, -2.67e-07
8238.2, -2.6706e-07
8240.2, -2.6713e-07
8242.2, -2.6719e-07
8244.2, -2.6725e-07
8246.2, -2.6731e-07
8248.2, -2.6737e-07
8250.2, -2.6743e-07
8252.2, -2.675e-07
8254.2, -2.6757e-07
8256.2, -2.6764e-07
8258.2, -2.6771e-07
8260.3, -2.6778e-07
8262.3, -2.6785e-07
8264.3, -2.6792e-07
8266.3, -2.6799e-07
8268.3, -2.6806e-07
8270.3, -2.6813e-07
8272.3, -2.682e-07
8274.3, -2.6826e-07
8276.3, -2.6833e-07
8278.3, -2.684e-07
8280.3, -2.6847e-07
8282.3, -2.6854e-07
8284.3, -2.686e-07
8286.3, -2.6868e-07
8288.3, -2.6875e-07
8290.3, -2.6882e-07
8292.3, -2.6889e-07
8294.3, -2.6896e-07
8296.3, -2.6903e-07
8298.3, -2.691e-07
8300.3, -2.6917e-07
8302.3, -2.6924e-07
8304.3, -2.6932e-07
8306.3, -2.6939e-07
8308.3, -2.6946e-07
8310.3, -2.6953e-07
8312.3, -2.696e-07
8314.3, -2.6966e-07
8316.3, -2.6973e-07
8318.3, -2.698e-07
8320.3, -2.6986e-07
8322.3, -2.6993e-07
8324.3, -2.7e-07
8326.3, -2.7006e-07
8328.3, -2.7013e-07
8330.3, -2.7019e-07
8332.3, -2.7025e-07
8334.3, -2.7032e-07
8336.3, -2.7038e-07
8338.3, -2.7044e-07
8340.3, -2.7051e-07
8342.3, -2.7059e-07
8344.3, -2.7065e-07
8346.3, -2.7072e-07
8348.3, -2.7079e-07
8350.3, -2.7087e-07
8352.3, -2.7093e-07
8354.3, -2.71e-07
8356.3, -2.7107e-07
8358.3, -2.7114e-07
8360.4, -2.712e-07
8362.4, -2.7126e-07
8364.4, -2.7133e-07
8366.4, -2.7139e-07
8368.4, -2.7146e-07
8370.4, -2.7153e-07
8372.4, -2.7159e-07
8374.4, -2.7166e-07
8376.4, -2.7173e-07
8378.4, -2.7179e-07
8380.4, -2.7185e-07
8382.4, -2.7192e-07
8384.4, -2.7199e-07
8386.4, -2.7205e-07
8388.4, -2.7212e-07
8390.4, -2.7218e-07
8392.4, -2.7225e-07
8394.4, -2.7232e-07
8396.4, -2.7239e-07
8398.4, -2.7245e-07
8400.4, -2.7252e-07
8402.4, -2.7259e-07
8404.4, -2.7265e-07
8406.4, -2.7272e-07
8408.4, -2.7279e-07
8410.4, -2.7285e-07
8412.4, -2.7292e-07
8414.4, -2.7299e-07
8416.4, -2.7306e-07
8418.4, -2.7313e-07
8420.4, -2.732e-07
8422.4, -2.7327e-07
8424.4, -2.7334e-07
8426.4, -2.734e-07
8428.4, -2.7348e-07
8430.4, -2.7355e-07
8432.4, -2.7362e-07
8434.4, -2.737e-07
8436.4, -2.7377e-07
8438.4, -2.7384e-07
8440.4, -2.7392e-07
8442.4, -2.7399e-07
8444.4, -2.7407e-07
8446.4, -2.7414e-07
8448.4, -2.7421e-07
8450.4, -2.7428e-07
8452.4, -2.7435e-07
8454.4, -2.7442e-07
8456.4, -2.7449e-07
8458.4, -2.7456e-07
8460.5, -2.7464e-07
8462.5, -2.7471e-07
8464.5, -2.7478e-07
8466.5, -2.7484e-07
8468.5, -2.7491e-07
8470.5, -2.7498e-07
8472.5, -2.7505e-07
8474.5, -2.7513e-07
8476.5, -2.752e-07
8478.5, -2.7526e-07
8480.5, -2.7533e-07
8482.5, -2.754e-07
8484.5, -2.7547e-07
8486.5, -2.7554e-07
8488.5, -2.756e-07
8490.5, -2.7567e-07
8492.5, -2.7574e-07
8494.5, -2.758e-07
8496.5, -2.7587e-07
8498.5, -2.7593e-07
8500.5, -2.76e-07
8502.5, -2.7607e-07
8504.5, -2.7614e-07
8506.5, -2.7621e-07
8508.5, -2.7629e-07
8510.5, -2.7637e-07
8512.5, -2.7644e-07
8514.5, -2.7651e-07
8516.5, -2.7658e-07
8518.5, -2.7665e-07
8520.5, -2.7672e-07
8522.5, -2.768e-07
8524.5, -2.7687e-07
8526.5, -2.7694e-07
8528.5, -2.77e-07
8530.5, -2.7707e-07
8532.5, -2.7714e-07
8534.5, -2.772e-07
8536.5, -2.7727e-07
8538.5, -2.7734e-07
8540.5, -2.7741e-07
8542.5, -2.7747e-07
8544.5, -2.7755e-07
8546.5, -2.7762e-07
8548.5, -2.7769e-07
8550.5, -2.7776e-07
8552.5, -2.7783e-07
8554.5, -2.7791e-07
8556.5, -2.7798e-07
8558.5, -2.7805e-07
8560.6, -2.7812e-07
8562.6, -2.7818e-07
8564.6, -2.7825e-07
8566.6, -2.7833e-07
8568.6, -2.7839e-07
8570.6, -2.7845e-07
8572.6, -2.7852e-07
8574.6, -2.7859e-07
8576.6, -2.7866e-07
8578.6, -2.7873e-07
8580.6, -2.7879e-07
8582.6, -2.7886e-07
8584.6, -2.7893e-07
8586.6, -2.79e-07
8588.6, -2.7907e-07
8590.6, -2.7914e-07
8592.6, -2.7921e-07
8594.6, -2.7929e-07
8596.6, -2.7936e-07
8598.6, -2.7943e-07
8600.6, -2.795e-07
8602.6, -2.7957e-07
8604.6, -2.7964e-07
8606.6, -2.7971e-07
8608.6, -2.7978e-07
8610.6, -2.7984e-07
8612.6, -2.7992e-07
8614.6, -2.7999e-07
8616.6, -2.8005e-07
8618.6, -2.8012e-07
8620.6, -2.8018e-07
8622.6, -2.8026e-07
8624.6, -2.8033e-07
8626.6, -2.8039e-07
8628.6, -2.8046e-07
8630.6, -2.8053e-07
8632.6, -2.806e-07
8634.6, -2.8067e-07
8636.6, -2.8073e-07
8638.6, -2.808e-07
8640.6, -2.8087e-07
8642.6, -2.8095e-07
8644.6, -2.8102e-07
8646.6, -2.8108e-07
8648.6, -2.8115e-07
8650.6, -2.8121e-07
8652.6, -2.8128e-07
8654.6, -2.8135e-07
8656.6, -2.8142e-07
8658.6, -2.8149e-07
8660.7, -2.8156e-07
8662.7, -2.8163e-07
8664.7, -2.817e-07
8666.7, -2.8177e-07
8668.7, -2.8183e-07
8670.7, -2.8189e-07
8672.7, -2.8195e-07
8674.7, -2.8201e-07
8676.7, -2.8208e-07
8678.7, -2.8214e-07
8680.7, -2.822e-07
8682.7, -2.8227e-07
8684.7, -2.8233e-07
8686.7, -2.8239e-07
8688.7, -2.8246e-07
8690.7, -2.8253e-07
8692.7, -2.8259e-07
8694.7, -2.8266e-07
8696.7, -2.8272e-07
8698.7, -2.8278e-07
8700.7, -2.8284e-07
8702.7, -2.8291e-07
8704.7, -2.8298e-07
8706.7, -2.8306e-07
8708.7, -2.8313e-07
8710.7, -2.8319e-07
8712.7, -2.8326e-07
8714.7, -2.8333e-07
8716.7, -2.834e-07
8718.7, -2.8347e-07
8720.7, -2.8355e-07
8722.7, -2.8362e-07
8724.7, -2.8369e-07
8726.7, -2.8376e-07
8728.7, -2.8382e-07
8730.7, -2.8388e-07
8732.7, -2.8394e-07
8734.7, -2.84e-07
8736.7, -2.8407e-07
8738.7, -2.8414e-07
8740.7, -2.8421e-07
8742.7, -2.8427e-07
8744.7, -2.8433e-07
8746.7, -2.8439e-07
8748.7, -2.8446e-07
8750.7, -2.8453e-07
8752.7, -2.846e-07
8754.7, -2.8468e-07
8756.7, -2.8475e-07
8758.7, -2.8481e-07
8760.8, -2.8488e-07
8762.8, -2.8495e-07
8764.8, -2.8503e-07
8766.8, -2.851e-07
8768.8, -2.8517e-07
8770.8, -2.8524e-07
8772.8, -2.8531e-07
8774.8, -2.8538e-07
8776.8, -2.8545e-07
8778.8, -2.8552e-07
8780.8, -2.8559e-07
8782.8, -2.8565e-07
8784.8, -2.8573e-07
8786.8, -2.8579e-07
8788.8, -2.8586e-07
8790.8, -2.8592e-07
8792.8, -2.8599e-07
8794.8, -2.8605e-07
8796.8, -2.8612e-07
8798.8, -2.8619e-07
8800.8, -2.8625e-07
8802.8, -2.8633e-07
8804.8, -2.8639e-07
8806.8, -2.8646e-07
8808.8, -2.8653e-07
8810.8, -2.866e-07
8812.8, -2.8667e-07
8814.8, -2.8674e-07
8816.8, -2.8681e-07
8818.8, -2.8688e-07
8820.8, -2.8695e-07
8822.8, -2.8702e-07
8824.8, -2.8709e-07
8826.8, -2.8716e-07
8828.8, -2.8723e-07
8830.8, -2.873e-07
8832.8, -2.8737e-07
8834.8, -2.8744e-07
8836.8, -2.8751e-07
8838.8, -2.8758e-07
8840.8, -2.8765e-07
8842.8, -2.8771e-07
8844.8, -2.8777e-07
8846.8, -2.8784e-07
8848.8, -2.879e-07
8850.8, -2.8796e-07
8852.8, -2.8803e-07
8854.8, -2.881e-07
8856.8, -2.8816e-07
8858.8, -2.8822e-07
8860.9, -2.8828e-07
8862.9, -2.8835e-07
8864.9, -2.8841e-07
8866.9, -2.8848e-07
8868.9, -2.8855e-07
8870.9, -2.8862e-07
8872.9, -2.8869e-07
8874.9, -2.8875e-07
8876.9, -2.8882e-07
8878.9, -2.8889e-07
8880.9, -2.8896e-07
8882.9, -2.8903e-07
8884.9, -2.8911e-07
8886.9, -2.8918e-07
8888.9, -2.8925e-07
8890.9, -2.8932e-07
8892.9, -2.8938e-07
8894.9, -2.8945e-07
8896.9, -2.8953e-07
8898.9, -2.896e-07
8900.9, -2.8967e-07
8902.9, -2.8974e-07
8904.9, -2.8981e-07
8906.9, -2.8988e-07
8908.9, -2.8995e-07
8910.9, -2.9003e-07
8912.9, -2.901e-07
8914.9, -2.9018e-07
8916.9, -2.9025e-07
8918.9, -2.9033e-07
8920.9, -2.904e-07
8922.9, -2.9048e-07
8924.9, -2.9056e-07
8926.9, -2.9064e-07
8928.9, -2.9072e-07
8930.9, -2.9079e-07
8932.9, -2.9086e-07
8934.9, -2.9094e-07
8936.9, -2.9101e-07
8938.9, -2.9108e-07
8940.9, -2.9115e-07
8942.9, -2.9122e-07
8944.9, -2.9129e-07
8946.9, -2.9136e-07
8948.9, -2.9142e-07
8950.9, -2.9149e-07
8952.9, -2.9156e-07
8954.9, -2.9162e-07
8956.9, -2.9169e-07
8958.9, -2.9176e-07
8961.0, -2.9183e-07
8963.0, -2.919e-07
8965.0, -2.9198e-07
8967.0, -2.9205e-07
8969.0, -2.9211e-07
8971.0, -2.9217e-07
8973.0, -2.9223e-07
8975.0, -2.923e-07
8977.0, -2.9237e-07
8979.0, -2.9244e-07
8981.0, -2.925e-07
8983.0, -2.9256e-07
8985.0, -2.9262e-07
8987.0, -2.9268e-07
8989.0, -2.9274e-07
8991.0, -2.9281e-07
8993.0, -2.9288e-07
8995.0, -2.9295e-07
8997.0, -2.9301e-07
8999.0, -2.9307e-07
9001.0, -2.9313e-07
9003.0, -2.932e-07
9005.0, -2.9326e-07
9007.0, -2.9333e-07
9009.0, -2.9339e-07
9011.0, -2.9346e-07
9013.0, -2.9352e-07
9015.0, -2.9359e-07
9017.0, -2.9365e-07
9019.0, -2.9372e-07
9021.0, -2.9379e-07
9023.0, -2.9385e-07
9025.0, -2.9393e-07
9027.0, -2.94e-07
9029.0, -2.9406e-07
9031.0, -2.9412e-07
9033.0, -2.9418e-07
9035.0, -2.9425e-07
9037.0, -2.9432e-07
9039.0, -2.9438e-07
9041.0, -2.9445e-07
9043.0, -2.9452e-07
9045.0, -2.9459e-07
9047.0, -2.9466e-07
9049.0, -2.9474e-07
9051.0, -2.9481e-07
9053.0, -2.9488e-07
9055.0, -2.9495e-07
9057.0, -2.9502e-07
9059.0, -2.9508e-07
9061.1, -2.9515e-07
9063.1, -2.9522e-07
9065.1, -2.9529e-07
9067.1, -2.9536e-07
9069.1, -2.9543e-07
9071.1, -2.955e-07
9073.1, -2.9557e-07
9075.1, -2.9564e-07
9077.1, -2.9571e-07
9079.1, -2.9578e-07
9081.1, -2.9585e-07
9083.1, -2.9593e-07
9085.1, -2.96e-07
9087.1, -2.9608e-07
9089.1, -2.9615e-07
9091.1, -2.9622e-07
9093.1, -2.9629e-07
9095.1, -2.9637e-07
9097.1, -2.9645e-07
9099.1, -2.9653e-07
9101.1, -2.966e-07
9103.1, -2.9668e-07
9105.1, -2.9675e-07
9107.1, -2.9682e-07
9109.1, -2.9689e-07
9111.1, -2.9696e-07
9113.1, -2.9702e-07
9115.1, -2.9709e-07
9117.1, -2.9715e-07
9119.1, -2.9722e-07
9121.1, -2.9729e-07
9123.1, -2.9735e-07
9125.1, -2.9742e-07
9127.1, -2.9748e-07
9129.1, -2.9755e-07
9131.1, -2.9761e-07
9133.1, -2.9768e-07
9135.1, -2.9774e-07
9137.1, -2.9781e-07
9139.1, -2.9788e-07
9141.1, -2.9795e-07
9143.1, -2.9801e-07
9145.1, -2.9809e-07
9147.1, -2.9816e-07
9149.1, -2.9823e-07
9151.1, -2.983e-07
9153.1, -2.9837e-07
9155.1, -2.9843e-07
9157.1, -2.985e-07
9159.1, -2.9857e-07
9161.2, -2.9864e-07
9163.2, -2.987e-07
9165.2, -2.9877e-07
9167.2, -2.9884e-07
9169.2, -2.989e-07
9171.2, -2.9897e-07
9173.2, -2.9903e-07
9175.2, -2.991e-07
9177.2, -2.9916e-07
9179.2, -2.9923e-07
9181.2, -2.993e-07
9183.2, -2.9936e-07
9185.2, -2.9943e-07
9187.2, -2.9949e-07
9189.2, -2.9956e-07
9191.2, -2.9962e-07
9193.2, -2.9969e-07
9195.2, -2.9975e-07
9197.2, -2.9982e-07
9199.2, -2.9989e-07
9201.2, -2.9996e-07
9203.2, -3.0002e-07
9205.2, -3.0009e-07
9207.2, -3.0015e-07
9209.2, -3.0022e-07
9211.2, -3.0028e-07
9213.2, -3.0034e-07
9215.2, -3.004e-07
9217.2, -3.0047e-07
9219.2, -3.0054e-07
9221.2, -3.0061e-07
9223.2, -3.0067e-07
9225.2, -3.0074e-07
9227.2, -3.0081e-07
9229.2, -3.0088e-07
9231.2, -3.0095e-07
9233.2, -3.0102e-07
9235.2, -3.0108e-07
9237.2, -3.0115e-07
9239.2, -3.0121e-07
9241.2, -3.0127e-07
9243.2, -3.0133e-07
9245.2, -3.014e-07
9247.2, -3.0146e-07
9249.2, -3.0153e-07
9251.2, -3.016e-07
9253.2, -3.0168e-07
9255.2, -3.0174e-07
9257.2, -3.0181e-07
9259.2, -3.0187e-07
9261.3, -3.0194e-07
9263.3, -3.0201e-07
9265.3, -3.0208e-07
9267.3, -3.0216e-07
9269.3, -3.0223e-07
9271.3, -3.0231e-07
9273.3, -3.0239e-07
9275.3, -3.0246e-07
9277.3, -3.0254e-07
9279.3, -3.0261e-07
9281.3, -3.0268e-07
9283.3, -3.0275e-07
9285.3, -3.0282e-07
9287.3, -3.029e-07
9289.3, -3.0297e-07
9291.3, -3.0304e-07
9293.3, -3.0312e-07
9295.3, -3.0319e-07
9297.3, -3.0326e-07
9299.3, -3.0333e-07
9301.3, -3.034e-07
9303.3, -3.0347e-07
9305.3, -3.0355e-07
9307.3, -3.0363e-07
9309.3, -3.037e-07
9311.3, -3.0377e-07
9313.3, -3.0383e-07
9315.3, -3.039e-07
9317.3, -3.0397e-07
9319.3, -3.0404e-07
9321.3, -3.0411e-07
9323.3, -3.0419e-07
9325.3, -3.0426e-07
9327.3, -3.0434e-07
9329.3, -3.0441e-07
9331.3, -3.0448e-07
9333.3, -3.0455e-07
9335.3, -3.0462e-07
9337.3, -3.0469e-07
9339.3, -3.0476e-07
9341.3, -3.0482e-07
9343.3, -3.0489e-07
9345.3, -3.0496e-07
9347.3, -3.0503e-07
9349.3, -3.051e-07
9351.3, -3.0517e-07
9353.3, -3.0525e-07
9355.3, -3.0532e-07
9357.3, -3.054e-07
9359.3, -3.0547e-07
9361.4, -3.0554e-07
9363.4, -3.0561e-07
9365.4, -3.0568e-07
9367.4, -3.0575e-07
9369.4, -3.0581e-07
9371.4, -3.0588e-07
9373.4, -3.0594e-07
9375.4, -3.0601e-07
9377.4, -3.0607e-07
9379.4, -3.0614e-07
9381.4, -3.0621e-07
9383.4, -3.0628e-07
9385.4, -3.0636e-07
9387.4, -3.0643e-07
9389.4, -3.065e-07
9391.4, -3.0656e-07
9393.4, -3.0663e-07
9395.4, -3.067e-07
9397.4, -3.0677e-07
9399.4, -3.0684e-07
9401.4, -3.0691e-07
9403.4, -3.0699e-07
9405.4, -3.0706e-07
9407.4, -3.0714e-07
9409.4, -3.0722e-07
9411.4, -3.0729e-07
9413.4, -3.0736e-07
9415.4, -3.0743e-07
9417.4, -3.0749e-07
9419.4, -3.0756e-07
9421.4, -3.0764e-07
9423.4, -3.0771e-07
9425.4, -3.0778e-07
9427.4, -3.0786e-07
9429.4, -3.0793e-07
9431.4, -3.0801e-07
9433.4, -3.0808e-07
9435.4, -3.0816e-07
9437.4, -3.0823e-07
9439.4, -3.0831e-07
9441.4, -3.0839e-07
9443.4, -3.0847e-07
9445.4, -3.0854e-07
9447.4, -3.0861e-07
9449.4, -3.0868e-07
9451.4, -3.0875e-07
9453.4, -3.0883e-07
9455.4, -3.0889e-07
9457.4, -3.0896e-07
9459.4, -3.0902e-07
9461.5, -3.0909e-07
9463.5, -3.0917e-07
9465.5, -3.0925e-07
9467.5, -3.0932e-07
9469.5, -3.094e-07
9471.5, -3.0948e-07
9473.5, -3.0955e-07
9475.5, -3.0963e-07
9477.5, -3.0972e-07
9479.5, -3.0979e-07
9481.5, -3.0987e-07
9483.5, -3.0995e-07
9485.5, -3.1003e-07
9487.5, -3.101e-07
9489.5, -3.1018e-07
9491.5, -3.1025e-07
9493.5, -3.1033e-07
9495.5, -3.104e-07
9497.5, -3.1047e-07
9499.5, -3.1053e-07
9501.5, -3.106e-07
9503.5, -3.1066e-07
9505.5, -3.1073e-07
9507.5, -3.108e-07
9509.5, -3.1087e-07
9511.5, -3.1094e-07
9513.5, -3.1101e-07
9515.5, -3.1108e-07
9517.5, -3.1115e-07
9519.5, -3.1122e-07
9521.5, -3.1128e-07
9523.5, -3.1135e-07
9525.5, -3.1142e-07
9527.5, -3.1149e-07
9529.5, -3.1156e-07
9531.5, -3.1162e-07
9533.5, -3.117e-07
9535.5, -3.1177e-07
9537.5, -3.1184e-07
9539.5, -3.1191e-07
9541.5, -3.1198e-07
9543.5, -3.1205e-07
9545.5, -3.1212e-07
9547.5, -3.1219e-07
9549.5, -3.1227e-07
9551.5, -3.1235e-07
9553.5, -3.1244e-07
9555.5, -3.1252e-07
9557.5, -3.1259e-07
9559.5, -3.1266e-07
9561.6, -3.1274e-07
9563.6, -3.1282e-07
9565.6, -3.1289e-07
9567.6, -3.1297e-07
9569.6, -3.1304e-07
9571.6, -3.1311e-07
9573.6, -3.1319e-07
9575.6, -3.1327e-07
9577.6, -3.1335e-07
9579.6, -3.1343e-07
9581.6, -3.1351e-07
9583.6, -3.1358e-07
9585.6, -3.1366e-07
9587.6, -3.1373e-07
9589.6, -3.138e-07
9591.6, -3.1388e-07
9593.6, -3.1396e-07
9595.6, -3.1403e-07
9597.6, -3.1411e-07
9599.6, -3.1418e-07
9601.6, -3.1425e-07
9603.6, -3.1433e-07
9605.6, -3.1441e-07
9607.6, -3.1449e-07
9609.6, -3.1457e-07
9611.6, -3.1465e-07
9613.6, -3.1472e-07
9615.6, -3.148e-07
9617.6, -3.1486e-07
9619.6, -3.1494e-07
9621.6, -3.1501e-07
9623.6, -3.1508e-07
9625.6, -3.1516e-07
9627.6, -3.1523e-07
9629.6, -3.1531e-07
9631.6, -3.1537e-07
9633.6, -3.1544e-07
9635.6, -3.1552e-07
9637.6, -3.156e-07
9639.6, -3.1566e-07
9641.6, -3.1574e-07
9643.6, -3.1581e-07
9645.6, -3.1588e-07
9647.6, -3.1595e-07
9649.6, -3.1603e-07
9651.6, -3.161e-07
9653.6, -3.1618e-07
9655.6, -3.1625e-07
9657.6, -3.1632e-07
9659.6, -3.1639e-07
9661.7, -3.1646e-07
9663.7, -3.1653e-07
9665.7, -3.1659e-07
9667.7, -3.1667e-07
9669.7, -3.1674e-07
9671.7, -3.1681e-07
9673.7, -3.1688e-07
9675.7, -3.1695e-07
9677.7, -3.1702e-07
9679.7, -3.1709e-07
9681.7, -3.1715e-07
9683.7, -3.1723e-07
9685.7, -3.173e-07
9687.7, -3.1738e-07
9689.7, -3.1746e-07
9691.7, -3.1754e-07
9693.7, -3.1761e-07
9695.7, -3.1768e-07
9697.7, -3.1775e-07
9699.7, -3.1782e-07
9701.7, -3.179e-07
9703.7, -3.1797e-07
9705.7, -3.1804e-07
9707.7, -3.1811e-07
9709.7, -3.1818e-07
9711.7, -3.1825e-07
9713.7, -3.1832e-07
9715.7, -3.1839e-07
9717.7, -3.1845e-07
9719.7, -3.1853e-07
9721.7, -3.186e-07
9723.7, -3.1867e-07
9725.7, -3.1874e-07
9727.7, -3.1881e-07
9729.7, -3.1888e-07
9731.7, -3.1895e-07
9733.7, -3.1902e-07
9735.7, -3.191e-07
9737.7, -3.1916e-07
9739.7, -3.1923e-07
9741.7, -3.193e-07
9743.7, -3.1937e-07
9745.7, -3.1943e-07
9747.7, -3.195e-07
9749.7, -3.1957e-07
9751.7, -3.1964e-07
9753.7, -3.1971e-07
9755.7, -3.1978e-07
9757.7, -3.1985e-07
9759.7, -3.1993e-07
9761.8, -3.1999e-07
9763.8, -3.2006e-07
9765.8, -3.2014e-07
9767.8, -3.2021e-07
9769.8, -3.2027e-07
9771.8, -3.2034e-07
9773.8, -3.2041e-07
9775.8, -3.2048e-07
9777.8, -3.2055e-07
9779.8, -3.2062e-07
9781.8, -3.2069e-07
9783.8, -3.2075e-07
9785.8, -3.2082e-07
9787.8, -3.2089e-07
9789.8, -3.2096e-07
9791.8, -3.2102e-07
9793.8, -3.2109e-07
9795.8, -3.2117e-07
9797.8, -3.2124e-07
9799.8, -3.2132e-07
9801.8, -3.2139e-07
9803.8, -3.2145e-07
9805.8, -3.2152e-07
9807.8, -3.2158e-07
9809.8, -3.2165e-07
9811.8, -3.2172e-07
9813.8, -3.2179e-07
9815.8, -3.2186e-07
9817.8, -3.2194e-07
9819.8, -3.2201e-07
9821.8, -3.2209e-07
9823.8, -3.2216e-07
9825.8, -3.2223e-07
9827.8, -3.223e-07
9829.8, -3.2238e-07
9831.8, -3.2245e-07
9833.8, -3.2252e-07
9835.8, -3.2258e-07
9837.8, -3.2266e-07
9839.8, -3.2274e-07
9841.8, -3.2281e-07
9843.8, -3.2288e-07
9845.8, -3.2295e-07
9847.8, -3.2303e-07
9849.8, -3.231e-07
9851.8, -3.2317e-07
9853.8, -3.2325e-07
9855.8, -3.2332e-07
9857.8, -3.234e-07
9859.8, -3.2347e-07
9861.9, -3.2354e-07
9863.9, -3.2361e-07
9865.9, -3.2368e-07
9867.9, -3.2374e-07
9869.9, -3.2381e-07
9871.9, -3.2388e-07
9873.9, -3.2395e-07
9875.9, -3.2402e-07
9877.9, -3.2408e-07
9879.9, -3.2415e-07
9881.9, -3.2421e-07
9883.9, -3.2429e-07
9885.9, -3.2436e-07
9887.9, -3.2443e-07
9889.9, -3.245e-07
9891.9, -3.2457e-07
9893.9, -3.2464e-07
9895.9, -3.2472e-07
9897.9, -3.2479e-07
9899.9, -3.2486e-07
9901.9, -3.2494e-07
9903.9, -3.2501e-07
9905.9, -3.2508e-07
9907.9, -3.2514e-07
9909.9, -3.2521e-07
9911.9, -3.2529e-07
9913.9, -3.2536e-07
9915.9, -3.2542e-07
9917.9, -3.2549e-07
9919.9, -3.2556e-07
9921.9, -3.2563e-07
9923.9, -3.2569e-07
9925.9, -3.2576e-07
9927.9, -3.2583e-07
9929.9, -3.2591e-07
9931.9, -3.2597e-07
9933.9, -3.2604e-07
9935.9, -3.2611e-07
9937.9, -3.2619e-07
9939.9, -3.2626e-07
9941.9, -3.2633e-07
9943.9, -3.2639e-07
9945.9, -3.2646e-07
9947.9, -3.2654e-07
9949.9, -3.2661e-07
9951.9, -3.2668e-07
9953.9, -3.2676e-07
9955.9, -3.2684e-07
9957.9, -3.2692e-07
9959.9, -3.27e-07
9962.0, -3.2707e-07
9964.0, -3.2715e-07
9966.0, -3.2723e-07
9968.0, -3.273e-07
9970.0, -3.2737e-07
9972.0, -3.2745e-07
9974.0, -3.2752e-07
9976.0, -3.2759e-07
9978.0, -3.2766e-07
9980.0, -3.2773e-07
9982.0, -3.2781e-07
9984.0, -3.2788e-07
9986.0, -3.2795e-07
9988.0, -3.2803e-07
9990.0, -3.2811e-07
9992.0, -3.2818e-07
9994.0, -3.2826e-07
9996.0, -3.2833e-07
9998.0, -3.2841e-07
10000.0, -3.2848e-07
10002.0, -3.2856e-07
10004.0, -3.2863e-07
10006.0, -3.2871e-07
10008.0, -3.2878e-07
10010.0, -3.2885e-07
10012.0, -3.2892e-07
10014.0, -3.29e-07
10016.0, -3.2907e-07
10018.0, -3.2914e-07
10020.0, -3.2921e-07
10022.0, -3.2927e-07
10024.0, -3.2933e-07
10026.0, -3.2939e-07
10028.0, -3.2945e-07
10030.0, -3.2951e-07
10032.0, -3.2957e-07
10034.0, -3.2964e-07
10036.0, -3.297e-07
10038.0, -3.2977e-07
10040.0, -3.2984e-07
10042.0, -3.2991e-07
10044.0, -3.2998e-07
10046.0, -3.3004e-07
10048.0, -3.3011e-07
10050.0, -3.3017e-07
10052.0, -3.3024e-07
10054.0, -3.303e-07
10056.0, -3.3037e-07
10058.0, -3.3044e-07
10060.0, -3.3051e-07
10062.0, -3.3058e-07
10064.0, -3.3065e-07
10066.0, -3.3072e-07
10068.0, -3.308e-07
10070.0, -3.3086e-07
10072.0, -3.3093e-07
10074.0, -3.31e-07
10076.0, -3.3108e-07
10078.0, -3.3115e-07
10080.0, -3.3122e-07
10082.0, -3.313e-07
10084.0, -3.3136e-07
10086.0, -3.3143e-07
10088.0, -3.3151e-07
10090.0, -3.3158e-07
10092.0, -3.3164e-07
10094.0, -3.3171e-07
10096.0, -3.3177e-07
10098.0, -3.3183e-07
10100.0, -3.319e-07
10102.0, -3.3197e-07
10104.0, -3.3204e-07
10106.0, -3.321e-07
10108.0, -3.3217e-07
10110.0, -3.3224e-07
10112.0, -3.3231e-07
10114.0, -3.3238e-07
10116.0, -3.3244e-07
10118.0, -3.325e-07
10120.0, -3.3257e-07
10122.0, -3.3263e-07
10124.0, -3.3271e-07
10126.0, -3.3278e-07
10128.0, -3.3285e-07
10130.0, -3.3291e-07
10132.0, -3.3298e-07
10134.0, -3.3306e-07
10136.0, -3.3312e-07
10138.0, -3.332e-07
10140.0, -3.3327e-07
10142.0, -3.3334e-07
10144.0, -3.3341e-07
10146.0, -3.3349e-07
10148.0, -3.3356e-07
10150.0, -3.3363e-07
10152.0, -3.337e-07
10154.0, -3.3377e-07
10156.0, -3.3384e-07
10158.0, -3.3391e-07
10160.0, -3.3398e-07
10162.0, -3.3406e-07
10164.0, -3.3414e-07
10166.0, -3.3421e-07
10168.0, -3.3428e-07
10170.0, -3.3435e-07
10172.0, -3.3443e-07
10174.0, -3.3451e-07
10176.0, -3.3458e-07
10178.0, -3.3465e-07
10180.0, -3.3473e-07
10182.0, -3.348e-07
10184.0, -3.3487e-07
10186.0, -3.3495e-07
10188.0, -3.3502e-07
10190.0, -3.3509e-07
10192.0, -3.3516e-07
10194.0, -3.3523e-07
10196.0, -3.353e-07
10198.0, -3.3537e-07
10200.0, -3.3544e-07
10202.0, -3.3551e-07
10204.0, -3.3557e-07
10206.0, -3.3564e-07
10208.0, -3.357e-07
10210.0, -3.3577e-07
10212.0, -3.3583e-07
10214.0, -3.359e-07
10216.0, -3.3597e-07
10218.0, -3.3604e-07
10220.0, -3.361e-07
10222.0, -3.3617e-07
10224.0, -3.3623e-07
10226.0, -3.3629e-07
10228.0, -3.3635e-07
10230.0, -3.3642e-07
10232.0, -3.3649e-07
10234.0, -3.3655e-07
10236.0, -3.3662e-07
10238.0, -3.3668e-07
10240.0, -3.3675e-07
10242.0, -3.3681e-07
10244.0, -3.3687e-07
10246.0, -3.3694e-07
10248.0, -3.37e-07
10250.0, -3.3707e-07
10252.0, -3.3713e-07
10254.0, -3.3719e-07
10256.0, -3.3726e-07
10258.0, -3.3733e-07
10260.0, -3.3739e-07
10262.0, -3.3746e-07
10264.0, -3.3753e-07
10266.0, -3.376e-07
10268.0, -3.3767e-07
10270.0, -3.3774e-07
10272.0, -3.3782e-07
10274.0, -3.3789e-07
10276.0, -3.3796e-07
10278.0, -3.3803e-07
10280.0, -3.3809e-07
10282.0, -3.3816e-07
10284.0, -3.3823e-07
10286.0, -3.383e-07
10288.0, -3.3837e-07
10290.0, -3.3843e-07
10292.0, -3.385e-07
10294.0, -3.3856e-07
10296.0, -3.3862e-07
10298.0, -3.3869e-07
10300.0, -3.3876e-07
10302.0, -3.3883e-07
10304.0, -3.389e-07
10306.0, -3.3898e-07
10308.0, -3.3905e-07
10310.0, -3.3913e-07
10312.0, -3.392e-07
10314.0, -3.3927e-07
10316.0, -3.3934e-07
10318.0, -3.3941e-07
10320.0, -3.3947e-07
10322.0, -3.3954e-07
10324.0, -3.3961e-07
10326.0, -3.3969e-07
10328.0, -3.3976e-07
10330.0, -3.3983e-07
10332.0, -3.3991e-07
10334.0, -3.3998e-07
10336.0, -3.4006e-07
10338.0, -3.4013e-07
10340.0, -3.402e-07
10342.0, -3.4027e-07
10344.0, -3.4035e-07
10346.0, -3.4042e-07
10348.0, -3.405e-07
10350.0, -3.4057e-07
10352.0, -3.4064e-07
10354.0, -3.4072e-07
10356.0, -3.4079e-07
10358.0, -3.4086e-07
10360.0, -3.4094e-07
10362.0, -3.4101e-07
10364.0, -3.4108e-07
10366.0, -3.4115e-07
10368.0, -3.4122e-07
10370.0, -3.4129e-07
10372.0, -3.4136e-07
10374.0, -3.4143e-07
10376.0, -3.415e-07
10378.0, -3.4157e-07
10380.0, -3.4164e-07
10382.0, -3.4172e-07
10384.0, -3.4179e-07
10386.0, -3.4186e-07
10388.0, -3.4194e-07
10390.0, -3.4201e-07
10392.0, -3.4208e-07
10394.0, -3.4215e-07
10396.0, -3.4222e-07
10398.0, -3.423e-07
10400.0, -3.4236e-07
10402.0, -3.4243e-07
10404.0, -3.425e-07
10406.0, -3.4258e-07
10408.0, -3.4265e-07
10410.0, -3.4272e-07
10412.0, -3.4279e-07
10414.0, -3.4287e-07
10416.0, -3.4295e-07
10418.0, -3.4302e-07
10420.0, -3.431e-07
10422.0, -3.4317e-07
10424.0, -3.4324e-07
10426.0, -3.4332e-07
10428.0, -3.434e-07
10430.0, -3.4348e-07
10432.0, -3.4356e-07
10434.0, -3.4363e-07
10436.0, -3.437e-07
10438.0, -3.4377e-07
10440.0, -3.4385e-07
10442.0, -3.4393e-07
10444.0, -3.44e-07
10446.0, -3.4408e-07
10448.0, -3.4416e-07
10450.0, -3.4424e-07
10452.0, -3.4432e-07
10454.0, -3.4439e-07
10456.0, -3.4447e-07
10458.0, -3.4454e-07
10460.0, -3.4461e-07
10462.0, -3.4469e-07
10464.0, -3.4476e-07
10466.0, -3.4483e-07
10468.0, -3.4491e-07
10470.0, -3.4498e-07
10472.0, -3.4506e-07
10474.0, -3.4513e-07
10476.0, -3.4521e-07
10478.0, -3.4528e-07
10480.0, -3.4536e-07
10482.0, -3.4544e-07
10484.0, -3.4552e-07
10486.0, -3.4559e-07
10488.0, -3.4567e-07
10490.0, -3.4574e-07
10492.0, -3.4582e-07
10494.0, -3.4589e-07
10496.0, -3.4597e-07
10498.0, -3.4605e-07
10500.0, -3.4613e-07
10502.0, -3.4621e-07
10504.0, -3.4629e-07
10506.0, -3.4637e-07
10508.0, -3.4645e-07
10510.0, -3.4653e-07
10513.0, -3.4662e-07
10515.0, -3.467e-07
10517.0, -3.4678e-07
10519.0, -3.4685e-07
10521.0, -3.4693e-07
10523.0, -3.4701e-07
10525.0, -3.4709e-07
10527.0, -3.4717e-07
10529.0, -3.4726e-07
10531.0, -3.4734e-07
10533.0, -3.4743e-07
10535.0, -3.4752e-07
10537.0, -3.476e-07
10539.0, -3.4768e-07
10541.0, -3.4777e-07
10543.0, -3.4785e-07
10545.0, -3.4793e-07
10547.0, -3.4801e-07
10549.0, -3.481e-07
10551.0, -3.4818e-07
10553.0, -3.4826e-07
10555.0, -3.4835e-07
10557.0, -3.4842e-07
10559.0, -3.485e-07
10561.0, -3.4858e-07
10563.0, -3.4866e-07
10565.0, -3.4874e-07
10567.0, -3.4882e-07
10569.0, -3.489e-07
10571.0, -3.4898e-07
10573.0, -3.4906e-07
10575.0, -3.4914e-07
10577.0, -3.4922e-07
10579.0, -3.493e-07
10581.0, -3.4938e-07
10583.0, -3.4946e-07
10585.0, -3.4953e-07
10587.0, -3.4961e-07
10589.0, -3.4969e-07
10591.0, -3.4976e-07
10593.0, -3.4983e-07
10595.0, -3.4991e-07
10597.0, -3.4999e-07
10599.0, -3.5006e-07
10601.0, -3.5014e-07
10603.0, -3.5021e-07
10605.0, -3.5028e-07
10607.0, -3.5036e-07
10609.0, -3.5044e-07
10611.0, -3.5052e-07
10613.0, -3.5059e-07
10615.0, -3.5066e-07
10617.0, -3.5073e-07
10619.0, -3.5081e-07
10621.0, -3.5089e-07
10623.0, -3.5096e-07
10625.0, -3.5103e-07
10627.0, -3.511e-07
10629.0, -3.5117e-07
10631.0, -3.5124e-07
10633.0, -3.513e-07
10635.0, -3.5137e-07
10637.0, -3.5144e-07
10639.0, -3.5151e-07
10641.0, -3.5158e-07
10643.0, -3.5165e-07
10645.0, -3.5172e-07
10647.0, -3.518e-07
10649.0, -3.5187e-07
10651.0, -3.5194e-07
10653.0, -3.5201e-07
10655.0, -3.5208e-07
10657.0, -3.5215e-07
10659.0, -3.5223e-07
10661.0, -3.5231e-07
10663.0, -3.5239e-07
10665.0, -3.5247e-07
10667.0, -3.5254e-07
10669.0, -3.5262e-07
10671.0, -3.5269e-07
10673.0, -3.5276e-07
10675.0, -3.5283e-07
10677.0, -3.5291e-07
10679.0, -3.5298e-07
10681.0, -3.5306e-07
10683.0, -3.5313e-07
10685.0, -3.532e-07
10687.0, -3.5327e-07
10689.0, -3.5334e-07
10691.0, -3.5341e-07
10693.0, -3.5347e-07
10695.0, -3.5353e-07
10697.0, -3.5361e-07
10699.0, -3.5368e-07
10701.0, -3.5375e-07
10703.0, -3.5381e-07
10705.0, -3.5389e-07
10707.0, -3.5395e-07
10709.0, -3.5402e-07
10711.0, -3.5409e-07
10713.0, -3.5416e-07
10715.0, -3.5423e-07
10717.0, -3.5431e-07
10719.0, -3.5437e-07
10721.0, -3.5444e-07
10723.0, -3.5452e-07
10725.0, -3.5459e-07
10727.0, -3.5466e-07
10729.0, -3.5473e-07
10731.0, -3.548e-07
10733.0, -3.5487e-07
10735.0, -3.5494e-07
10737.0, -3.5502e-07
10739.0, -3.5509e-07
10741.0, -3.5517e-07
10743.0, -3.5525e-07
10745.0, -3.5532e-07
10747.0, -3.5539e-07
10749.0, -3.5547e-07
10751.0, -3.5555e-07
10753.0, -3.5563e-07
10755.0, -3.5571e-07
10757.0, -3.5578e-07
10759.0, -3.5585e-07
10761.0, -3.5593e-07
10763.0, -3.5601e-07
10765.0, -3.5608e-07
10767.0, -3.5616e-07
10769.0, -3.5623e-07
10771.0, -3.563e-07
10773.0, -3.5638e-07
10775.0, -3.5645e-07
10777.0, -3.5652e-07
10779.0, -3.566e-07
10781.0, -3.5667e-07
10783.0, -3.5674e-07
10785.0, -3.5681e-07
10787.0, -3.5688e-07
10789.0, -3.5695e-07
10791.0, -3.5702e-07
10793.0, -3.571e-07
10795.0, -3.5717e-07
10797.0, -3.5725e-07
10799.0, -3.5732e-07
10801.0, -3.5739e-07
10803.0, -3.5746e-07
10805.0, -3.5752e-07
10807.0, -3.5759e-07
10809.0, -3.5766e-07
10811.0, -3.5772e-07
10813.0, -3.5778e-07
10815.0, -3.5786e-07
10817.0, -3.5792e-07
10819.0, -3.5799e-07
10821.0, -3.5806e-07
10823.0, -3.5813e-07
10825.0, -3.582e-07
10827.0, -3.5827e-07
10829.0, -3.5833e-07
10831.0, -3.5839e-07
10833.0, -3.5845e-07
10835.0, -3.5852e-07
10837.0, -3.5859e-07
10839.0, -3.5865e-07
10841.0, -3.5872e-07
10843.0, -3.5879e-07
10845.0, -3.5886e-07
10847.0, -3.5893e-07
10849.0, -3.59e-07
10851.0, -3.5907e-07
10853.0, -3.5914e-07
10855.0, -3.5921e-07
10857.0, -3.5928e-07
10859.0, -3.5935e-07
10861.0, -3.5942e-07
10863.0, -3.5949e-07
10865.0, -3.5955e-07
10867.0, -3.5962e-07
10869.0, -3.5968e-07
10871.0, -3.5975e-07
10873.0, -3.5982e-07
10875.0, -3.599e-07
10877.0, -3.5997e-07
10879.0, -3.6004e-07
10881.0, -3.601e-07
10883.0, -3.6018e-07
10885.0, -3.6025e-07
10887.0, -3.6033e-07
10889.0, -3.604e-07
10891.0, -3.6047e-07
10893.0, -3.6053e-07
10895.0, -3.606e-07
10897.0, -3.6067e-07
10899.0, -3.6074e-07
10901.0, -3.6081e-07
10903.0, -3.6088e-07
10905.0, -3.6095e-07
10907.0, -3.6101e-07
10909.0, -3.6108e-07
10911.0, -3.6116e-07
10913.0, -3.6122e-07
10915.0, -3.6129e-07
10917.0, -3.6135e-07
10919.0, -3.6142e-07
10921.0, -3.6149e-07
10923.0, -3.6156e-07
10925.0, -3.6163e-07
10927.0, -3.617e-07
10929.0, -3.6178e-07
10931.0, -3.6185e-07
10933.0, -3.6192e-07
10935.0, -3.6199e-07
10937.0, -3.6206e-07
10939.0, -3.6212e-07
10941.0, -3.6219e-07
10943.0, -3.6226e-07
10945.0, -3.6233e-07
10947.0, -3.624e-07
10949.0, -3.6248e-07
10951.0, -3.6256e-07
10953.0, -3.6263e-07
10955.0, -3.6271e-07
10957.0, -3.6279e-07
10959.0, -3.6286e-07
10961.0, -3.6293e-07
10963.0, -3.63e-07
10965.0, -3.6308e-07
10967.0, -3.6315e-07
10969.0, -3.6323e-07
10971.0, -3.633e-07
10973.0, -3.6337e-07
10975.0, -3.6344e-07
10977.0, -3.6351e-07
10979.0, -3.6358e-07
10981.0, -3.6365e-07
10983.0, -3.6373e-07
10985.0, -3.638e-07
10987.0, -3.6387e-07
10989.0, -3.6394e-07
10991.0, -3.6401e-07
10993.0, -3.6407e-07
10995.0, -3.6414e-07
10997.0, -3.642e-07
10999.0, -3.6427e-07
11001.0, -3.6434e-07
11003.0, -3.644e-07
11005.0, -3.6447e-07
11007.0, -3.6454e-07
11009.0, -3.646e-07
