Time sep (ms?), Charge (C)
0.0, -3.8e-10
2.002, -4.64e-10
4.004, -5.43e-10
6.006, -6.27e-10
8.008, -7.08e-10
10.01, -7.9e-10
12.012, -8.74e-10
14.014, -9.57e-10
16.016, -1.044e-09
18.018, -1.134e-09
20.02, -1.224e-09
22.022, -1.307e-09
24.024, -1.39e-09
26.026, -1.474e-09
28.028, -1.559e-09
30.03, -1.647e-09
32.032, -1.737e-09
34.034, -1.829e-09
36.036, -1.921e-09
38.038, -2.012e-09
40.04, -2.096e-09
42.042, -2.179e-09
44.044, -2.261e-09
46.046, -2.347e-09
48.048, -2.432e-09
50.05, -2.52e-09
52.052, -2.61e-09
54.054, -2.689e-09
56.056, -2.77e-09
58.058, -2.849e-09
60.06, -2.93e-09
62.062, -3.009e-09
64.064, -3.088e-09
66.066, -3.167e-09
68.068, -3.251e-09
70.07, -3.334e-09
72.072, -3.417e-09
74.074, -3.499e-09
76.076, -3.583e-09
78.078, -3.667e-09
80.08, -3.757e-09
82.082, -3.844e-09
84.084, -3.934e-09
86.086, -4.024e-09
88.088, -4.115e-09
90.09, -4.2e-09
92.092, -4.289e-09
94.094, -4.378e-09
96.096, -4.466e-09
98.098, -4.554e-09
100.1, -4.639e-09
102.1, -4.724e-09
104.1, -4.81e-09
106.11, -4.898e-09
108.11, -4.987e-09
110.11, -5.079e-09
112.11, -5.168e-09
114.11, -5.258e-09
116.12, -5.35e-09
118.12, -5.447e-09
120.12, -5.543e-09
122.12, -5.637e-09
124.12, -5.726e-09
126.13, -5.816e-09
128.13, -5.904e-09
130.13, -5.993e-09
132.13, -6.084e-09
134.13, -6.172e-09
136.14, -6.262e-09
138.14, -6.358e-09
140.14, -6.449e-09
142.14, -6.537e-09
144.14, -6.629e-09
146.15, -6.72e-09
148.15, -6.808e-09
150.15, -6.899e-09
152.15, -6.986e-09
154.15, -7.073e-09
156.16, -7.163e-09
158.16, -7.251e-09
160.16, -7.344e-09
162.16, -7.431e-09
164.16, -7.518e-09
166.17, -7.603e-09
168.17, -7.695e-09
170.17, -7.785e-09
172.17, -7.876e-09
174.17, -7.963e-09
176.18, -8.052e-09
178.18, -8.14e-09
180.18, -8.234e-09
182.18, -8.323e-09
184.18, -8.414e-09
186.19, -8.506e-09
188.19, -8.596e-09
190.19, -8.689e-09
192.19, -8.781e-09
194.19, -8.872e-09
196.2, -8.961e-09
198.2, -9.055e-09
200.2, -9.15e-09
202.2, -9.243e-09
204.2, -9.339e-09
206.21, -9.436e-09
208.21, -9.531e-09
210.21, -9.631e-09
212.21, -9.724e-09
214.21, -9.821e-09
216.22, -9.912e-09
218.22, -1e-08
220.22, -1.0093e-08
222.22, -1.0185e-08
224.22, -1.0273e-08
226.23, -1.0368e-08
228.23, -1.0465e-08
230.23, -1.0562e-08
232.23, -1.0658e-08
234.23, -1.0749e-08
236.24, -1.0839e-08
238.24, -1.0927e-08
240.24, -1.1014e-08
242.24, -1.1101e-08
244.24, -1.1187e-08
246.25, -1.1277e-08
248.25, -1.1368e-08
250.25, -1.1458e-08
252.25, -1.1549e-08
254.25, -1.1635e-08
256.26, -1.1723e-08
258.26, -1.1813e-08
260.26, -1.1899e-08
262.26, -1.1989e-08
264.26, -1.2078e-08
266.27, -1.217e-08
268.27, -1.2261e-08
270.27, -1.235e-08
272.27, -1.2438e-08
274.27, -1.2527e-08
276.28, -1.2613e-08
278.28, -1.2701e-08
280.28, -1.2786e-08
282.28, -1.287e-08
284.28, -1.2957e-08
286.29, -1.3041e-08
288.29, -1.3125e-08
290.29, -1.3213e-08
292.29, -1.3304e-08
294.29, -1.3395e-08
296.3, -1.3488e-08
298.3, -1.3579e-08
300.3, -1.367e-08
302.3, -1.3763e-08
304.3, -1.3852e-08
306.31, -1.3941e-08
308.31, -1.4029e-08
310.31, -1.4119e-08
312.31, -1.4208e-08
314.31, -1.4293e-08
316.32, -1.4375e-08
318.32, -1.4464e-08
320.32, -1.4551e-08
322.32, -1.4635e-08
324.32, -1.4719e-08
326.33, -1.4805e-08
328.33, -1.4891e-08
330.33, -1.4988e-08
332.33, -1.508e-08
334.33, -1.5169e-08
336.34, -1.5258e-08
338.34, -1.5343e-08
340.34, -1.5428e-08
342.34, -1.5519e-08
344.34, -1.5609e-08
346.35, -1.5696e-08
348.35, -1.5784e-08
350.35, -1.5864e-08
352.35, -1.5948e-08
354.35, -1.6032e-08
356.36, -1.6118e-08
358.36, -1.6205e-08
360.36, -1.6293e-08
362.36, -1.6385e-08
364.36, -1.6481e-08
366.37, -1.6571e-08
368.37, -1.6662e-08
370.37, -1.6751e-08
372.37, -1.6841e-08
374.37, -1.6926e-08
376.38, -1.7014e-08
378.38, -1.7109e-08
380.38, -1.7205e-08
382.38, -1.7301e-08
384.38, -1.7392e-08
386.39, -1.7485e-08
388.39, -1.7574e-08
390.39, -1.7666e-08
392.39, -1.7764e-08
394.39, -1.7858e-08
396.4, -1.7951e-08
398.4, -1.8044e-08
400.4, -1.8137e-08
402.4, -1.823e-08
404.4, -1.8323e-08
406.41, -1.8418e-08
408.41, -1.8506e-08
410.41, -1.8593e-08
412.41, -1.868e-08
414.41, -1.877e-08
416.42, -1.8861e-08
418.42, -1.8954e-08
420.42, -1.9049e-08
422.42, -1.9146e-08
424.42, -1.9237e-08
426.43, -1.933e-08
428.43, -1.9423e-08
430.43, -1.9518e-08
432.43, -1.9607e-08
434.43, -1.9697e-08
436.44, -1.9786e-08
438.44, -1.9879e-08
440.44, -1.9973e-08
442.44, -2.0056e-08
444.44, -2.0145e-08
446.45, -2.023e-08
448.45, -2.0322e-08
450.45, -2.041e-08
452.45, -2.0498e-08
454.45, -2.0584e-08
456.46, -2.0677e-08
458.46, -2.0774e-08
460.46, -2.0865e-08
462.46, -2.0955e-08
464.46, -2.1045e-08
466.47, -2.1132e-08
468.47, -2.1221e-08
470.47, -2.1315e-08
472.47, -2.1406e-08
474.47, -2.1494e-08
476.48, -2.1587e-08
478.48, -2.1678e-08
480.48, -2.1763e-08
482.48, -2.1853e-08
484.48, -2.1944e-08
486.49, -2.2034e-08
488.49, -2.2125e-08
490.49, -2.2216e-08
492.49, -2.2306e-08
494.49, -2.2394e-08
496.5, -2.2482e-08
498.5, -2.2573e-08
500.5, -2.2662e-08
502.5, -2.2744e-08
504.5, -2.283e-08
506.51, -2.2918e-08
508.51, -2.3009e-08
510.51, -2.3101e-08
512.51, -2.319e-08
514.51, -2.3278e-08
516.52, -2.3366e-08
518.52, -2.3453e-08
520.52, -2.3546e-08
522.52, -2.3637e-08
524.52, -2.373e-08
526.53, -2.3823e-08
528.53, -2.3914e-08
530.53, -2.4008e-08
532.53, -2.4096e-08
534.53, -2.4186e-08
536.54, -2.4276e-08
538.54, -2.4364e-08
540.54, -2.4455e-08
542.54, -2.4548e-08
544.54, -2.4636e-08
546.55, -2.4725e-08
548.55, -2.4819e-08
550.55, -2.4915e-08
552.55, -2.5003e-08
554.55, -2.509e-08
556.56, -2.5185e-08
558.56, -2.5278e-08
560.56, -2.5368e-08
562.56, -2.5459e-08
564.56, -2.555e-08
566.57, -2.5634e-08
568.57, -2.5723e-08
570.57, -2.5812e-08
572.57, -2.5903e-08
574.57, -2.5995e-08
576.58, -2.6083e-08
578.58, -2.6171e-08
580.58, -2.626e-08
582.58, -2.635e-08
584.58, -2.6439e-08
586.59, -2.6526e-08
588.59, -2.6616e-08
590.59, -2.6708e-08
592.59, -2.6798e-08
594.59, -2.6883e-08
596.6, -2.6971e-08
598.6, -2.7057e-08
600.6, -2.7141e-08
602.6, -2.7232e-08
604.6, -2.7315e-08
606.61, -2.7403e-08
608.61, -2.7493e-08
610.61, -2.7579e-08
612.61, -2.7664e-08
614.61, -2.7748e-08
616.62, -2.7835e-08
618.62, -2.7924e-08
620.62, -2.8008e-08
622.62, -2.8097e-08
624.62, -2.8183e-08
626.63, -2.8271e-08
628.63, -2.8358e-08
630.63, -2.8448e-08
632.63, -2.8538e-08
634.63, -2.8627e-08
636.64, -2.8712e-08
638.64, -2.8795e-08
640.64, -2.8882e-08
642.64, -2.8969e-08
644.64, -2.9061e-08
646.65, -2.9151e-08
648.65, -2.9241e-08
650.65, -2.9327e-08
652.65, -2.9416e-08
654.65, -2.9493e-08
656.66, -2.9581e-08
658.66, -2.9666e-08
660.66, -2.9755e-08
662.66, -2.9841e-08
664.66, -2.9927e-08
666.67, -3.0015e-08
668.67, -3.01e-08
670.67, -3.0187e-08
672.67, -3.0274e-08
674.67, -3.036e-08
676.68, -3.0448e-08
678.68, -3.0535e-08
680.68, -3.0616e-08
682.68, -3.0701e-08
684.68, -3.0781e-08
686.69, -3.0864e-08
688.69, -3.0948e-08
690.69, -3.1035e-08
692.69, -3.1123e-08
694.69, -3.1212e-08
696.7, -3.13e-08
698.7, -3.138e-08
700.7, -3.1464e-08
702.7, -3.1548e-08
704.7, -3.1633e-08
706.71, -3.1712e-08
708.71, -3.1799e-08
710.71, -3.1885e-08
712.71, -3.197e-08
714.71, -3.2057e-08
716.72, -3.2143e-08
718.72, -3.2232e-08
720.72, -3.232e-08
722.72, -3.2407e-08
724.72, -3.2496e-08
726.73, -3.2585e-08
728.73, -3.2668e-08
730.73, -3.2757e-08
732.73, -3.2842e-08
734.73, -3.2927e-08
736.74, -3.3012e-08
738.74, -3.3096e-08
740.74, -3.3183e-08
742.74, -3.3265e-08
744.74, -3.3344e-08
746.75, -3.3435e-08
748.75, -3.3517e-08
750.75, -3.3596e-08
752.75, -3.3678e-08
754.75, -3.3755e-08
756.76, -3.3842e-08
758.76, -3.3926e-08
760.76, -3.4013e-08
762.76, -3.4101e-08
764.76, -3.418e-08
766.77, -3.4265e-08
768.77, -3.4352e-08
770.77, -3.444e-08
772.77, -3.4523e-08
774.77, -3.4604e-08
776.78, -3.4688e-08
778.78, -3.4771e-08
780.78, -3.486e-08
782.78, -3.4944e-08
784.78, -3.503e-08
786.79, -3.5116e-08
788.79, -3.52e-08
790.79, -3.5288e-08
792.79, -3.5376e-08
794.79, -3.546e-08
796.8, -3.5545e-08
798.8, -3.5637e-08
800.8, -3.5724e-08
802.8, -3.5813e-08
804.8, -3.5901e-08
806.81, -3.5988e-08
808.81, -3.6077e-08
810.81, -3.6161e-08
812.81, -3.6242e-08
814.81, -3.6323e-08
816.82, -3.6409e-08
818.82, -3.6496e-08
820.82, -3.6581e-08
822.82, -3.6664e-08
824.82, -3.6747e-08
826.83, -3.6832e-08
828.83, -3.6918e-08
830.83, -3.7e-08
832.83, -3.7086e-08
834.83, -3.7171e-08
836.84, -3.7254e-08
838.84, -3.7336e-08
840.84, -3.7418e-08
842.84, -3.7498e-08
844.84, -3.7589e-08
846.85, -3.7673e-08
848.85, -3.7762e-08
850.85, -3.7849e-08
852.85, -3.7936e-08
854.85, -3.8021e-08
856.86, -3.8108e-08
858.86, -3.8196e-08
860.86, -3.8282e-08
862.86, -3.8371e-08
864.86, -3.8462e-08
866.87, -3.8552e-08
868.87, -3.8641e-08
870.87, -3.8733e-08
872.87, -3.8819e-08
874.87, -3.8904e-08
876.88, -3.8986e-08
878.88, -3.9068e-08
880.88, -3.9153e-08
882.88, -3.9233e-08
884.88, -3.9314e-08
886.89, -3.9394e-08
888.89, -3.9477e-08
890.89, -3.9557e-08
892.89, -3.9634e-08
894.89, -3.9711e-08
896.9, -3.9793e-08
898.9, -3.9884e-08
900.9, -3.9968e-08
902.9, -4.005e-08
904.9, -4.0134e-08
906.91, -4.022e-08
908.91, -4.0313e-08
910.91, -4.0405e-08
912.91, -4.0491e-08
914.91, -4.0578e-08
916.92, -4.0662e-08
918.92, -4.0746e-08
920.92, -4.0832e-08
922.92, -4.0912e-08
924.92, -4.0995e-08
926.93, -4.1076e-08
928.93, -4.116e-08
930.93, -4.1249e-08
932.93, -4.1337e-08
934.93, -4.142e-08
936.94, -4.1501e-08
938.94, -4.1587e-08
940.94, -4.1678e-08
942.94, -4.1763e-08
944.94, -4.1842e-08
946.95, -4.1924e-08
948.95, -4.2007e-08
950.95, -4.2087e-08
952.95, -4.2172e-08
954.95, -4.2258e-08
956.96, -4.2344e-08
958.96, -4.2433e-08
960.96, -4.2521e-08
962.96, -4.2605e-08
964.96, -4.2687e-08
966.97, -4.2768e-08
968.97, -4.2852e-08
970.97, -4.2935e-08
972.97, -4.3022e-08
974.97, -4.3107e-08
976.98, -4.3197e-08
978.98, -4.3282e-08
980.98, -4.3372e-08
982.98, -4.3457e-08
984.98, -4.3542e-08
986.99, -4.3637e-08
988.99, -4.3729e-08
990.99, -4.3818e-08
992.99, -4.3905e-08
994.99, -4.399e-08
997.0, -4.4078e-08
999.0, -4.417e-08
1001.0, -4.4253e-08
1003.0, -4.434e-08
1005.0, -4.4426e-08
1007.0, -4.451e-08
1009.0, -4.4595e-08
1011.0, -4.4682e-08
1013.0, -4.4768e-08
1015.0, -4.4857e-08
1017.0, -4.4947e-08
1019.0, -4.5042e-08
1021.0, -4.5135e-08
1023.0, -4.5226e-08
1025.0, -4.5313e-08
1027.0, -4.5401e-08
1029.0, -4.5491e-08
1031.0, -4.5582e-08
1033.0, -4.5672e-08
1035.0, -4.5766e-08
1037.0, -4.5858e-08
1039.0, -4.595e-08
1041.0, -4.6042e-08
1043.0, -4.6133e-08
1045.0, -4.6219e-08
1047.0, -4.6314e-08
1049.0, -4.641e-08
1051.0, -4.6501e-08
1053.1, -4.6587e-08
1055.1, -4.6673e-08
1057.1, -4.6759e-08
1059.1, -4.6854e-08
1061.1, -4.6945e-08
1063.1, -4.7031e-08
1065.1, -4.7118e-08
1067.1, -4.7202e-08
1069.1, -4.7289e-08
1071.1, -4.7377e-08
1073.1, -4.7463e-08
1075.1, -4.7548e-08
1077.1, -4.7637e-08
1079.1, -4.7729e-08
1081.1, -4.7817e-08
1083.1, -4.7906e-08
1085.1, -4.7992e-08
1087.1, -4.8079e-08
1089.1, -4.8162e-08
1091.1, -4.8244e-08
1093.1, -4.8332e-08
1095.1, -4.842e-08
1097.1, -4.8506e-08
1099.1, -4.8588e-08
1101.1, -4.8677e-08
1103.1, -4.8765e-08
1105.1, -4.8855e-08
1107.1, -4.8942e-08
1109.1, -4.9023e-08
1111.1, -4.9108e-08
1113.1, -4.9194e-08
1115.1, -4.9279e-08
1117.1, -4.9362e-08
1119.1, -4.9447e-08
1121.1, -4.9533e-08
1123.1, -4.9619e-08
1125.1, -4.9703e-08
1127.1, -4.9792e-08
1129.1, -4.9875e-08
1131.1, -4.996e-08
1133.1, -5.0045e-08
1135.1, -5.013e-08
1137.1, -5.0213e-08
1139.1, -5.03e-08
1141.1, -5.0385e-08
1143.1, -5.0467e-08
1145.1, -5.0551e-08
1147.1, -5.0636e-08
1149.1, -5.072e-08
1151.1, -5.0798e-08
1153.2, -5.088e-08
1155.2, -5.096e-08
1157.2, -5.1039e-08
1159.2, -5.112e-08
1161.2, -5.1197e-08
1163.2, -5.1277e-08
1165.2, -5.1357e-08
1167.2, -5.144e-08
1169.2, -5.1522e-08
1171.2, -5.1604e-08
1173.2, -5.1685e-08
1175.2, -5.1763e-08
1177.2, -5.1846e-08
1179.2, -5.193e-08
1181.2, -5.2012e-08
1183.2, -5.2091e-08
1185.2, -5.2174e-08
1187.2, -5.2258e-08
1189.2, -5.2341e-08
1191.2, -5.2426e-08
1193.2, -5.2507e-08
1195.2, -5.2589e-08
1197.2, -5.2674e-08
1199.2, -5.2755e-08
1201.2, -5.2837e-08
1203.2, -5.292e-08
1205.2, -5.3e-08
1207.2, -5.3086e-08
1209.2, -5.3163e-08
1211.2, -5.3247e-08
1213.2, -5.3329e-08
1215.2, -5.3414e-08
1217.2, -5.3501e-08
1219.2, -5.3593e-08
1221.2, -5.3684e-08
1223.2, -5.3773e-08
1225.2, -5.3863e-08
1227.2, -5.3947e-08
1229.2, -5.4035e-08
1231.2, -5.4119e-08
1233.2, -5.4202e-08
1235.2, -5.4286e-08
1237.2, -5.4371e-08
1239.2, -5.4454e-08
1241.2, -5.4541e-08
1243.2, -5.4621e-08
1245.2, -5.4709e-08
1247.2, -5.4797e-08
1249.2, -5.4887e-08
1251.2, -5.4978e-08
1253.3, -5.5067e-08
1255.3, -5.5153e-08
1257.3, -5.5243e-08
1259.3, -5.5332e-08
1261.3, -5.5424e-08
1263.3, -5.5511e-08
1265.3, -5.5593e-08
1267.3, -5.568e-08
1269.3, -5.577e-08
1271.3, -5.5859e-08
1273.3, -5.5943e-08
1275.3, -5.6033e-08
1277.3, -5.6123e-08
1279.3, -5.6214e-08
1281.3, -5.6305e-08
1283.3, -5.6398e-08
1285.3, -5.6495e-08
1287.3, -5.6588e-08
1289.3, -5.6679e-08
1291.3, -5.6773e-08
1293.3, -5.6861e-08
1295.3, -5.6946e-08
1297.3, -5.7036e-08
1299.3, -5.7122e-08
1301.3, -5.7206e-08
1303.3, -5.7295e-08
1305.3, -5.7386e-08
1307.3, -5.7475e-08
1309.3, -5.7561e-08
1311.3, -5.7649e-08
1313.3, -5.7732e-08
1315.3, -5.7812e-08
1317.3, -5.7895e-08
1319.3, -5.798e-08
1321.3, -5.806e-08
1323.3, -5.8144e-08
1325.3, -5.8229e-08
1327.3, -5.8313e-08
1329.3, -5.8396e-08
1331.3, -5.8481e-08
1333.3, -5.8563e-08
1335.3, -5.8649e-08
1337.3, -5.8736e-08
1339.3, -5.8826e-08
1341.3, -5.8916e-08
1343.3, -5.9007e-08
1345.3, -5.9095e-08
1347.3, -5.9181e-08
1349.3, -5.927e-08
1351.3, -5.9355e-08
1353.4, -5.9439e-08
1355.4, -5.9522e-08
1357.4, -5.9604e-08
1359.4, -5.9689e-08
1361.4, -5.9785e-08
1363.4, -5.9874e-08
1365.4, -5.9959e-08
1367.4, -6.0044e-08
1369.4, -6.0129e-08
1371.4, -6.0217e-08
1373.4, -6.0303e-08
1375.4, -6.0388e-08
1377.4, -6.0473e-08
1379.4, -6.0559e-08
1381.4, -6.065e-08
1383.4, -6.0734e-08
1385.4, -6.0819e-08
1387.4, -6.0904e-08
1389.4, -6.0991e-08
1391.4, -6.1078e-08
1393.4, -6.1165e-08
1395.4, -6.1255e-08
1397.4, -6.1345e-08
1399.4, -6.1435e-08
1401.4, -6.1527e-08
1403.4, -6.1617e-08
1405.4, -6.1703e-08
1407.4, -6.1792e-08
1409.4, -6.1881e-08
1411.4, -6.1965e-08
1413.4, -6.2051e-08
1415.4, -6.2138e-08
1417.4, -6.2228e-08
1419.4, -6.2316e-08
1421.4, -6.2405e-08
1423.4, -6.2494e-08
1425.4, -6.2582e-08
1427.4, -6.2671e-08
1429.4, -6.2759e-08
1431.4, -6.2847e-08
1433.4, -6.2933e-08
1435.4, -6.3019e-08
1437.4, -6.3107e-08
1439.4, -6.3201e-08
1441.4, -6.3289e-08
1443.4, -6.337e-08
1445.4, -6.3456e-08
1447.4, -6.354e-08
1449.4, -6.3628e-08
1451.4, -6.3718e-08
1453.5, -6.3805e-08
1455.5, -6.3892e-08
1457.5, -6.3981e-08
1459.5, -6.4071e-08
1461.5, -6.4158e-08
1463.5, -6.4246e-08
1465.5, -6.4336e-08
1467.5, -6.4427e-08
1469.5, -6.4515e-08
1471.5, -6.4608e-08
1473.5, -6.4697e-08
1475.5, -6.4785e-08
1477.5, -6.4876e-08
1479.5, -6.4967e-08
1481.5, -6.5055e-08
1483.5, -6.5139e-08
1485.5, -6.5227e-08
1487.5, -6.5314e-08
1489.5, -6.5396e-08
1491.5, -6.548e-08
1493.5, -6.5564e-08
1495.5, -6.5652e-08
1497.5, -6.5741e-08
1499.5, -6.5831e-08
1501.5, -6.5921e-08
1503.5, -6.6009e-08
1505.5, -6.6102e-08
1507.5, -6.6195e-08
1509.5, -6.6286e-08
1511.5, -6.638e-08
1513.5, -6.6471e-08
1515.5, -6.6565e-08
1517.5, -6.6663e-08
1519.5, -6.6759e-08
1521.5, -6.6856e-08
1523.5, -6.6955e-08
1525.5, -6.7049e-08
1527.5, -6.7145e-08
1529.5, -6.7239e-08
1531.5, -6.7332e-08
1533.5, -6.7424e-08
1535.5, -6.7514e-08
1537.5, -6.7601e-08
1539.5, -6.7689e-08
1541.5, -6.7774e-08
1543.5, -6.7856e-08
1545.5, -6.7941e-08
1547.5, -6.8026e-08
1549.5, -6.8116e-08
1551.5, -6.8204e-08
1553.6, -6.8294e-08
1555.6, -6.8382e-08
1557.6, -6.8468e-08
1559.6, -6.8558e-08
1561.6, -6.8643e-08
1563.6, -6.8729e-08
1565.6, -6.8815e-08
1567.6, -6.8903e-08
1569.6, -6.8988e-08
1571.6, -6.9077e-08
1573.6, -6.9162e-08
1575.6, -6.9246e-08
1577.6, -6.9336e-08
1579.6, -6.9424e-08
1581.6, -6.9508e-08
1583.6, -6.959e-08
1585.6, -6.9675e-08
1587.6, -6.976e-08
1589.6, -6.9841e-08
1591.6, -6.992e-08
1593.6, -6.9998e-08
1595.6, -7.0078e-08
1597.6, -7.0157e-08
1599.6, -7.024e-08
1601.6, -7.0324e-08
1603.6, -7.0406e-08
1605.6, -7.0485e-08
1607.6, -7.0567e-08
1609.6, -7.0648e-08
1611.6, -7.0732e-08
1613.6, -7.0814e-08
1615.6, -7.0896e-08
1617.6, -7.0977e-08
1619.6, -7.1061e-08
1621.6, -7.1145e-08
1623.6, -7.1229e-08
1625.6, -7.1317e-08
1627.6, -7.1403e-08
1629.6, -7.1489e-08
1631.6, -7.1574e-08
1633.6, -7.1661e-08
1635.6, -7.175e-08
1637.6, -7.1842e-08
1639.6, -7.1932e-08
1641.6, -7.2022e-08
1643.6, -7.211e-08
1645.6, -7.2197e-08
1647.6, -7.2287e-08
1649.6, -7.2373e-08
1651.6, -7.2462e-08
1653.7, -7.2546e-08
1655.7, -7.2634e-08
1657.7, -7.2724e-08
1659.7, -7.2813e-08
1661.7, -7.2905e-08
1663.7, -7.299e-08
1665.7, -7.308e-08
1667.7, -7.317e-08
1669.7, -7.3254e-08
1671.7, -7.3342e-08
1673.7, -7.343e-08
1675.7, -7.3516e-08
1677.7, -7.3605e-08
1679.7, -7.37e-08
1681.7, -7.3787e-08
1683.7, -7.3869e-08
1685.7, -7.3955e-08
1687.7, -7.4042e-08
1689.7, -7.4127e-08
1691.7, -7.4211e-08
1693.7, -7.4294e-08
1695.7, -7.4378e-08
1697.7, -7.4467e-08
1699.7, -7.4555e-08
1701.7, -7.4642e-08
1703.7, -7.4726e-08
1705.7, -7.4818e-08
1707.7, -7.4912e-08
1709.7, -7.5002e-08
1711.7, -7.5088e-08
1713.7, -7.5172e-08
1715.7, -7.5254e-08
1717.7, -7.5339e-08
1719.7, -7.5425e-08
1721.7, -7.552e-08
1723.7, -7.5616e-08
1725.7, -7.5709e-08
1727.7, -7.58e-08
1729.7, -7.5894e-08
1731.7, -7.5988e-08
1733.7, -7.6077e-08
1735.7, -7.6164e-08
1737.7, -7.6254e-08
1739.7, -7.6342e-08
1741.7, -7.6431e-08
1743.7, -7.6518e-08
1745.7, -7.6602e-08
1747.7, -7.6691e-08
1749.7, -7.678e-08
1751.7, -7.6867e-08
1753.8, -7.6952e-08
1755.8, -7.7041e-08
1757.8, -7.7127e-08
1759.8, -7.722e-08
1761.8, -7.7312e-08
1763.8, -7.7406e-08
1765.8, -7.7502e-08
1767.8, -7.7596e-08
1769.8, -7.7687e-08
1771.8, -7.7779e-08
1773.8, -7.7866e-08
1775.8, -7.7953e-08
1777.8, -7.8045e-08
1779.8, -7.8138e-08
1781.8, -7.8229e-08
1783.8, -7.8321e-08
1785.8, -7.841e-08
1787.8, -7.8499e-08
1789.8, -7.8591e-08
1791.8, -7.8679e-08
1793.8, -7.8772e-08
1795.8, -7.8867e-08
1797.8, -7.8964e-08
1799.8, -7.9059e-08
1801.8, -7.9154e-08
1803.8, -7.9247e-08
1805.8, -7.9343e-08
1807.8, -7.9433e-08
1809.8, -7.9527e-08
1811.8, -7.9618e-08
1813.8, -7.9706e-08
1815.8, -7.9796e-08
1817.8, -7.989e-08
1819.8, -7.9984e-08
1821.8, -8.0076e-08
1823.8, -8.0167e-08
1825.8, -8.026e-08
1827.8, -8.0351e-08
1829.8, -8.0439e-08
1831.8, -8.0526e-08
1833.8, -8.0614e-08
1835.8, -8.07e-08
1837.8, -8.0789e-08
1839.8, -8.0882e-08
1841.8, -8.0969e-08
1843.8, -8.1056e-08
1845.8, -8.1146e-08
1847.8, -8.1241e-08
1849.8, -8.1335e-08
1851.8, -8.1427e-08
1853.9, -8.1517e-08
1855.9, -8.1608e-08
1857.9, -8.1696e-08
1859.9, -8.1788e-08
1861.9, -8.1882e-08
1863.9, -8.1972e-08
1865.9, -8.2065e-08
1867.9, -8.2157e-08
1869.9, -8.2245e-08
1871.9, -8.2338e-08
1873.9, -8.2423e-08
1875.9, -8.251e-08
1877.9, -8.2598e-08
1879.9, -8.2685e-08
1881.9, -8.2776e-08
1883.9, -8.2866e-08
1885.9, -8.295e-08
1887.9, -8.3039e-08
1889.9, -8.3128e-08
1891.9, -8.3214e-08
1893.9, -8.33e-08
1895.9, -8.3387e-08
1897.9, -8.347e-08
1899.9, -8.3556e-08
1901.9, -8.3639e-08
1903.9, -8.3717e-08
1905.9, -8.3797e-08
1907.9, -8.3876e-08
1909.9, -8.3957e-08
1911.9, -8.4033e-08
1913.9, -8.411e-08
1915.9, -8.4195e-08
1917.9, -8.4282e-08
1919.9, -8.4366e-08
1921.9, -8.4451e-08
1923.9, -8.4533e-08
1925.9, -8.4615e-08
1927.9, -8.4699e-08
1929.9, -8.4783e-08
1931.9, -8.487e-08
1933.9, -8.496e-08
1935.9, -8.5046e-08
1937.9, -8.5134e-08
1939.9, -8.5227e-08
1941.9, -8.5326e-08
1943.9, -8.5423e-08
1945.9, -8.552e-08
1947.9, -8.5615e-08
1949.9, -8.5705e-08
1951.9, -8.5801e-08
1954.0, -8.5896e-08
1956.0, -8.5986e-08
1958.0, -8.6075e-08
1960.0, -8.6166e-08
1962.0, -8.6256e-08
1964.0, -8.6349e-08
1966.0, -8.6439e-08
1968.0, -8.6534e-08
1970.0, -8.6624e-08
1972.0, -8.6711e-08
1974.0, -8.6801e-08
1976.0, -8.6889e-08
1978.0, -8.6979e-08
1980.0, -8.7065e-08
1982.0, -8.7151e-08
1984.0, -8.7236e-08
1986.0, -8.7323e-08
1988.0, -8.7415e-08
1990.0, -8.7507e-08
1992.0, -8.7594e-08
1994.0, -8.7679e-08
1996.0, -8.7763e-08
1998.0, -8.7846e-08
2000.0, -8.7932e-08
2002.0, -8.8019e-08
2004.0, -8.8104e-08
2006.0, -8.819e-08
2008.0, -8.8276e-08
2010.0, -8.8364e-08
2012.0, -8.8451e-08
2014.0, -8.8541e-08
2016.0, -8.8633e-08
2018.0, -8.8717e-08
2020.0, -8.8802e-08
2022.0, -8.8887e-08
2024.0, -8.8976e-08
2026.0, -8.9067e-08
2028.0, -8.9159e-08
2030.0, -8.9249e-08
2032.0, -8.9345e-08
2034.0, -8.9434e-08
2036.0, -8.952e-08
2038.0, -8.9606e-08
2040.0, -8.9703e-08
2042.0, -8.9793e-08
2044.0, -8.9883e-08
2046.0, -8.9974e-08
2048.0, -9.006e-08
2050.0, -9.0151e-08
2052.0, -9.0239e-08
2054.1, -9.0327e-08
2056.1, -9.0415e-08
2058.1, -9.0504e-08
2060.1, -9.0594e-08
2062.1, -9.0685e-08
2064.1, -9.0775e-08
2066.1, -9.0863e-08
2068.1, -9.0953e-08
2070.1, -9.1051e-08
2072.1, -9.1143e-08
2074.1, -9.1236e-08
2076.1, -9.1335e-08
2078.1, -9.1427e-08
2080.1, -9.1519e-08
2082.1, -9.1611e-08
2084.1, -9.1709e-08
2086.1, -9.1804e-08
2088.1, -9.19e-08
2090.1, -9.1998e-08
2092.1, -9.209e-08
2094.1, -9.2186e-08
2096.1, -9.2279e-08
2098.1, -9.2371e-08
2100.1, -9.246e-08
2102.1, -9.256e-08
2104.1, -9.2651e-08
2106.1, -9.2739e-08
2108.1, -9.2834e-08
2110.1, -9.293e-08
2112.1, -9.3025e-08
2114.1, -9.3119e-08
2116.1, -9.3212e-08
2118.1, -9.3302e-08
2120.1, -9.3395e-08
2122.1, -9.3484e-08
2124.1, -9.3572e-08
2126.1, -9.3665e-08
2128.1, -9.3754e-08
2130.1, -9.3844e-08
2132.1, -9.3936e-08
2134.1, -9.4028e-08
2136.1, -9.4116e-08
2138.1, -9.4206e-08
2140.1, -9.4292e-08
2142.1, -9.4383e-08
2144.1, -9.4473e-08
2146.1, -9.4566e-08
2148.1, -9.465e-08
2150.1, -9.4737e-08
2152.1, -9.4822e-08
2154.2, -9.491e-08
2156.2, -9.4998e-08
2158.2, -9.5086e-08
2160.2, -9.5173e-08
2162.2, -9.5261e-08
2164.2, -9.5343e-08
2166.2, -9.5432e-08
2168.2, -9.552e-08
2170.2, -9.5606e-08
2172.2, -9.5691e-08
2174.2, -9.5778e-08
2176.2, -9.587e-08
2178.2, -9.596e-08
2180.2, -9.6053e-08
2182.2, -9.6139e-08
2184.2, -9.6228e-08
2186.2, -9.6319e-08
2188.2, -9.6407e-08
2190.2, -9.6503e-08
2192.2, -9.6597e-08
2194.2, -9.6689e-08
2196.2, -9.678e-08
2198.2, -9.6874e-08
2200.2, -9.6966e-08
2202.2, -9.7054e-08
2204.2, -9.7139e-08
2206.2, -9.7226e-08
2208.2, -9.7311e-08
2210.2, -9.7402e-08
2212.2, -9.7491e-08
2214.2, -9.758e-08
2216.2, -9.7662e-08
2218.2, -9.7749e-08
2220.2, -9.7839e-08
2222.2, -9.7926e-08
2224.2, -9.8011e-08
2226.2, -9.8098e-08
2228.2, -9.8188e-08
2230.2, -9.8276e-08
2232.2, -9.8365e-08
2234.2, -9.8457e-08
2236.2, -9.8543e-08
2238.2, -9.8632e-08
2240.2, -9.8725e-08
2242.2, -9.8825e-08
2244.2, -9.8919e-08
2246.2, -9.9008e-08
2248.2, -9.91e-08
2250.2, -9.9189e-08
2252.2, -9.9279e-08
2254.3, -9.9373e-08
2256.3, -9.9459e-08
2258.3, -9.9545e-08
2260.3, -9.9634e-08
2262.3, -9.9717e-08
2264.3, -9.9807e-08
2266.3, -9.9897e-08
2268.3, -9.9985e-08
2270.3, -1.0008e-07
2272.3, -1.0017e-07
2274.3, -1.0026e-07
2276.3, -1.0035e-07
2278.3, -1.0044e-07
2280.3, -1.0054e-07
2282.3, -1.0063e-07
2284.3, -1.0072e-07
2286.3, -1.0081e-07
2288.3, -1.009e-07
2290.3, -1.0099e-07
2292.3, -1.0108e-07
2294.3, -1.0117e-07
2296.3, -1.0126e-07
2298.3, -1.0135e-07
2300.3, -1.0143e-07
2302.3, -1.0153e-07
2304.3, -1.0162e-07
2306.3, -1.0171e-07
2308.3, -1.018e-07
2310.3, -1.0189e-07
2312.3, -1.0198e-07
2314.3, -1.0207e-07
2316.3, -1.0216e-07
2318.3, -1.0225e-07
2320.3, -1.0234e-07
2322.3, -1.0243e-07
2324.3, -1.0252e-07
2326.3, -1.0261e-07
2328.3, -1.027e-07
2330.3, -1.0279e-07
2332.3, -1.0287e-07
2334.3, -1.0296e-07
2336.3, -1.0305e-07
2338.3, -1.0315e-07
2340.3, -1.0324e-07
2342.3, -1.0332e-07
2344.3, -1.0341e-07
2346.3, -1.0351e-07
2348.3, -1.0359e-07
2350.3, -1.0368e-07
2352.3, -1.0377e-07
2354.4, -1.0386e-07
2356.4, -1.0394e-07
2358.4, -1.0403e-07
2360.4, -1.0412e-07
2362.4, -1.0421e-07
2364.4, -1.043e-07
2366.4, -1.044e-07
2368.4, -1.0449e-07
2370.4, -1.0458e-07
2372.4, -1.0468e-07
2374.4, -1.0477e-07
2376.4, -1.0486e-07
2378.4, -1.0495e-07
2380.4, -1.0504e-07
2382.4, -1.0513e-07
2384.4, -1.0523e-07
2386.4, -1.0532e-07
2388.4, -1.054e-07
2390.4, -1.0549e-07
2392.4, -1.0558e-07
2394.4, -1.0567e-07
2396.4, -1.0576e-07
2398.4, -1.0585e-07
2400.4, -1.0594e-07
2402.4, -1.0603e-07
2404.4, -1.0612e-07
2406.4, -1.0622e-07
2408.4, -1.0631e-07
2410.4, -1.0639e-07
2412.4, -1.0648e-07
2414.4, -1.0657e-07
2416.4, -1.0665e-07
2418.4, -1.0674e-07
2420.4, -1.0683e-07
2422.4, -1.0692e-07
2424.4, -1.07e-07
2426.4, -1.0709e-07
2428.4, -1.0718e-07
2430.4, -1.0726e-07
2432.4, -1.0735e-07
2434.4, -1.0744e-07
2436.4, -1.0753e-07
2438.4, -1.0762e-07
2440.4, -1.0771e-07
2442.4, -1.0781e-07
2444.4, -1.079e-07
2446.4, -1.0799e-07
2448.4, -1.0808e-07
2450.4, -1.0818e-07
2452.4, -1.0827e-07
2454.5, -1.0836e-07
2456.5, -1.0845e-07
2458.5, -1.0854e-07
2460.5, -1.0863e-07
2462.5, -1.0872e-07
2464.5, -1.0881e-07
2466.5, -1.0889e-07
2468.5, -1.0897e-07
2470.5, -1.0906e-07
2472.5, -1.0915e-07
2474.5, -1.0923e-07
2476.5, -1.0932e-07
2478.5, -1.0941e-07
2480.5, -1.0949e-07
2482.5, -1.0958e-07
2484.5, -1.0966e-07
2486.5, -1.0974e-07
2488.5, -1.0983e-07
2490.5, -1.0992e-07
2492.5, -1.1001e-07
2494.5, -1.101e-07
2496.5, -1.1019e-07
2498.5, -1.1028e-07
2500.5, -1.1036e-07
2502.5, -1.1045e-07
2504.5, -1.1055e-07
2506.5, -1.1063e-07
2508.5, -1.1072e-07
2510.5, -1.108e-07
2512.5, -1.1089e-07
2514.5, -1.1097e-07
2516.5, -1.1106e-07
2518.5, -1.1114e-07
2520.5, -1.1122e-07
2522.5, -1.113e-07
2524.5, -1.1139e-07
2526.5, -1.1148e-07
2528.5, -1.1157e-07
2530.5, -1.1166e-07
2532.5, -1.1175e-07
2534.5, -1.1184e-07
2536.5, -1.1193e-07
2538.5, -1.1202e-07
2540.5, -1.1211e-07
2542.5, -1.1221e-07
2544.5, -1.123e-07
2546.5, -1.1239e-07
2548.5, -1.1248e-07
2550.5, -1.1258e-07
2552.5, -1.1267e-07
2554.6, -1.1276e-07
2556.6, -1.1286e-07
2558.6, -1.1294e-07
2560.6, -1.1304e-07
2562.6, -1.1312e-07
2564.6, -1.1321e-07
2566.6, -1.1329e-07
2568.6, -1.1338e-07
2570.6, -1.1346e-07
2572.6, -1.1354e-07
2574.6, -1.1362e-07
2576.6, -1.137e-07
2578.6, -1.1379e-07
2580.6, -1.1387e-07
2582.6, -1.1396e-07
2584.6, -1.1404e-07
2586.6, -1.1412e-07
2588.6, -1.142e-07
2590.6, -1.143e-07
2592.6, -1.1438e-07
2594.6, -1.1446e-07
2596.6, -1.1455e-07
2598.6, -1.1463e-07
2600.6, -1.1472e-07
2602.6, -1.148e-07
2604.6, -1.1488e-07
2606.6, -1.1497e-07
2608.6, -1.1505e-07
2610.6, -1.1514e-07
2612.6, -1.1523e-07
2614.6, -1.1531e-07
2616.6, -1.154e-07
2618.6, -1.1548e-07
2620.6, -1.1556e-07
2622.6, -1.1565e-07
2624.6, -1.1573e-07
2626.6, -1.1582e-07
2628.6, -1.159e-07
2630.6, -1.1598e-07
2632.6, -1.1606e-07
2634.6, -1.1614e-07
2636.6, -1.1623e-07
2638.6, -1.1632e-07
2640.6, -1.1641e-07
2642.6, -1.1649e-07
2644.6, -1.1658e-07
2646.6, -1.1667e-07
2648.6, -1.1676e-07
2650.6, -1.1685e-07
2652.6, -1.1695e-07
2654.7, -1.1703e-07
2656.7, -1.1712e-07
2658.7, -1.1721e-07
2660.7, -1.1729e-07
2662.7, -1.1738e-07
2664.7, -1.1745e-07
2666.7, -1.1753e-07
2668.7, -1.1762e-07
2670.7, -1.1771e-07
2672.7, -1.178e-07
2674.7, -1.1788e-07
2676.7, -1.1797e-07
2678.7, -1.1805e-07
2680.7, -1.1813e-07
2682.7, -1.1822e-07
2684.7, -1.183e-07
2686.7, -1.1838e-07
2688.7, -1.1846e-07
2690.7, -1.1854e-07
2692.7, -1.1863e-07
2694.7, -1.1871e-07
2696.7, -1.1879e-07
2698.7, -1.1888e-07
2700.7, -1.1896e-07
2702.7, -1.1904e-07
2704.7, -1.1913e-07
2706.7, -1.1921e-07
2708.7, -1.1929e-07
2710.7, -1.1938e-07
2712.7, -1.1946e-07
2714.7, -1.1954e-07
2716.7, -1.1963e-07
2718.7, -1.1971e-07
2720.7, -1.198e-07
2722.7, -1.1988e-07
2724.7, -1.1996e-07
2726.7, -1.2005e-07
2728.7, -1.2013e-07
2730.7, -1.2022e-07
2732.7, -1.203e-07
2734.7, -1.2039e-07
2736.7, -1.2048e-07
2738.7, -1.2056e-07
2740.7, -1.2065e-07
2742.7, -1.2074e-07
2744.7, -1.2083e-07
2746.7, -1.2091e-07
2748.7, -1.21e-07
2750.7, -1.2108e-07
2752.7, -1.2117e-07
2754.8, -1.2126e-07
2756.8, -1.2134e-07
2758.8, -1.2143e-07
2760.8, -1.2151e-07
2762.8, -1.216e-07
2764.8, -1.2169e-07
2766.8, -1.2177e-07
2768.8, -1.2185e-07
2770.8, -1.2194e-07
2772.8, -1.2202e-07
2774.8, -1.221e-07
2776.8, -1.222e-07
2778.8, -1.2229e-07
2780.8, -1.2238e-07
2782.8, -1.2247e-07
2784.8, -1.2256e-07
2786.8, -1.2265e-07
2788.8, -1.2274e-07
2790.8, -1.2283e-07
2792.8, -1.2292e-07
2794.8, -1.2301e-07
2796.8, -1.2309e-07
2798.8, -1.2318e-07
2800.8, -1.2326e-07
2802.8, -1.2335e-07
2804.8, -1.2344e-07
2806.8, -1.2353e-07
2808.8, -1.2362e-07
2810.8, -1.237e-07
2812.8, -1.2379e-07
2814.8, -1.2388e-07
2816.8, -1.2396e-07
2818.8, -1.2404e-07
2820.8, -1.2413e-07
2822.8, -1.2421e-07
2824.8, -1.2429e-07
2826.8, -1.2438e-07
2828.8, -1.2446e-07
2830.8, -1.2455e-07
2832.8, -1.2463e-07
2834.8, -1.2472e-07
2836.8, -1.248e-07
2838.8, -1.2488e-07
2840.8, -1.2497e-07
2842.8, -1.2506e-07
2844.8, -1.2514e-07
2846.8, -1.2523e-07
2848.8, -1.2532e-07
2850.8, -1.254e-07
2852.8, -1.2548e-07
2854.9, -1.2557e-07
2856.9, -1.2566e-07
2858.9, -1.2574e-07
2860.9, -1.2583e-07
2862.9, -1.2591e-07
2864.9, -1.2599e-07
2866.9, -1.2607e-07
2868.9, -1.2616e-07
2870.9, -1.2624e-07
2872.9, -1.2632e-07
2874.9, -1.2641e-07
2876.9, -1.2649e-07
2878.9, -1.2657e-07
2880.9, -1.2666e-07
2882.9, -1.2674e-07
2884.9, -1.2683e-07
2886.9, -1.2692e-07
2888.9, -1.27e-07
2890.9, -1.2709e-07
2892.9, -1.2718e-07
2894.9, -1.2727e-07
2896.9, -1.2737e-07
2898.9, -1.2746e-07
2900.9, -1.2755e-07
2902.9, -1.2764e-07
2904.9, -1.2773e-07
2906.9, -1.2782e-07
2908.9, -1.2791e-07
2910.9, -1.28e-07
2912.9, -1.281e-07
2914.9, -1.2819e-07
2916.9, -1.2828e-07
2918.9, -1.2837e-07
2920.9, -1.2847e-07
2922.9, -1.2856e-07
2924.9, -1.2865e-07
2926.9, -1.2873e-07
2928.9, -1.2882e-07
2930.9, -1.289e-07
2932.9, -1.2899e-07
2934.9, -1.2907e-07
2936.9, -1.2915e-07
2938.9, -1.2924e-07
2940.9, -1.2932e-07
2942.9, -1.2941e-07
2944.9, -1.2949e-07
2946.9, -1.2957e-07
2948.9, -1.2965e-07
2950.9, -1.2974e-07
2952.9, -1.2983e-07
2955.0, -1.2991e-07
2957.0, -1.3e-07
2959.0, -1.3008e-07
2961.0, -1.3017e-07
2963.0, -1.3025e-07
2965.0, -1.3033e-07
2967.0, -1.3041e-07
2969.0, -1.305e-07
2971.0, -1.3059e-07
2973.0, -1.3068e-07
2975.0, -1.3076e-07
2977.0, -1.3085e-07
2979.0, -1.3094e-07
2981.0, -1.3102e-07
2983.0, -1.311e-07
2985.0, -1.3118e-07
2987.0, -1.3127e-07
2989.0, -1.3135e-07
2991.0, -1.3144e-07
2993.0, -1.3152e-07
2995.0, -1.3161e-07
2997.0, -1.3169e-07
2999.0, -1.3178e-07
3001.0, -1.3186e-07
3003.0, -1.3194e-07
3005.0, -1.3202e-07
3007.0, -1.3211e-07
3009.0, -1.322e-07
3011.0, -1.3228e-07
3013.0, -1.3237e-07
3015.0, -1.3246e-07
3017.0, -1.3255e-07
3019.0, -1.3264e-07
3021.0, -1.3272e-07
3023.0, -1.3281e-07
3025.0, -1.3289e-07
3027.0, -1.3298e-07
3029.0, -1.3306e-07
3031.0, -1.3314e-07
3033.0, -1.3322e-07
3035.0, -1.3331e-07
3037.0, -1.3339e-07
3039.0, -1.3348e-07
3041.0, -1.3357e-07
3043.0, -1.3366e-07
3045.0, -1.3374e-07
3047.0, -1.3383e-07
3049.0, -1.3392e-07
3051.0, -1.34e-07
3053.0, -1.3409e-07
3055.1, -1.3417e-07
3057.1, -1.3426e-07
3059.1, -1.3434e-07
3061.1, -1.3443e-07
3063.1, -1.3451e-07
3065.1, -1.346e-07
3067.1, -1.3467e-07
3069.1, -1.3475e-07
3071.1, -1.3483e-07
3073.1, -1.3492e-07
3075.1, -1.3501e-07
3077.1, -1.3509e-07
3079.1, -1.3517e-07
3081.1, -1.3526e-07
3083.1, -1.3535e-07
3085.1, -1.3543e-07
3087.1, -1.3552e-07
3089.1, -1.3561e-07
3091.1, -1.357e-07
3093.1, -1.3579e-07
3095.1, -1.3588e-07
3097.1, -1.3597e-07
3099.1, -1.3606e-07
3101.1, -1.3616e-07
3103.1, -1.3626e-07
3105.1, -1.3635e-07
3107.1, -1.3645e-07
3109.1, -1.3653e-07
3111.1, -1.3663e-07
3113.1, -1.3671e-07
3115.1, -1.368e-07
3117.1, -1.3689e-07
3119.1, -1.3698e-07
3121.1, -1.3708e-07
3123.1, -1.3717e-07
3125.1, -1.3725e-07
3127.1, -1.3734e-07
3129.1, -1.3742e-07
3131.1, -1.3751e-07
3133.1, -1.3759e-07
3135.1, -1.3768e-07
3137.1, -1.3776e-07
3139.1, -1.3785e-07
3141.1, -1.3795e-07
3143.1, -1.3804e-07
3145.1, -1.3812e-07
3147.1, -1.3821e-07
3149.1, -1.383e-07
3151.1, -1.3838e-07
3153.1, -1.3847e-07
3155.2, -1.3856e-07
3157.2, -1.3865e-07
3159.2, -1.3874e-07
3161.2, -1.3883e-07
3163.2, -1.3892e-07
3165.2, -1.3901e-07
3167.2, -1.391e-07
3169.2, -1.3919e-07
3171.2, -1.3928e-07
3173.2, -1.3937e-07
3175.2, -1.3946e-07
3177.2, -1.3954e-07
3179.2, -1.3963e-07
3181.2, -1.3972e-07
3183.2, -1.3982e-07
3185.2, -1.3991e-07
3187.2, -1.4e-07
3189.2, -1.4009e-07
3191.2, -1.4018e-07
3193.2, -1.4027e-07
3195.2, -1.4037e-07
3197.2, -1.4046e-07
3199.2, -1.4055e-07
3201.2, -1.4064e-07
3203.2, -1.4073e-07
3205.2, -1.4082e-07
3207.2, -1.4091e-07
3209.2, -1.41e-07
3211.2, -1.4109e-07
3213.2, -1.4118e-07
3215.2, -1.4127e-07
3217.2, -1.4136e-07
3219.2, -1.4144e-07
3221.2, -1.4153e-07
3223.2, -1.4162e-07
3225.2, -1.417e-07
3227.2, -1.4179e-07
3229.2, -1.4188e-07
3231.2, -1.4197e-07
3233.2, -1.4206e-07
3235.2, -1.4215e-07
3237.2, -1.4224e-07
3239.2, -1.4232e-07
3241.2, -1.4241e-07
3243.2, -1.425e-07
3245.2, -1.426e-07
3247.2, -1.4269e-07
3249.2, -1.4278e-07
3251.2, -1.4287e-07
3253.2, -1.4295e-07
3255.3, -1.4304e-07
3257.3, -1.4313e-07
3259.3, -1.4323e-07
3261.3, -1.4333e-07
3263.3, -1.4342e-07
3265.3, -1.4351e-07
3267.3, -1.4361e-07
3269.3, -1.4371e-07
3271.3, -1.4381e-07
3273.3, -1.439e-07
3275.3, -1.44e-07
3277.3, -1.441e-07
3279.3, -1.4419e-07
3281.3, -1.4428e-07
3283.3, -1.4438e-07
3285.3, -1.4447e-07
3287.3, -1.4457e-07
3289.3, -1.4466e-07
3291.3, -1.4476e-07
3293.3, -1.4485e-07
3295.3, -1.4494e-07
3297.3, -1.4503e-07
3299.3, -1.4512e-07
3301.3, -1.4521e-07
3303.3, -1.4531e-07
3305.3, -1.454e-07
3307.3, -1.4549e-07
3309.3, -1.4558e-07
3311.3, -1.4567e-07
3313.3, -1.4576e-07
3315.3, -1.4586e-07
3317.3, -1.4595e-07
3319.3, -1.4603e-07
3321.3, -1.4612e-07
3323.3, -1.4621e-07
3325.3, -1.4629e-07
3327.3, -1.4638e-07
3329.3, -1.4647e-07
3331.3, -1.4656e-07
3333.3, -1.4665e-07
3335.3, -1.4673e-07
3337.3, -1.4682e-07
3339.3, -1.4691e-07
3341.3, -1.47e-07
3343.3, -1.4709e-07
3345.3, -1.4718e-07
3347.3, -1.4727e-07
3349.3, -1.4736e-07
3351.3, -1.4746e-07
3353.3, -1.4755e-07
3355.4, -1.4764e-07
3357.4, -1.4774e-07
3359.4, -1.4783e-07
3361.4, -1.4793e-07
3363.4, -1.4802e-07
3365.4, -1.4812e-07
3367.4, -1.4821e-07
3369.4, -1.483e-07
3371.4, -1.4839e-07
3373.4, -1.4848e-07
3375.4, -1.4857e-07
3377.4, -1.4867e-07
3379.4, -1.4876e-07
3381.4, -1.4885e-07
3383.4, -1.4894e-07
3385.4, -1.4903e-07
3387.4, -1.4912e-07
3389.4, -1.4921e-07
3391.4, -1.493e-07
3393.4, -1.4939e-07
3395.4, -1.4949e-07
3397.4, -1.4958e-07
3399.4, -1.4968e-07
3401.4, -1.4977e-07
3403.4, -1.4986e-07
3405.4, -1.4995e-07
3407.4, -1.5004e-07
3409.4, -1.5013e-07
3411.4, -1.5022e-07
3413.4, -1.503e-07
3415.4, -1.5039e-07
3417.4, -1.5047e-07
3419.4, -1.5056e-07
3421.4, -1.5065e-07
3423.4, -1.5074e-07
3425.4, -1.5082e-07
3427.4, -1.5091e-07
3429.4, -1.51e-07
3431.4, -1.5108e-07
3433.4, -1.5116e-07
3435.4, -1.5125e-07
3437.4, -1.5133e-07
3439.4, -1.5141e-07
3441.4, -1.515e-07
3443.4, -1.5158e-07
3445.4, -1.5167e-07
3447.4, -1.5175e-07
3449.4, -1.5184e-07
3451.4, -1.5193e-07
3453.4, -1.5202e-07
3455.5, -1.5211e-07
3457.5, -1.5219e-07
3459.5, -1.5228e-07
3461.5, -1.5237e-07
3463.5, -1.5246e-07
3465.5, -1.5255e-07
3467.5, -1.5265e-07
3469.5, -1.5274e-07
3471.5, -1.5282e-07
3473.5, -1.5291e-07
3475.5, -1.53e-07
3477.5, -1.5308e-07
3479.5, -1.5318e-07
3481.5, -1.5327e-07
3483.5, -1.5335e-07
3485.5, -1.5344e-07
3487.5, -1.5353e-07
3489.5, -1.5362e-07
3491.5, -1.5371e-07
3493.5, -1.5381e-07
3495.5, -1.539e-07
3497.5, -1.5399e-07
3499.5, -1.5407e-07
3501.5, -1.5416e-07
3503.5, -1.5425e-07
3505.5, -1.5434e-07
3507.5, -1.5442e-07
3509.5, -1.5451e-07
3511.5, -1.5459e-07
3513.5, -1.5468e-07
3515.5, -1.5477e-07
3517.5, -1.5486e-07
3519.5, -1.5495e-07
3521.5, -1.5505e-07
3523.5, -1.5514e-07
3525.5, -1.5524e-07
3527.5, -1.5533e-07
3529.5, -1.5543e-07
3531.5, -1.5553e-07
3533.5, -1.5562e-07
3535.5, -1.5571e-07
3537.5, -1.558e-07
3539.5, -1.5588e-07
3541.5, -1.5598e-07
3543.5, -1.5607e-07
3545.5, -1.5616e-07
3547.5, -1.5626e-07
3549.5, -1.5635e-07
3551.5, -1.5644e-07
3553.5, -1.5653e-07
3555.6, -1.5662e-07
3557.6, -1.5671e-07
3559.6, -1.5679e-07
3561.6, -1.5688e-07
3563.6, -1.5698e-07
3565.6, -1.5707e-07
3567.6, -1.5717e-07
3569.6, -1.5726e-07
3571.6, -1.5735e-07
3573.6, -1.5745e-07
3575.6, -1.5754e-07
3577.6, -1.5763e-07
3579.6, -1.5772e-07
3581.6, -1.5782e-07
3583.6, -1.5792e-07
3585.6, -1.5801e-07
3587.6, -1.581e-07
3589.6, -1.5819e-07
3591.6, -1.5828e-07
3593.6, -1.5838e-07
3595.6, -1.5848e-07
3597.6, -1.5858e-07
3599.6, -1.5867e-07
3601.6, -1.5877e-07
3603.6, -1.5887e-07
3605.6, -1.5897e-07
3607.6, -1.5906e-07
3609.6, -1.5916e-07
3611.6, -1.5926e-07
3613.6, -1.5934e-07
3615.6, -1.5943e-07
3617.6, -1.5952e-07
3619.6, -1.5961e-07
3621.6, -1.597e-07
3623.6, -1.5979e-07
3625.6, -1.5988e-07
3627.6, -1.5997e-07
3629.6, -1.6006e-07
3631.6, -1.6015e-07
3633.6, -1.6024e-07
3635.6, -1.6033e-07
3637.6, -1.6042e-07
3639.6, -1.6052e-07
3641.6, -1.6061e-07
3643.6, -1.607e-07
3645.6, -1.6079e-07
3647.6, -1.6089e-07
3649.6, -1.6098e-07
3651.6, -1.6107e-07
3653.6, -1.6117e-07
3655.7, -1.6126e-07
3657.7, -1.6135e-07
3659.7, -1.6144e-07
3661.7, -1.6153e-07
3663.7, -1.6163e-07
3665.7, -1.6172e-07
3667.7, -1.6181e-07
3669.7, -1.6191e-07
3671.7, -1.62e-07
3673.7, -1.6209e-07
3675.7, -1.6219e-07
3677.7, -1.6228e-07
3679.7, -1.6238e-07
3681.7, -1.6248e-07
3683.7, -1.6257e-07
3685.7, -1.6266e-07
3687.7, -1.6275e-07
3689.7, -1.6284e-07
3691.7, -1.6293e-07
3693.7, -1.6302e-07
3695.7, -1.6311e-07
3697.7, -1.6321e-07
3699.7, -1.633e-07
3701.7, -1.6339e-07
3703.7, -1.6349e-07
3705.7, -1.6358e-07
3707.7, -1.6368e-07
3709.7, -1.6377e-07
3711.7, -1.6386e-07
3713.7, -1.6395e-07
3715.7, -1.6404e-07
3717.7, -1.6413e-07
3719.7, -1.6422e-07
3721.7, -1.6431e-07
3723.7, -1.644e-07
3725.7, -1.645e-07
3727.7, -1.6458e-07
3729.7, -1.6468e-07
3731.7, -1.6476e-07
3733.7, -1.6485e-07
3735.7, -1.6494e-07
3737.7, -1.6503e-07
3739.7, -1.6511e-07
3741.7, -1.652e-07
3743.7, -1.6529e-07
3745.7, -1.6538e-07
3747.7, -1.6546e-07
3749.7, -1.6554e-07
3751.7, -1.6563e-07
3753.7, -1.6572e-07
3755.8, -1.6581e-07
3757.8, -1.659e-07
3759.8, -1.6599e-07
3761.8, -1.6608e-07
3763.8, -1.6618e-07
3765.8, -1.6626e-07
3767.8, -1.6635e-07
3769.8, -1.6644e-07
3771.8, -1.6653e-07
3773.8, -1.6661e-07
3775.8, -1.667e-07
3777.8, -1.6678e-07
3779.8, -1.6687e-07
3781.8, -1.6696e-07
3783.8, -1.6705e-07
3785.8, -1.6713e-07
3787.8, -1.6723e-07
3789.8, -1.6732e-07
3791.8, -1.6741e-07
3793.8, -1.6749e-07
3795.8, -1.6758e-07
3797.8, -1.6767e-07
3799.8, -1.6776e-07
3801.8, -1.6785e-07
3803.8, -1.6795e-07
3805.8, -1.6804e-07
3807.8, -1.6812e-07
3809.8, -1.6821e-07
3811.8, -1.683e-07
3813.8, -1.6838e-07
3815.8, -1.6847e-07
3817.8, -1.6856e-07
3819.8, -1.6865e-07
3821.8, -1.6873e-07
3823.8, -1.6882e-07
3825.8, -1.6891e-07
3827.8, -1.6901e-07
3829.8, -1.691e-07
3831.8, -1.6919e-07
3833.8, -1.6928e-07
3835.8, -1.6937e-07
3837.8, -1.6946e-07
3839.8, -1.6955e-07
3841.8, -1.6964e-07
3843.8, -1.6973e-07
3845.8, -1.6982e-07
3847.8, -1.6991e-07
3849.8, -1.7e-07
3851.8, -1.7009e-07
3853.8, -1.7019e-07
3855.9, -1.7028e-07
3857.9, -1.7037e-07
3859.9, -1.7047e-07
3861.9, -1.7056e-07
3863.9, -1.7064e-07
3865.9, -1.7073e-07
3867.9, -1.7081e-07
3869.9, -1.709e-07
3871.9, -1.7099e-07
3873.9, -1.7108e-07
3875.9, -1.7117e-07
3877.9, -1.7126e-07
3879.9, -1.7135e-07
3881.9, -1.7144e-07
3883.9, -1.7154e-07
3885.9, -1.7163e-07
3887.9, -1.7172e-07
3889.9, -1.7181e-07
3891.9, -1.719e-07
3893.9, -1.7199e-07
3895.9, -1.7208e-07
3897.9, -1.7217e-07
3899.9, -1.7225e-07
3901.9, -1.7234e-07
3903.9, -1.7243e-07
3905.9, -1.7252e-07
3907.9, -1.7261e-07
3909.9, -1.727e-07
3911.9, -1.7279e-07
3913.9, -1.7289e-07
3915.9, -1.7298e-07
3917.9, -1.7306e-07
3919.9, -1.7315e-07
3921.9, -1.7325e-07
3923.9, -1.7334e-07
3925.9, -1.7343e-07
3927.9, -1.7353e-07
3929.9, -1.7362e-07
3931.9, -1.7372e-07
3933.9, -1.7381e-07
3935.9, -1.739e-07
3937.9, -1.74e-07
3939.9, -1.7409e-07
3941.9, -1.7418e-07
3943.9, -1.7427e-07
3945.9, -1.7436e-07
3947.9, -1.7445e-07
3949.9, -1.7453e-07
3951.9, -1.7462e-07
3953.9, -1.7471e-07
3956.0, -1.7479e-07
3958.0, -1.7488e-07
3960.0, -1.7497e-07
3962.0, -1.7505e-07
3964.0, -1.7514e-07
3966.0, -1.7522e-07
3968.0, -1.753e-07
3970.0, -1.754e-07
3972.0, -1.7549e-07
3974.0, -1.7557e-07
3976.0, -1.7566e-07
3978.0, -1.7574e-07
3980.0, -1.7583e-07
3982.0, -1.7592e-07
3984.0, -1.76e-07
3986.0, -1.7609e-07
3988.0, -1.7618e-07
3990.0, -1.7627e-07
3992.0, -1.7636e-07
3994.0, -1.7645e-07
3996.0, -1.7654e-07
3998.0, -1.7663e-07
4000.0, -1.7672e-07
4002.0, -1.7681e-07
4004.0, -1.7691e-07
4006.0, -1.7699e-07
4008.0, -1.7709e-07
4010.0, -1.7717e-07
4012.0, -1.7726e-07
4014.0, -1.7735e-07
4016.0, -1.7744e-07
4018.0, -1.7753e-07
4020.0, -1.7763e-07
4022.0, -1.7772e-07
4024.0, -1.7782e-07
4026.0, -1.7791e-07
4028.0, -1.78e-07
4030.0, -1.7809e-07
4032.0, -1.7819e-07
4034.0, -1.7828e-07
4036.0, -1.7838e-07
4038.0, -1.7847e-07
4040.0, -1.7857e-07
4042.0, -1.7867e-07
4044.0, -1.7877e-07
4046.0, -1.7886e-07
4048.0, -1.7895e-07
4050.0, -1.7904e-07
4052.0, -1.7913e-07
4054.0, -1.7923e-07
4056.1, -1.7933e-07
4058.1, -1.7943e-07
4060.1, -1.7952e-07
4062.1, -1.7962e-07
4064.1, -1.7971e-07
4066.1, -1.798e-07
4068.1, -1.799e-07
4070.1, -1.7999e-07
4072.1, -1.8008e-07
4074.1, -1.8017e-07
4076.1, -1.8027e-07
4078.1, -1.8036e-07
4080.1, -1.8046e-07
4082.1, -1.8055e-07
4084.1, -1.8065e-07
4086.1, -1.8075e-07
4088.1, -1.8084e-07
4090.1, -1.8094e-07
4092.1, -1.8104e-07
4094.1, -1.8113e-07
4096.1, -1.8122e-07
4098.1, -1.8132e-07
4100.1, -1.8141e-07
4102.1, -1.815e-07
4104.1, -1.8159e-07
4106.1, -1.8168e-07
4108.1, -1.8177e-07
4110.1, -1.8188e-07
4112.1, -1.8197e-07
4114.1, -1.8207e-07
4116.1, -1.8217e-07
4118.1, -1.8226e-07
4120.1, -1.8236e-07
4122.1, -1.8245e-07
4124.1, -1.8255e-07
4126.1, -1.8264e-07
4128.1, -1.8273e-07
4130.1, -1.8283e-07
4132.1, -1.8293e-07
4134.1, -1.8302e-07
4136.1, -1.8311e-07
4138.1, -1.8319e-07
4140.1, -1.8329e-07
4142.1, -1.8339e-07
4144.1, -1.8348e-07
4146.1, -1.8358e-07
4148.1, -1.8367e-07
4150.1, -1.8376e-07
4152.1, -1.8385e-07
4154.1, -1.8394e-07
4156.2, -1.8403e-07
4158.2, -1.8412e-07
4160.2, -1.8421e-07
4162.2, -1.843e-07
4164.2, -1.8439e-07
4166.2, -1.8449e-07
4168.2, -1.8458e-07
4170.2, -1.8467e-07
4172.2, -1.8476e-07
4174.2, -1.8485e-07
4176.2, -1.8494e-07
4178.2, -1.8503e-07
4180.2, -1.8513e-07
4182.2, -1.8522e-07
4184.2, -1.8531e-07
4186.2, -1.854e-07
4188.2, -1.8549e-07
4190.2, -1.8557e-07
4192.2, -1.8566e-07
4194.2, -1.8576e-07
4196.2, -1.8585e-07
4198.2, -1.8594e-07
4200.2, -1.8603e-07
4202.2, -1.8612e-07
4204.2, -1.862e-07
4206.2, -1.8628e-07
4208.2, -1.8637e-07
4210.2, -1.8645e-07
4212.2, -1.8655e-07
4214.2, -1.8664e-07
4216.2, -1.8673e-07
4218.2, -1.8682e-07
4220.2, -1.8691e-07
4222.2, -1.87e-07
4224.2, -1.8709e-07
4226.2, -1.8718e-07
4228.2, -1.8728e-07
4230.2, -1.8738e-07
4232.2, -1.8747e-07
4234.2, -1.8757e-07
4236.2, -1.8767e-07
4238.2, -1.8776e-07
4240.2, -1.8786e-07
4242.2, -1.8795e-07
4244.2, -1.8804e-07
4246.2, -1.8813e-07
4248.2, -1.8822e-07
4250.2, -1.8832e-07
4252.2, -1.8841e-07
4254.2, -1.8851e-07
4256.3, -1.886e-07
4258.3, -1.887e-07
4260.3, -1.8878e-07
4262.3, -1.8887e-07
4264.3, -1.8896e-07
4266.3, -1.8905e-07
4268.3, -1.8914e-07
4270.3, -1.8923e-07
4272.3, -1.8932e-07
4274.3, -1.8941e-07
4276.3, -1.8951e-07
4278.3, -1.8959e-07
4280.3, -1.8968e-07
4282.3, -1.8977e-07
4284.3, -1.8986e-07
4286.3, -1.8995e-07
4288.3, -1.9005e-07
4290.3, -1.9014e-07
4292.3, -1.9024e-07
4294.3, -1.9033e-07
4296.3, -1.9043e-07
4298.3, -1.9052e-07
4300.3, -1.9062e-07
4302.3, -1.9071e-07
4304.3, -1.908e-07
4306.3, -1.9089e-07
4308.3, -1.9098e-07
4310.3, -1.9107e-07
4312.3, -1.9117e-07
4314.3, -1.9126e-07
4316.3, -1.9135e-07
4318.3, -1.9144e-07
4320.3, -1.9153e-07
4322.3, -1.9162e-07
4324.3, -1.9171e-07
4326.3, -1.918e-07
4328.3, -1.9189e-07
4330.3, -1.9198e-07
4332.3, -1.9208e-07
4334.3, -1.9217e-07
4336.3, -1.9225e-07
4338.3, -1.9235e-07
4340.3, -1.9244e-07
4342.3, -1.9253e-07
4344.3, -1.9262e-07
4346.3, -1.927e-07
4348.3, -1.9279e-07
4350.3, -1.9288e-07
4352.3, -1.9296e-07
4354.3, -1.9305e-07
4356.4, -1.9314e-07
4358.4, -1.9323e-07
4360.4, -1.9332e-07
4362.4, -1.9341e-07
4364.4, -1.935e-07
4366.4, -1.9359e-07
4368.4, -1.9367e-07
4370.4, -1.9377e-07
4372.4, -1.9385e-07
4374.4, -1.9393e-07
4376.4, -1.9402e-07
4378.4, -1.9411e-07
4380.4, -1.9419e-07
4382.4, -1.9428e-07
4384.4, -1.9437e-07
4386.4, -1.9446e-07
4388.4, -1.9455e-07
4390.4, -1.9463e-07
4392.4, -1.9472e-07
4394.4, -1.9481e-07
4396.4, -1.949e-07
4398.4, -1.9498e-07
4400.4, -1.9507e-07
4402.4, -1.9516e-07
4404.4, -1.9524e-07
4406.4, -1.9533e-07
4408.4, -1.9542e-07
4410.4, -1.9551e-07
4412.4, -1.956e-07
4414.4, -1.9569e-07
4416.4, -1.9578e-07
4418.4, -1.9586e-07
4420.4, -1.9595e-07
4422.4, -1.9604e-07
4424.4, -1.9613e-07
4426.4, -1.9621e-07
4428.4, -1.963e-07
4430.4, -1.9639e-07
4432.4, -1.9648e-07
4434.4, -1.9657e-07
4436.4, -1.9665e-07
4438.4, -1.9674e-07
4440.4, -1.9683e-07
4442.4, -1.9692e-07
4444.4, -1.9701e-07
4446.4, -1.9709e-07
4448.4, -1.9717e-07
4450.4, -1.9725e-07
4452.4, -1.9734e-07
4454.4, -1.9743e-07
4456.5, -1.9751e-07
4458.5, -1.976e-07
4460.5, -1.9769e-07
4462.5, -1.9778e-07
4464.5, -1.9787e-07
4466.5, -1.9796e-07
4468.5, -1.9805e-07
4470.5, -1.9814e-07
4472.5, -1.9823e-07
4474.5, -1.9832e-07
4476.5, -1.9841e-07
4478.5, -1.985e-07
4480.5, -1.9859e-07
4482.5, -1.9868e-07
4484.5, -1.9877e-07
4486.5, -1.9887e-07
4488.5, -1.9896e-07
4490.5, -1.9905e-07
4492.5, -1.9914e-07
4494.5, -1.9923e-07
4496.5, -1.9933e-07
4498.5, -1.9942e-07
4500.5, -1.9951e-07
4502.5, -1.996e-07
4504.5, -1.9969e-07
4506.5, -1.9979e-07
4508.5, -1.9988e-07
4510.5, -1.9997e-07
4512.5, -2.0007e-07
4514.5, -2.0015e-07
4516.5, -2.0024e-07
4518.5, -2.0033e-07
4520.5, -2.0041e-07
4522.5, -2.005e-07
4524.5, -2.0058e-07
4526.5, -2.0067e-07
4528.5, -2.0076e-07
4530.5, -2.0085e-07
4532.5, -2.0093e-07
4534.5, -2.0102e-07
4536.5, -2.0111e-07
4538.5, -2.012e-07
4540.5, -2.0129e-07
4542.5, -2.0138e-07
4544.5, -2.0146e-07
4546.5, -2.0155e-07
4548.5, -2.0164e-07
4550.5, -2.0172e-07
4552.5, -2.0181e-07
4554.5, -2.019e-07
4556.6, -2.0199e-07
4558.6, -2.0208e-07
4560.6, -2.0217e-07
4562.6, -2.0226e-07
4564.6, -2.0235e-07
4566.6, -2.0243e-07
4568.6, -2.0252e-07
4570.6, -2.0261e-07
4572.6, -2.027e-07
4574.6, -2.0279e-07
4576.6, -2.0287e-07
4578.6, -2.0295e-07
4580.6, -2.0304e-07
4582.6, -2.0313e-07
4584.6, -2.0322e-07
4586.6, -2.0331e-07
4588.6, -2.034e-07
4590.6, -2.0349e-07
4592.6, -2.0358e-07
4594.6, -2.0367e-07
4596.6, -2.0376e-07
4598.6, -2.0384e-07
4600.6, -2.0393e-07
4602.6, -2.0402e-07
4604.6, -2.0411e-07
4606.6, -2.0419e-07
4608.6, -2.0427e-07
4610.6, -2.0436e-07
4612.6, -2.0445e-07
4614.6, -2.0453e-07
4616.6, -2.0462e-07
4618.6, -2.0471e-07
4620.6, -2.048e-07
4622.6, -2.0489e-07
4624.6, -2.0497e-07
4626.6, -2.0506e-07
4628.6, -2.0515e-07
4630.6, -2.0523e-07
4632.6, -2.0532e-07
4634.6, -2.0541e-07
4636.6, -2.055e-07
4638.6, -2.0559e-07
4640.6, -2.0567e-07
4642.6, -2.0576e-07
4644.6, -2.0584e-07
4646.6, -2.0592e-07
4648.6, -2.0601e-07
4650.6, -2.0609e-07
4652.6, -2.0618e-07
4654.6, -2.0626e-07
4656.7, -2.0634e-07
4658.7, -2.0642e-07
4660.7, -2.0651e-07
4662.7, -2.0659e-07
4664.7, -2.0668e-07
4666.7, -2.0677e-07
4668.7, -2.0686e-07
4670.7, -2.0694e-07
4672.7, -2.0703e-07
4674.7, -2.0712e-07
4676.7, -2.0721e-07
4678.7, -2.073e-07
4680.7, -2.0739e-07
4682.7, -2.0748e-07
4684.7, -2.0756e-07
4686.7, -2.0765e-07
4688.7, -2.0774e-07
4690.7, -2.0783e-07
4692.7, -2.0792e-07
4694.7, -2.0801e-07
4696.7, -2.081e-07
4698.7, -2.0818e-07
4700.7, -2.0827e-07
4702.7, -2.0835e-07
4704.7, -2.0844e-07
4706.7, -2.0852e-07
4708.7, -2.0861e-07
4710.7, -2.087e-07
4712.7, -2.0879e-07
4714.7, -2.0887e-07
4716.7, -2.0896e-07
4718.7, -2.0905e-07
4720.7, -2.0914e-07
4722.7, -2.0923e-07
4724.7, -2.0931e-07
4726.7, -2.094e-07
4728.7, -2.0948e-07
4730.7, -2.0957e-07
4732.7, -2.0966e-07
4734.7, -2.0975e-07
4736.7, -2.0984e-07
4738.7, -2.0994e-07
4740.7, -2.1003e-07
4742.7, -2.1012e-07
4744.7, -2.1021e-07
4746.7, -2.1031e-07
4748.7, -2.104e-07
4750.7, -2.1049e-07
4752.7, -2.1058e-07
4754.7, -2.1068e-07
4756.8, -2.1077e-07
4758.8, -2.1087e-07
4760.8, -2.1097e-07
4762.8, -2.1106e-07
4764.8, -2.1115e-07
4766.8, -2.1125e-07
4768.8, -2.1133e-07
4770.8, -2.1142e-07
4772.8, -2.1151e-07
4774.8, -2.116e-07
4776.8, -2.1169e-07
4778.8, -2.1177e-07
4780.8, -2.1186e-07
4782.8, -2.1195e-07
4784.8, -2.1204e-07
4786.8, -2.1214e-07
4788.8, -2.1223e-07
4790.8, -2.1232e-07
4792.8, -2.1242e-07
4794.8, -2.1251e-07
4796.8, -2.1261e-07
4798.8, -2.127e-07
4800.8, -2.1279e-07
4802.8, -2.1288e-07
4804.8, -2.1297e-07
4806.8, -2.1305e-07
4808.8, -2.1314e-07
4810.8, -2.1322e-07
4812.8, -2.1331e-07
4814.8, -2.1341e-07
4816.8, -2.135e-07
4818.8, -2.1358e-07
4820.8, -2.1368e-07
4822.8, -2.1377e-07
4824.8, -2.1386e-07
4826.8, -2.1395e-07
4828.8, -2.1405e-07
4830.8, -2.1414e-07
4832.8, -2.1424e-07
4834.8, -2.1433e-07
4836.8, -2.1442e-07
4838.8, -2.1451e-07
4840.8, -2.146e-07
4842.8, -2.1469e-07
4844.8, -2.1478e-07
4846.8, -2.1487e-07
4848.8, -2.1496e-07
4850.8, -2.1505e-07
4852.8, -2.1515e-07
4854.8, -2.1524e-07
4856.9, -2.1533e-07
4858.9, -2.1542e-07
4860.9, -2.1551e-07
4862.9, -2.1561e-07
4864.9, -2.157e-07
4866.9, -2.158e-07
4868.9, -2.1589e-07
4870.9, -2.1598e-07
4872.9, -2.1607e-07
4874.9, -2.1617e-07
4876.9, -2.1626e-07
4878.9, -2.1635e-07
4880.9, -2.1644e-07
4882.9, -2.1652e-07
4884.9, -2.1662e-07
4886.9, -2.1671e-07
4888.9, -2.1679e-07
4890.9, -2.1688e-07
4892.9, -2.1697e-07
4894.9, -2.1705e-07
4896.9, -2.1714e-07
4898.9, -2.1724e-07
4900.9, -2.1733e-07
4902.9, -2.1742e-07
4904.9, -2.1751e-07
4906.9, -2.176e-07
4908.9, -2.1769e-07
4910.9, -2.1778e-07
4912.9, -2.1788e-07
4914.9, -2.1797e-07
4916.9, -2.1806e-07
4918.9, -2.1816e-07
4920.9, -2.1825e-07
4922.9, -2.1834e-07
4924.9, -2.1843e-07
4926.9, -2.1852e-07
4928.9, -2.1861e-07
4930.9, -2.187e-07
4932.9, -2.188e-07
4934.9, -2.1889e-07
4936.9, -2.1899e-07
4938.9, -2.1908e-07
4940.9, -2.1917e-07
4942.9, -2.1926e-07
4944.9, -2.1935e-07
4946.9, -2.1944e-07
4948.9, -2.1953e-07
4950.9, -2.1963e-07
4952.9, -2.1971e-07
4954.9, -2.198e-07
4957.0, -2.1989e-07
4959.0, -2.1998e-07
4961.0, -2.2007e-07
4963.0, -2.2016e-07
4965.0, -2.2025e-07
4967.0, -2.2033e-07
4969.0, -2.2042e-07
4971.0, -2.2051e-07
4973.0, -2.206e-07
4975.0, -2.2069e-07
4977.0, -2.2077e-07
4979.0, -2.2085e-07
4981.0, -2.2094e-07
4983.0, -2.2103e-07
4985.0, -2.2112e-07
4987.0, -2.2121e-07
4989.0, -2.2129e-07
4991.0, -2.2138e-07
4993.0, -2.2147e-07
4995.0, -2.2156e-07
4997.0, -2.2165e-07
4999.0, -2.2173e-07
5001.0, -2.2182e-07
5003.0, -2.219e-07
5005.0, -2.2199e-07
5007.0, -2.2208e-07
5009.0, -2.2216e-07
5011.0, -2.2225e-07
5013.0, -2.2233e-07
5015.0, -2.2241e-07
5017.0, -2.225e-07
5019.0, -2.2258e-07
5021.0, -2.2267e-07
5023.0, -2.2275e-07
5025.0, -2.2284e-07
5027.0, -2.2293e-07
5029.0, -2.2302e-07
5031.0, -2.231e-07
5033.0, -2.2319e-07
5035.0, -2.2328e-07
5037.0, -2.2336e-07
5039.0, -2.2344e-07
5041.0, -2.2353e-07
5043.0, -2.2361e-07
5045.0, -2.2369e-07
5047.0, -2.2378e-07
5049.0, -2.2386e-07
5051.0, -2.2394e-07
5053.0, -2.2403e-07
5055.0, -2.2411e-07
5057.1, -2.242e-07
5059.1, -2.2428e-07
5061.1, -2.2436e-07
5063.1, -2.2445e-07
5065.1, -2.2453e-07
5067.1, -2.2461e-07
5069.1, -2.2469e-07
5071.1, -2.2478e-07
5073.1, -2.2486e-07
5075.1, -2.2494e-07
5077.1, -2.2502e-07
5079.1, -2.251e-07
5081.1, -2.2518e-07
5083.1, -2.2527e-07
5085.1, -2.2535e-07
5087.1, -2.2544e-07
5089.1, -2.2552e-07
5091.1, -2.256e-07
5093.1, -2.2568e-07
5095.1, -2.2577e-07
5097.1, -2.2585e-07
5099.1, -2.2593e-07
5101.1, -2.2601e-07
5103.1, -2.261e-07
5105.1, -2.2618e-07
5107.1, -2.2626e-07
5109.1, -2.2633e-07
5111.1, -2.2642e-07
5113.1, -2.265e-07
5115.1, -2.2658e-07
5117.1, -2.2666e-07
5119.1, -2.2674e-07
5121.1, -2.2682e-07
5123.1, -2.269e-07
5125.1, -2.2699e-07
5127.1, -2.2708e-07
5129.1, -2.2716e-07
5131.1, -2.2724e-07
5133.1, -2.2733e-07
5135.1, -2.2742e-07
5137.1, -2.275e-07
5139.1, -2.2758e-07
5141.1, -2.2767e-07
5143.1, -2.2776e-07
5145.1, -2.2784e-07
5147.1, -2.2793e-07
5149.1, -2.2801e-07
5151.1, -2.281e-07
5153.1, -2.2818e-07
5155.1, -2.2826e-07
5157.2, -2.2835e-07
5159.2, -2.2844e-07
5161.2, -2.2852e-07
5163.2, -2.286e-07
5165.2, -2.2868e-07
5167.2, -2.2877e-07
5169.2, -2.2885e-07
5171.2, -2.2893e-07
5173.2, -2.2902e-07
5175.2, -2.2911e-07
5177.2, -2.2919e-07
5179.2, -2.2927e-07
5181.2, -2.2936e-07
5183.2, -2.2945e-07
5185.2, -2.2953e-07
5187.2, -2.2962e-07
5189.2, -2.2971e-07
5191.2, -2.298e-07
5193.2, -2.2989e-07
5195.2, -2.2998e-07
5197.2, -2.3006e-07
5199.2, -2.3015e-07
5201.2, -2.3024e-07
5203.2, -2.3032e-07
5205.2, -2.3041e-07
5207.2, -2.3049e-07
5209.2, -2.3057e-07
5211.2, -2.3065e-07
5213.2, -2.3073e-07
5215.2, -2.3082e-07
5217.2, -2.309e-07
5219.2, -2.3099e-07
5221.2, -2.3107e-07
5223.2, -2.3116e-07
5225.2, -2.3124e-07
5227.2, -2.3132e-07
5229.2, -2.3141e-07
5231.2, -2.3149e-07
5233.2, -2.3158e-07
5235.2, -2.3166e-07
5237.2, -2.3174e-07
5239.2, -2.3182e-07
5241.2, -2.319e-07
5243.2, -2.3198e-07
5245.2, -2.3207e-07
5247.2, -2.3216e-07
5249.2, -2.3224e-07
5251.2, -2.3233e-07
5253.2, -2.3241e-07
5255.2, -2.3249e-07
5257.3, -2.3257e-07
5259.3, -2.3265e-07
5261.3, -2.3273e-07
5263.3, -2.3281e-07
5265.3, -2.3289e-07
5267.3, -2.3297e-07
5269.3, -2.3305e-07
5271.3, -2.3313e-07
5273.3, -2.3321e-07
5275.3, -2.3329e-07
5277.3, -2.3337e-07
5279.3, -2.3345e-07
5281.3, -2.3354e-07
5283.3, -2.3363e-07
5285.3, -2.3371e-07
5287.3, -2.338e-07
5289.3, -2.3388e-07
5291.3, -2.3397e-07
5293.3, -2.3405e-07
5295.3, -2.3414e-07
5297.3, -2.3423e-07
5299.3, -2.3431e-07
5301.3, -2.344e-07
5303.3, -2.3448e-07
5305.3, -2.3457e-07
5307.3, -2.3466e-07
5309.3, -2.3475e-07
5311.3, -2.3484e-07
5313.3, -2.3493e-07
5315.3, -2.3501e-07
5317.3, -2.351e-07
5319.3, -2.3518e-07
5321.3, -2.3527e-07
5323.3, -2.3536e-07
5325.3, -2.3544e-07
5327.3, -2.3552e-07
5329.3, -2.3561e-07
5331.3, -2.3569e-07
5333.3, -2.3577e-07
5335.3, -2.3585e-07
5337.3, -2.3593e-07
5339.3, -2.3601e-07
5341.3, -2.3609e-07
5343.3, -2.3617e-07
5345.3, -2.3626e-07
5347.3, -2.3634e-07
5349.3, -2.3643e-07
5351.3, -2.3651e-07
5353.3, -2.3659e-07
5355.3, -2.3668e-07
5357.4, -2.3676e-07
5359.4, -2.3685e-07
5361.4, -2.3694e-07
5363.4, -2.3703e-07
5365.4, -2.3712e-07
5367.4, -2.3721e-07
5369.4, -2.3729e-07
5371.4, -2.3738e-07
5373.4, -2.3747e-07
5375.4, -2.3756e-07
5377.4, -2.3765e-07
5379.4, -2.3774e-07
5381.4, -2.3782e-07
5383.4, -2.3791e-07
5385.4, -2.3799e-07
5387.4, -2.3807e-07
5389.4, -2.3816e-07
5391.4, -2.3824e-07
5393.4, -2.3833e-07
5395.4, -2.3841e-07
5397.4, -2.385e-07
5399.4, -2.3858e-07
5401.4, -2.3867e-07
5403.4, -2.3875e-07
5405.4, -2.3884e-07
5407.4, -2.3892e-07
5409.4, -2.39e-07
5411.4, -2.3908e-07
5413.4, -2.3917e-07
5415.4, -2.3925e-07
5417.4, -2.3933e-07
5419.4, -2.3941e-07
5421.4, -2.3949e-07
5423.4, -2.3958e-07
5425.4, -2.3966e-07
5427.4, -2.3974e-07
5429.4, -2.3982e-07
5431.4, -2.399e-07
5433.4, -2.3998e-07
5435.4, -2.4007e-07
5437.4, -2.4016e-07
5439.4, -2.4024e-07
5441.4, -2.4033e-07
5443.4, -2.4041e-07
5445.4, -2.405e-07
5447.4, -2.4058e-07
5449.4, -2.4067e-07
5451.4, -2.4076e-07
5453.4, -2.4084e-07
5455.4, -2.4093e-07
5457.5, -2.4102e-07
5459.5, -2.411e-07
5461.5, -2.4119e-07
5463.5, -2.4128e-07
5465.5, -2.4137e-07
5467.5, -2.4145e-07
5469.5, -2.4153e-07
5471.5, -2.4161e-07
5473.5, -2.417e-07
5475.5, -2.4178e-07
5477.5, -2.4186e-07
5479.5, -2.4193e-07
5481.5, -2.4202e-07
5483.5, -2.4209e-07
5485.5, -2.4217e-07
5487.5, -2.4225e-07
5489.5, -2.4234e-07
5491.5, -2.4242e-07
5493.5, -2.425e-07
5495.5, -2.4258e-07
5497.5, -2.4265e-07
5499.5, -2.4273e-07
5501.5, -2.428e-07
5503.5, -2.4288e-07
5505.5, -2.4296e-07
5507.5, -2.4304e-07
5509.5, -2.4312e-07
5511.5, -2.432e-07
5513.5, -2.4329e-07
5515.5, -2.4337e-07
5517.5, -2.4345e-07
5519.5, -2.4352e-07
5521.5, -2.436e-07
5523.5, -2.4368e-07
5525.5, -2.4376e-07
5527.5, -2.4384e-07
5529.5, -2.4392e-07
5531.5, -2.44e-07
5533.5, -2.4407e-07
5535.5, -2.4415e-07
5537.5, -2.4423e-07
5539.5, -2.4431e-07
5541.5, -2.4439e-07
5543.5, -2.4447e-07
5545.5, -2.4455e-07
5547.5, -2.4463e-07
5549.5, -2.4472e-07
5551.5, -2.448e-07
5553.5, -2.4488e-07
5555.5, -2.4496e-07
5557.6, -2.4505e-07
5559.6, -2.4513e-07
5561.6, -2.4521e-07
5563.6, -2.4529e-07
5565.6, -2.4537e-07
5567.6, -2.4546e-07
5569.6, -2.4555e-07
5571.6, -2.4563e-07
5573.6, -2.4572e-07
5575.6, -2.4581e-07
5577.6, -2.4589e-07
5579.6, -2.4597e-07
5581.6, -2.4606e-07
5583.6, -2.4614e-07
5585.6, -2.4622e-07
5587.6, -2.4631e-07
5589.6, -2.4638e-07
5591.6, -2.4647e-07
5593.6, -2.4655e-07
5595.6, -2.4664e-07
5597.6, -2.4671e-07
5599.6, -2.4679e-07
5601.6, -2.4688e-07
5603.6, -2.4696e-07
5605.6, -2.4706e-07
5607.6, -2.4715e-07
5609.6, -2.4724e-07
5611.6, -2.4732e-07
5613.6, -2.4741e-07
5615.6, -2.475e-07
5617.6, -2.4758e-07
5619.6, -2.4767e-07
5621.6, -2.4776e-07
5623.6, -2.4784e-07
5625.6, -2.4793e-07
5627.6, -2.4801e-07
5629.6, -2.481e-07
5631.6, -2.4818e-07
5633.6, -2.4826e-07
5635.6, -2.4834e-07
5637.6, -2.4843e-07
5639.6, -2.4852e-07
5641.6, -2.486e-07
5643.6, -2.4869e-07
5645.6, -2.4878e-07
5647.6, -2.4886e-07
5649.6, -2.4895e-07
5651.6, -2.4904e-07
5653.6, -2.4913e-07
5655.6, -2.4923e-07
5657.7, -2.4931e-07
5659.7, -2.494e-07
5661.7, -2.4949e-07
5663.7, -2.4958e-07
5665.7, -2.4967e-07
5667.7, -2.4976e-07
5669.7, -2.4985e-07
5671.7, -2.4994e-07
5673.7, -2.5003e-07
5675.7, -2.5013e-07
5677.7, -2.5022e-07
5679.7, -2.5031e-07
5681.7, -2.504e-07
5683.7, -2.5049e-07
5685.7, -2.5058e-07
5687.7, -2.5068e-07
5689.7, -2.5077e-07
5691.7, -2.5086e-07
5693.7, -2.5095e-07
5695.7, -2.5104e-07
5697.7, -2.5113e-07
5699.7, -2.5122e-07
5701.7, -2.5131e-07
5703.7, -2.514e-07
5705.7, -2.5149e-07
5707.7, -2.5158e-07
5709.7, -2.5167e-07
5711.7, -2.5176e-07
5713.7, -2.5185e-07
5715.7, -2.5194e-07
5717.7, -2.5202e-07
5719.7, -2.5211e-07
5721.7, -2.522e-07
5723.7, -2.5229e-07
5725.7, -2.5239e-07
5727.7, -2.5248e-07
5729.7, -2.5257e-07
5731.7, -2.5266e-07
5733.7, -2.5275e-07
5735.7, -2.5283e-07
5737.7, -2.5291e-07
5739.7, -2.53e-07
5741.7, -2.5309e-07
5743.7, -2.5317e-07
5745.7, -2.5327e-07
5747.7, -2.5335e-07
5749.7, -2.5344e-07
5751.7, -2.5353e-07
5753.7, -2.5362e-07
5755.7, -2.5372e-07
5757.8, -2.5381e-07
5759.8, -2.539e-07
5761.8, -2.5399e-07
5763.8, -2.5408e-07
5765.8, -2.5416e-07
5767.8, -2.5425e-07
5769.8, -2.5434e-07
5771.8, -2.5442e-07
5773.8, -2.5451e-07
5775.8, -2.546e-07
5777.8, -2.5468e-07
5779.8, -2.5476e-07
5781.8, -2.5485e-07
5783.8, -2.5494e-07
5785.8, -2.5503e-07
5787.8, -2.5512e-07
5789.8, -2.552e-07
5791.8, -2.5529e-07
5793.8, -2.5538e-07
5795.8, -2.5547e-07
5797.8, -2.5556e-07
5799.8, -2.5564e-07
5801.8, -2.5572e-07
5803.8, -2.5581e-07
5805.8, -2.559e-07
5807.8, -2.5598e-07
5809.8, -2.5607e-07
5811.8, -2.5615e-07
5813.8, -2.5624e-07
5815.8, -2.5633e-07
5817.8, -2.5642e-07
5819.8, -2.565e-07
5821.8, -2.5659e-07
5823.8, -2.5668e-07
5825.8, -2.5677e-07
5827.8, -2.5685e-07
5829.8, -2.5694e-07
5831.8, -2.5703e-07
5833.8, -2.5712e-07
5835.8, -2.5721e-07
5837.8, -2.573e-07
5839.8, -2.5738e-07
5841.8, -2.5747e-07
5843.8, -2.5756e-07
5845.8, -2.5765e-07
5847.8, -2.5773e-07
5849.8, -2.5782e-07
5851.8, -2.5791e-07
5853.8, -2.58e-07
5855.8, -2.5809e-07
5857.9, -2.5817e-07
5859.9, -2.5825e-07
5861.9, -2.5834e-07
5863.9, -2.5842e-07
5865.9, -2.5851e-07
5867.9, -2.586e-07
5869.9, -2.5868e-07
5871.9, -2.5877e-07
5873.9, -2.5885e-07
5875.9, -2.5894e-07
5877.9, -2.5902e-07
5879.9, -2.591e-07
5881.9, -2.5919e-07
5883.9, -2.5927e-07
5885.9, -2.5935e-07
5887.9, -2.5943e-07
5889.9, -2.5952e-07
5891.9, -2.596e-07
5893.9, -2.5969e-07
5895.9, -2.5977e-07
5897.9, -2.5986e-07
5899.9, -2.5994e-07
5901.9, -2.6003e-07
5903.9, -2.6012e-07
5905.9, -2.602e-07
5907.9, -2.6028e-07
5909.9, -2.6037e-07
5911.9, -2.6046e-07
5913.9, -2.6055e-07
5915.9, -2.6064e-07
5917.9, -2.6073e-07
5919.9, -2.6082e-07
5921.9, -2.6092e-07
5923.9, -2.61e-07
5925.9, -2.611e-07
5927.9, -2.6119e-07
5929.9, -2.6129e-07
5931.9, -2.6138e-07
5933.9, -2.6147e-07
5935.9, -2.6156e-07
5937.9, -2.6166e-07
5939.9, -2.6175e-07
5941.9, -2.6184e-07
5943.9, -2.6193e-07
5945.9, -2.6202e-07
5947.9, -2.6211e-07
5949.9, -2.622e-07
5951.9, -2.6229e-07
5953.9, -2.6238e-07
5955.9, -2.6248e-07
5958.0, -2.6257e-07
5960.0, -2.6265e-07
5962.0, -2.6274e-07
5964.0, -2.6283e-07
5966.0, -2.6292e-07
5968.0, -2.6301e-07
5970.0, -2.631e-07
5972.0, -2.6319e-07
5974.0, -2.6328e-07
5976.0, -2.6337e-07
5978.0, -2.6346e-07
5980.0, -2.6355e-07
5982.0, -2.6364e-07
5984.0, -2.6373e-07
5986.0, -2.6383e-07
5988.0, -2.6391e-07
5990.0, -2.64e-07
5992.0, -2.6408e-07
5994.0, -2.6416e-07
5996.0, -2.6424e-07
5998.0, -2.6432e-07
6000.0, -2.644e-07
6002.0, -2.6448e-07
6004.0, -2.6456e-07
6006.0, -2.6465e-07
6008.0, -2.6473e-07
6010.0, -2.6481e-07
6012.0, -2.649e-07
6014.0, -2.6499e-07
6016.0, -2.6509e-07
6018.0, -2.6518e-07
6020.0, -2.6527e-07
6022.0, -2.6536e-07
6024.0, -2.6545e-07
6026.0, -2.6555e-07
6028.0, -2.6564e-07
6030.0, -2.6573e-07
6032.0, -2.6582e-07
6034.0, -2.6591e-07
6036.0, -2.6601e-07
6038.0, -2.6609e-07
6040.0, -2.6618e-07
6042.0, -2.6627e-07
6044.0, -2.6636e-07
6046.0, -2.6646e-07
6048.0, -2.6655e-07
6050.0, -2.6664e-07
6052.0, -2.6673e-07
6054.0, -2.6683e-07
6056.0, -2.6692e-07
6058.1, -2.6701e-07
6060.1, -2.671e-07
6062.1, -2.672e-07
6064.1, -2.6729e-07
6066.1, -2.6739e-07
6068.1, -2.6748e-07
6070.1, -2.6757e-07
6072.1, -2.6767e-07
6074.1, -2.6775e-07
6076.1, -2.6784e-07
6078.1, -2.6794e-07
6080.1, -2.6803e-07
6082.1, -2.6812e-07
6084.1, -2.6821e-07
6086.1, -2.683e-07
6088.1, -2.6839e-07
6090.1, -2.6848e-07
6092.1, -2.6857e-07
6094.1, -2.6867e-07
6096.1, -2.6877e-07
6098.1, -2.6886e-07
6100.1, -2.6895e-07
6102.1, -2.6905e-07
6104.1, -2.6914e-07
6106.1, -2.6924e-07
6108.1, -2.6933e-07
6110.1, -2.6943e-07
6112.1, -2.6952e-07
6114.1, -2.6961e-07
6116.1, -2.697e-07
6118.1, -2.6979e-07
6120.1, -2.6988e-07
6122.1, -2.6997e-07
6124.1, -2.7007e-07
6126.1, -2.7016e-07
6128.1, -2.7025e-07
6130.1, -2.7034e-07
6132.1, -2.7043e-07
6134.1, -2.7052e-07
6136.1, -2.7061e-07
6138.1, -2.707e-07
6140.1, -2.7079e-07
6142.1, -2.7088e-07
6144.1, -2.7097e-07
6146.1, -2.7106e-07
6148.1, -2.7115e-07
6150.1, -2.7124e-07
6152.1, -2.7132e-07
6154.1, -2.7141e-07
6156.1, -2.715e-07
6158.2, -2.7159e-07
6160.2, -2.7168e-07
6162.2, -2.7177e-07
6164.2, -2.7186e-07
6166.2, -2.7195e-07
6168.2, -2.7205e-07
6170.2, -2.7214e-07
6172.2, -2.7223e-07
6174.2, -2.7232e-07
6176.2, -2.7242e-07
6178.2, -2.7251e-07
6180.2, -2.726e-07
6182.2, -2.7269e-07
6184.2, -2.7278e-07
6186.2, -2.7287e-07
6188.2, -2.7296e-07
6190.2, -2.7306e-07
6192.2, -2.7314e-07
6194.2, -2.7323e-07
6196.2, -2.7331e-07
6198.2, -2.734e-07
6200.2, -2.7349e-07
6202.2, -2.7358e-07
6204.2, -2.7366e-07
6206.2, -2.7376e-07
6208.2, -2.7385e-07
6210.2, -2.7394e-07
6212.2, -2.7404e-07
6214.2, -2.7413e-07
6216.2, -2.7422e-07
6218.2, -2.7431e-07
6220.2, -2.744e-07
6222.2, -2.745e-07
6224.2, -2.746e-07
6226.2, -2.7469e-07
6228.2, -2.7478e-07
6230.2, -2.7488e-07
6232.2, -2.7497e-07
6234.2, -2.7506e-07
6236.2, -2.7516e-07
6238.2, -2.7525e-07
6240.2, -2.7533e-07
6242.2, -2.7542e-07
6244.2, -2.7552e-07
6246.2, -2.7561e-07
6248.2, -2.7571e-07
6250.2, -2.7581e-07
6252.2, -2.759e-07
6254.2, -2.7599e-07
6256.2, -2.7608e-07
6258.3, -2.7617e-07
6260.3, -2.7626e-07
6262.3, -2.7635e-07
6264.3, -2.7644e-07
6266.3, -2.7654e-07
6268.3, -2.7663e-07
6270.3, -2.7672e-07
6272.3, -2.7681e-07
6274.3, -2.769e-07
6276.3, -2.7699e-07
6278.3, -2.7708e-07
6280.3, -2.7717e-07
6282.3, -2.7725e-07
6284.3, -2.7734e-07
6286.3, -2.7743e-07
6288.3, -2.7752e-07
6290.3, -2.7761e-07
6292.3, -2.777e-07
6294.3, -2.7779e-07
6296.3, -2.7788e-07
6298.3, -2.7797e-07
6300.3, -2.7807e-07
6302.3, -2.7815e-07
6304.3, -2.7824e-07
6306.3, -2.7834e-07
6308.3, -2.7843e-07
6310.3, -2.7853e-07
6312.3, -2.7862e-07
6314.3, -2.7872e-07
6316.3, -2.7882e-07
6318.3, -2.7891e-07
6320.3, -2.79e-07
6322.3, -2.791e-07
6324.3, -2.7919e-07
6326.3, -2.7928e-07
6328.3, -2.7937e-07
6330.3, -2.7946e-07
6332.3, -2.7955e-07
6334.3, -2.7963e-07
6336.3, -2.7973e-07
6338.3, -2.7982e-07
6340.3, -2.7991e-07
6342.3, -2.8001e-07
6344.3, -2.801e-07
6346.3, -2.8019e-07
6348.3, -2.8028e-07
6350.3, -2.8036e-07
6352.3, -2.8045e-07
6354.3, -2.8053e-07
6356.3, -2.8062e-07
6358.4, -2.8071e-07
6360.4, -2.808e-07
6362.4, -2.8089e-07
6364.4, -2.8098e-07
6366.4, -2.8107e-07
6368.4, -2.8116e-07
6370.4, -2.8126e-07
6372.4, -2.8135e-07
6374.4, -2.8144e-07
6376.4, -2.8153e-07
6378.4, -2.8162e-07
6380.4, -2.8171e-07
6382.4, -2.818e-07
6384.4, -2.8189e-07
6386.4, -2.8198e-07
6388.4, -2.8206e-07
6390.4, -2.8214e-07
6392.4, -2.8222e-07
6394.4, -2.8231e-07
6396.4, -2.824e-07
6398.4, -2.8249e-07
6400.4, -2.8258e-07
6402.4, -2.8267e-07
6404.4, -2.8276e-07
6406.4, -2.8284e-07
6408.4, -2.8293e-07
6410.4, -2.8302e-07
6412.4, -2.8312e-07
6414.4, -2.8322e-07
6416.4, -2.8331e-07
6418.4, -2.834e-07
6420.4, -2.835e-07
6422.4, -2.8359e-07
6424.4, -2.8368e-07
6426.4, -2.8377e-07
6428.4, -2.8386e-07
6430.4, -2.8395e-07
6432.4, -2.8405e-07
6434.4, -2.8414e-07
6436.4, -2.8423e-07
6438.4, -2.8433e-07
6440.4, -2.8442e-07
6442.4, -2.8451e-07
6444.4, -2.846e-07
6446.4, -2.8469e-07
6448.4, -2.8478e-07
6450.4, -2.8488e-07
6452.4, -2.8497e-07
6454.4, -2.8506e-07
6456.4, -2.8516e-07
6458.5, -2.8525e-07
6460.5, -2.8534e-07
6462.5, -2.8543e-07
6464.5, -2.8553e-07
6466.5, -2.8563e-07
6468.5, -2.8573e-07
6470.5, -2.8583e-07
6472.5, -2.8593e-07
6474.5, -2.8602e-07
6476.5, -2.8611e-07
6478.5, -2.8621e-07
6480.5, -2.8631e-07
6482.5, -2.8641e-07
6484.5, -2.865e-07
6486.5, -2.8659e-07
6488.5, -2.8669e-07
6490.5, -2.8677e-07
6492.5, -2.8687e-07
6494.5, -2.8696e-07
6496.5, -2.8706e-07
6498.5, -2.8716e-07
6500.5, -2.8726e-07
6502.5, -2.8735e-07
6504.5, -2.8745e-07
6506.5, -2.8755e-07
6508.5, -2.8764e-07
6510.5, -2.8773e-07
6512.5, -2.8783e-07
6514.5, -2.8792e-07
6516.5, -2.8802e-07
6518.5, -2.8811e-07
6520.5, -2.882e-07
6522.5, -2.8829e-07
6524.5, -2.8839e-07
6526.5, -2.8849e-07
6528.5, -2.8858e-07
6530.5, -2.8867e-07
6532.5, -2.8876e-07
6534.5, -2.8885e-07
6536.5, -2.8895e-07
6538.5, -2.8904e-07
6540.5, -2.8913e-07
6542.5, -2.8921e-07
6544.5, -2.893e-07
6546.5, -2.8938e-07
6548.5, -2.8947e-07
6550.5, -2.8956e-07
6552.5, -2.8964e-07
6554.5, -2.8973e-07
6556.5, -2.8982e-07
6558.6, -2.8991e-07
6560.6, -2.9e-07
6562.6, -2.9009e-07
6564.6, -2.9018e-07
6566.6, -2.9027e-07
6568.6, -2.9036e-07
6570.6, -2.9045e-07
6572.6, -2.9054e-07
6574.6, -2.9064e-07
6576.6, -2.9073e-07
6578.6, -2.9082e-07
6580.6, -2.9091e-07
6582.6, -2.91e-07
6584.6, -2.911e-07
6586.6, -2.9119e-07
6588.6, -2.9128e-07
6590.6, -2.9138e-07
6592.6, -2.9147e-07
6594.6, -2.9156e-07
6596.6, -2.9165e-07
6598.6, -2.9174e-07
6600.6, -2.9183e-07
6602.6, -2.9191e-07
6604.6, -2.9199e-07
6606.6, -2.9207e-07
6608.6, -2.9215e-07
6610.6, -2.9224e-07
6612.6, -2.9232e-07
6614.6, -2.924e-07
6616.6, -2.9248e-07
6618.6, -2.9257e-07
6620.6, -2.9266e-07
6622.6, -2.9274e-07
6624.6, -2.9283e-07
6626.6, -2.9292e-07
6628.6, -2.93e-07
6630.6, -2.9309e-07
6632.6, -2.9318e-07
6634.6, -2.9326e-07
6636.6, -2.9335e-07
6638.6, -2.9343e-07
6640.6, -2.9351e-07
6642.6, -2.9359e-07
6644.6, -2.9368e-07
6646.6, -2.9376e-07
6648.6, -2.9385e-07
6650.6, -2.9393e-07
6652.6, -2.9402e-07
6654.6, -2.9411e-07
6656.6, -2.942e-07
6658.7, -2.9429e-07
6660.7, -2.9438e-07
6662.7, -2.9447e-07
6664.7, -2.9456e-07
6666.7, -2.9465e-07
6668.7, -2.9473e-07
6670.7, -2.9482e-07
6672.7, -2.949e-07
6674.7, -2.9499e-07
6676.7, -2.9507e-07
6678.7, -2.9516e-07
6680.7, -2.9524e-07
6682.7, -2.9533e-07
6684.7, -2.9542e-07
6686.7, -2.955e-07
6688.7, -2.9559e-07
6690.7, -2.9567e-07
6692.7, -2.9576e-07
6694.7, -2.9585e-07
6696.7, -2.9593e-07
6698.7, -2.9602e-07
6700.7, -2.9611e-07
6702.7, -2.962e-07
6704.7, -2.963e-07
6706.7, -2.964e-07
6708.7, -2.9648e-07
6710.7, -2.9657e-07
6712.7, -2.9666e-07
6714.7, -2.9675e-07
6716.7, -2.9684e-07
6718.7, -2.9693e-07
6720.7, -2.9702e-07
6722.7, -2.9711e-07
6724.7, -2.9721e-07
6726.7, -2.973e-07
6728.7, -2.9739e-07
6730.7, -2.9748e-07
6732.7, -2.9757e-07
6734.7, -2.9766e-07
6736.7, -2.9775e-07
6738.7, -2.9783e-07
6740.7, -2.9792e-07
6742.7, -2.9801e-07
6744.7, -2.981e-07
6746.7, -2.9819e-07
6748.7, -2.9828e-07
6750.7, -2.9837e-07
6752.7, -2.9846e-07
6754.7, -2.9855e-07
6756.7, -2.9864e-07
6758.8, -2.9873e-07
6760.8, -2.9883e-07
6762.8, -2.9892e-07
6764.8, -2.99e-07
6766.8, -2.9909e-07
6768.8, -2.9917e-07
6770.8, -2.9926e-07
6772.8, -2.9934e-07
6774.8, -2.9943e-07
6776.8, -2.9951e-07
6778.8, -2.996e-07
6780.8, -2.9968e-07
6782.8, -2.9976e-07
6784.8, -2.9984e-07
6786.8, -2.9993e-07
6788.8, -3.0001e-07
6790.8, -3.001e-07
6792.8, -3.0019e-07
6794.8, -3.0028e-07
6796.8, -3.0037e-07
6798.8, -3.0046e-07
6800.8, -3.0054e-07
6802.8, -3.0064e-07
6804.8, -3.0073e-07
6806.8, -3.0081e-07
6808.8, -3.0089e-07
6810.8, -3.0098e-07
6812.8, -3.0107e-07
6814.8, -3.0116e-07
6816.8, -3.0124e-07
6818.8, -3.0133e-07
6820.8, -3.0142e-07
6822.8, -3.0151e-07
6824.8, -3.016e-07
6826.8, -3.0168e-07
6828.8, -3.0177e-07
6830.8, -3.0186e-07
6832.8, -3.0195e-07
6834.8, -3.0204e-07
6836.8, -3.0213e-07
6838.8, -3.0222e-07
6840.8, -3.0231e-07
6842.8, -3.0239e-07
6844.8, -3.0249e-07
6846.8, -3.0257e-07
6848.8, -3.0266e-07
6850.8, -3.0274e-07
6852.8, -3.0282e-07
6854.8, -3.029e-07
6856.8, -3.0299e-07
6858.9, -3.0307e-07
6860.9, -3.0315e-07
6862.9, -3.0324e-07
6864.9, -3.0332e-07
6866.9, -3.034e-07
6868.9, -3.0349e-07
6870.9, -3.0357e-07
6872.9, -3.0366e-07
6874.9, -3.0374e-07
6876.9, -3.0383e-07
6878.9, -3.0391e-07
6880.9, -3.0399e-07
6882.9, -3.0408e-07
6884.9, -3.0417e-07
6886.9, -3.0425e-07
6888.9, -3.0434e-07
6890.9, -3.0442e-07
6892.9, -3.045e-07
6894.9, -3.0459e-07
6896.9, -3.0467e-07
6898.9, -3.0476e-07
6900.9, -3.0484e-07
6902.9, -3.0492e-07
6904.9, -3.05e-07
6906.9, -3.0507e-07
6908.9, -3.0516e-07
6910.9, -3.0524e-07
6912.9, -3.0533e-07
6914.9, -3.0541e-07
6916.9, -3.055e-07
6918.9, -3.0559e-07
6920.9, -3.0567e-07
6922.9, -3.0576e-07
6924.9, -3.0584e-07
6926.9, -3.0593e-07
6928.9, -3.0601e-07
6930.9, -3.0609e-07
6932.9, -3.0617e-07
6934.9, -3.0626e-07
6936.9, -3.0634e-07
6938.9, -3.0643e-07
6940.9, -3.0651e-07
6942.9, -3.066e-07
6944.9, -3.0669e-07
6946.9, -3.0678e-07
6948.9, -3.0687e-07
6950.9, -3.0695e-07
6952.9, -3.0703e-07
6954.9, -3.0712e-07
6956.9, -3.0721e-07
6959.0, -3.073e-07
6961.0, -3.0739e-07
6963.0, -3.0747e-07
6965.0, -3.0756e-07
6967.0, -3.0764e-07
6969.0, -3.0772e-07
6971.0, -3.0781e-07
6973.0, -3.0789e-07
6975.0, -3.0797e-07
6977.0, -3.0806e-07
6979.0, -3.0815e-07
6981.0, -3.0823e-07
6983.0, -3.0832e-07
6985.0, -3.084e-07
6987.0, -3.0848e-07
6989.0, -3.0857e-07
6991.0, -3.0865e-07
6993.0, -3.0873e-07
6995.0, -3.0882e-07
6997.0, -3.089e-07
6999.0, -3.0899e-07
7001.0, -3.0908e-07
7003.0, -3.0917e-07
7005.0, -3.0926e-07
7007.0, -3.0934e-07
7009.0, -3.0942e-07
7011.0, -3.0951e-07
7013.0, -3.0959e-07
7015.0, -3.0967e-07
7017.0, -3.0976e-07
7019.0, -3.0985e-07
7021.0, -3.0993e-07
7023.0, -3.1001e-07
7025.0, -3.1009e-07
7027.0, -3.1018e-07
7029.0, -3.1027e-07
7031.0, -3.1035e-07
7033.0, -3.1045e-07
7035.0, -3.1054e-07
7037.0, -3.1062e-07
7039.0, -3.1071e-07
7041.0, -3.108e-07
7043.0, -3.1089e-07
7045.0, -3.1097e-07
7047.0, -3.1106e-07
7049.0, -3.1114e-07
7051.0, -3.1123e-07
7053.0, -3.1132e-07
7055.0, -3.114e-07
7057.0, -3.1148e-07
7059.1, -3.1156e-07
7061.1, -3.1164e-07
7063.1, -3.1172e-07
7065.1, -3.118e-07
7067.1, -3.1188e-07
7069.1, -3.1196e-07
7071.1, -3.1205e-07
7073.1, -3.1214e-07
7075.1, -3.1223e-07
7077.1, -3.1231e-07
7079.1, -3.124e-07
7081.1, -3.1249e-07
7083.1, -3.1257e-07
7085.1, -3.1266e-07
7087.1, -3.1275e-07
7089.1, -3.1283e-07
7091.1, -3.1291e-07
7093.1, -3.13e-07
7095.1, -3.1309e-07
7097.1, -3.1318e-07
7099.1, -3.1327e-07
7101.1, -3.1336e-07
7103.1, -3.1344e-07
7105.1, -3.1353e-07
7107.1, -3.1361e-07
7109.1, -3.1369e-07
7111.1, -3.1378e-07
7113.1, -3.1386e-07
7115.1, -3.1394e-07
7117.1, -3.1403e-07
7119.1, -3.1411e-07
7121.1, -3.142e-07
7123.1, -3.1428e-07
7125.1, -3.1437e-07
7127.1, -3.1445e-07
7129.1, -3.1454e-07
7131.1, -3.1462e-07
7133.1, -3.1471e-07
7135.1, -3.1479e-07
7137.1, -3.1487e-07
7139.1, -3.1495e-07
7141.1, -3.1504e-07
7143.1, -3.1513e-07
7145.1, -3.1521e-07
7147.1, -3.153e-07
7149.1, -3.1537e-07
7151.1, -3.1545e-07
7153.1, -3.1552e-07
7155.1, -3.156e-07
7157.1, -3.1568e-07
7159.2, -3.1576e-07
7161.2, -3.1584e-07
7163.2, -3.1592e-07
7165.2, -3.1601e-07
7167.2, -3.1609e-07
7169.2, -3.1617e-07
7171.2, -3.1625e-07
7173.2, -3.1633e-07
7175.2, -3.1641e-07
7177.2, -3.1649e-07
7179.2, -3.1657e-07
7181.2, -3.1665e-07
7183.2, -3.1673e-07
7185.2, -3.1681e-07
7187.2, -3.1689e-07
7189.2, -3.1697e-07
7191.2, -3.1705e-07
7193.2, -3.1713e-07
7195.2, -3.1721e-07
7197.2, -3.1729e-07
7199.2, -3.1737e-07
7201.2, -3.1744e-07
7203.2, -3.1751e-07
7205.2, -3.1759e-07
7207.2, -3.1767e-07
7209.2, -3.1775e-07
7211.2, -3.1784e-07
7213.2, -3.1793e-07
7215.2, -3.1801e-07
7217.2, -3.181e-07
7219.2, -3.1819e-07
7221.2, -3.1827e-07
7223.2, -3.1835e-07
7225.2, -3.1844e-07
7227.2, -3.1853e-07
7229.2, -3.1861e-07
7231.2, -3.187e-07
7233.2, -3.1879e-07
7235.2, -3.1888e-07
7237.2, -3.1896e-07
7239.2, -3.1905e-07
7241.2, -3.1914e-07
7243.2, -3.1923e-07
7245.2, -3.1932e-07
7247.2, -3.194e-07
7249.2, -3.1949e-07
7251.2, -3.1959e-07
7253.2, -3.1968e-07
7255.2, -3.1977e-07
7257.2, -3.1987e-07
7259.3, -3.1996e-07
7261.3, -3.2004e-07
7263.3, -3.2014e-07
7265.3, -3.2022e-07
7267.3, -3.2031e-07
7269.3, -3.2039e-07
7271.3, -3.2047e-07
7273.3, -3.2056e-07
7275.3, -3.2065e-07
7277.3, -3.2074e-07
7279.3, -3.2083e-07
7281.3, -3.2091e-07
7283.3, -3.21e-07
7285.3, -3.2109e-07
7287.3, -3.2117e-07
7289.3, -3.2126e-07
7291.3, -3.2135e-07
7293.3, -3.2144e-07
7295.3, -3.2153e-07
7297.3, -3.2162e-07
7299.3, -3.2171e-07
7301.3, -3.2179e-07
7303.3, -3.2188e-07
7305.3, -3.2197e-07
7307.3, -3.2206e-07
7309.3, -3.2215e-07
7311.3, -3.2225e-07
7313.3, -3.2233e-07
7315.3, -3.2242e-07
7317.3, -3.2252e-07
7319.3, -3.2261e-07
7321.3, -3.227e-07
7323.3, -3.228e-07
7325.3, -3.229e-07
7327.3, -3.2299e-07
7329.3, -3.2309e-07
7331.3, -3.2318e-07
7333.3, -3.2327e-07
7335.3, -3.2336e-07
7337.3, -3.2345e-07
7339.3, -3.2355e-07
7341.3, -3.2364e-07
7343.3, -3.2373e-07
7345.3, -3.2382e-07
7347.3, -3.2392e-07
7349.3, -3.2401e-07
7351.3, -3.241e-07
7353.3, -3.2419e-07
7355.3, -3.2429e-07
7357.3, -3.2438e-07
7359.4, -3.2448e-07
7361.4, -3.2457e-07
7363.4, -3.2467e-07
7365.4, -3.2476e-07
7367.4, -3.2486e-07
7369.4, -3.2495e-07
7371.4, -3.2505e-07
7373.4, -3.2514e-07
7375.4, -3.2524e-07
7377.4, -3.2533e-07
7379.4, -3.2543e-07
7381.4, -3.2553e-07
7383.4, -3.2562e-07
7385.4, -3.2572e-07
7387.4, -3.2581e-07
7389.4, -3.259e-07
7391.4, -3.26e-07
7393.4, -3.2609e-07
7395.4, -3.2619e-07
7397.4, -3.2628e-07
7399.4, -3.2637e-07
7401.4, -3.2647e-07
7403.4, -3.2656e-07
7405.4, -3.2666e-07
7407.4, -3.2675e-07
7409.4, -3.2684e-07
7411.4, -3.2693e-07
7413.4, -3.2702e-07
7415.4, -3.271e-07
7417.4, -3.2719e-07
7419.4, -3.2728e-07
7421.4, -3.2737e-07
7423.4, -3.2746e-07
7425.4, -3.2755e-07
7427.4, -3.2765e-07
7429.4, -3.2774e-07
7431.4, -3.2784e-07
7433.4, -3.2793e-07
7435.4, -3.2803e-07
7437.4, -3.2813e-07
7439.4, -3.2822e-07
7441.4, -3.2832e-07
7443.4, -3.2841e-07
7445.4, -3.285e-07
7447.4, -3.2859e-07
7449.4, -3.2869e-07
7451.4, -3.2878e-07
7453.4, -3.2887e-07
7455.4, -3.2897e-07
7457.4, -3.2907e-07
7459.5, -3.2917e-07
7461.5, -3.2926e-07
7463.5, -3.2936e-07
7465.5, -3.2947e-07
7467.5, -3.2957e-07
7469.5, -3.2967e-07
7471.5, -3.2976e-07
7473.5, -3.2986e-07
7475.5, -3.2996e-07
7477.5, -3.3005e-07
7479.5, -3.3015e-07
7481.5, -3.3025e-07
7483.5, -3.3035e-07
7485.5, -3.3044e-07
7487.5, -3.3054e-07
7489.5, -3.3063e-07
7491.5, -3.3073e-07
7493.5, -3.3083e-07
7495.5, -3.3093e-07
7497.5, -3.3103e-07
7499.5, -3.3113e-07
7501.5, -3.3123e-07
7503.5, -3.3132e-07
7505.5, -3.3142e-07
7507.5, -3.3151e-07
7509.5, -3.316e-07
7511.5, -3.317e-07
7513.5, -3.318e-07
7515.5, -3.319e-07
7517.5, -3.32e-07
7519.5, -3.321e-07
7521.5, -3.322e-07
7523.5, -3.3229e-07
7525.5, -3.3239e-07
7527.5, -3.3248e-07
7529.5, -3.3257e-07
7531.5, -3.3266e-07
7533.5, -3.3276e-07
7535.5, -3.3285e-07
7537.5, -3.3295e-07
7539.5, -3.3305e-07
7541.5, -3.3314e-07
7543.5, -3.3324e-07
7545.5, -3.3333e-07
7547.5, -3.3342e-07
7549.5, -3.3352e-07
7551.5, -3.3362e-07
7553.5, -3.3371e-07
7555.5, -3.338e-07
7557.5, -3.339e-07
7559.6, -3.3399e-07
7561.6, -3.3409e-07
7563.6, -3.3418e-07
7565.6, -3.3428e-07
7567.6, -3.3437e-07
7569.6, -3.3447e-07
7571.6, -3.3457e-07
7573.6, -3.3467e-07
7575.6, -3.3477e-07
7577.6, -3.3487e-07
7579.6, -3.3497e-07
7581.6, -3.3506e-07
7583.6, -3.3516e-07
7585.6, -3.3526e-07
7587.6, -3.3535e-07
7589.6, -3.3544e-07
7591.6, -3.3554e-07
7593.6, -3.3563e-07
7595.6, -3.3571e-07
7597.6, -3.358e-07
7599.6, -3.3589e-07
7601.6, -3.3598e-07
7603.6, -3.3607e-07
7605.6, -3.3615e-07
7607.6, -3.3624e-07
7609.6, -3.3634e-07
7611.6, -3.3643e-07
7613.6, -3.3652e-07
7615.6, -3.3661e-07
7617.6, -3.3671e-07
7619.6, -3.3681e-07
7621.6, -3.3691e-07
7623.6, -3.3701e-07
7625.6, -3.371e-07
7627.6, -3.372e-07
7629.6, -3.373e-07
7631.6, -3.3739e-07
7633.6, -3.3749e-07
7635.6, -3.3759e-07
7637.6, -3.3769e-07
7639.6, -3.3777e-07
7641.6, -3.3786e-07
7643.6, -3.3795e-07
7645.6, -3.3804e-07
7647.6, -3.3812e-07
7649.6, -3.3821e-07
7651.6, -3.383e-07
7653.6, -3.3839e-07
7655.6, -3.3848e-07
7657.6, -3.3857e-07
7659.7, -3.3866e-07
7661.7, -3.3874e-07
7663.7, -3.3883e-07
7665.7, -3.3892e-07
7667.7, -3.3902e-07
7669.7, -3.3911e-07
7671.7, -3.392e-07
7673.7, -3.3929e-07
7675.7, -3.3939e-07
7677.7, -3.3949e-07
7679.7, -3.3958e-07
7681.7, -3.3967e-07
7683.7, -3.3976e-07
7685.7, -3.3985e-07
7687.7, -3.3994e-07
7689.7, -3.4004e-07
7691.7, -3.4013e-07
7693.7, -3.4022e-07
7695.7, -3.4032e-07
7697.7, -3.4041e-07
7699.7, -3.405e-07
7701.7, -3.4059e-07
7703.7, -3.4068e-07
7705.7, -3.4077e-07
7707.7, -3.4085e-07
7709.7, -3.4094e-07
7711.7, -3.4102e-07
7713.7, -3.4111e-07
7715.7, -3.4119e-07
7717.7, -3.4129e-07
7719.7, -3.4138e-07
7721.7, -3.4147e-07
7723.7, -3.4156e-07
7725.7, -3.4166e-07
7727.7, -3.4175e-07
7729.7, -3.4183e-07
7731.7, -3.4192e-07
7733.7, -3.4202e-07
7735.7, -3.4212e-07
7737.7, -3.4221e-07
7739.7, -3.423e-07
7741.7, -3.4239e-07
7743.7, -3.4249e-07
7745.7, -3.4258e-07
7747.7, -3.4266e-07
7749.7, -3.4276e-07
7751.7, -3.4285e-07
7753.7, -3.4294e-07
7755.7, -3.4303e-07
7757.7, -3.4312e-07
7759.8, -3.4321e-07
7761.8, -3.4329e-07
7763.8, -3.4338e-07
7765.8, -3.4347e-07
7767.8, -3.4355e-07
7769.8, -3.4364e-07
7771.8, -3.4372e-07
7773.8, -3.4381e-07
7775.8, -3.439e-07
7777.8, -3.4399e-07
7779.8, -3.4408e-07
7781.8, -3.4417e-07
7783.8, -3.4425e-07
7785.8, -3.4434e-07
7787.8, -3.4442e-07
7789.8, -3.4451e-07
7791.8, -3.4459e-07
7793.8, -3.4467e-07
7795.8, -3.4476e-07
7797.8, -3.4485e-07
7799.8, -3.4494e-07
7801.8, -3.4503e-07
7803.8, -3.4511e-07
7805.8, -3.452e-07
7807.8, -3.4529e-07
7809.8, -3.4539e-07
7811.8, -3.4548e-07
7813.8, -3.4557e-07
7815.8, -3.4567e-07
7817.8, -3.4576e-07
7819.8, -3.4586e-07
7821.8, -3.4595e-07
7823.8, -3.4606e-07
7825.8, -3.4616e-07
7827.8, -3.4626e-07
7829.8, -3.4635e-07
7831.8, -3.4645e-07
7833.8, -3.4655e-07
7835.8, -3.4665e-07
7837.8, -3.4675e-07
7839.8, -3.4684e-07
7841.8, -3.4693e-07
7843.8, -3.4701e-07
7845.8, -3.4711e-07
7847.8, -3.472e-07
7849.8, -3.4729e-07
7851.8, -3.4738e-07
7853.8, -3.4748e-07
7855.8, -3.4757e-07
7857.8, -3.4767e-07
7859.9, -3.4777e-07
7861.9, -3.4786e-07
7863.9, -3.4796e-07
7865.9, -3.4805e-07
7867.9, -3.4815e-07
7869.9, -3.4824e-07
7871.9, -3.4833e-07
7873.9, -3.4843e-07
7875.9, -3.4852e-07
7877.9, -3.4861e-07
7879.9, -3.487e-07
7881.9, -3.4879e-07
7883.9, -3.4889e-07
7885.9, -3.4898e-07
7887.9, -3.4908e-07
7889.9, -3.4917e-07
7891.9, -3.4927e-07
7893.9, -3.4936e-07
7895.9, -3.4946e-07
7897.9, -3.4955e-07
7899.9, -3.4965e-07
7901.9, -3.4974e-07
7903.9, -3.4983e-07
7905.9, -3.4993e-07
7907.9, -3.5002e-07
7909.9, -3.5011e-07
7911.9, -3.5021e-07
7913.9, -3.503e-07
7915.9, -3.5039e-07
7917.9, -3.5048e-07
7919.9, -3.5057e-07
7921.9, -3.5066e-07
7923.9, -3.5075e-07
7925.9, -3.5084e-07
7927.9, -3.5093e-07
7929.9, -3.5102e-07
7931.9, -3.5111e-07
7933.9, -3.512e-07
7935.9, -3.5128e-07
7937.9, -3.5137e-07
7939.9, -3.5145e-07
7941.9, -3.5154e-07
7943.9, -3.5163e-07
7945.9, -3.5172e-07
7947.9, -3.5181e-07
7949.9, -3.5191e-07
7951.9, -3.5199e-07
7953.9, -3.5208e-07
7955.9, -3.5217e-07
7957.9, -3.5226e-07
7960.0, -3.5235e-07
7962.0, -3.5244e-07
7964.0, -3.5253e-07
7966.0, -3.5263e-07
7968.0, -3.5272e-07
7970.0, -3.5281e-07
7972.0, -3.529e-07
7974.0, -3.5299e-07
7976.0, -3.5307e-07
7978.0, -3.5316e-07
7980.0, -3.5325e-07
7982.0, -3.5333e-07
7984.0, -3.5342e-07
7986.0, -3.5351e-07
7988.0, -3.536e-07
7990.0, -3.5368e-07
7992.0, -3.5377e-07
7994.0, -3.5386e-07
7996.0, -3.5394e-07
7998.0, -3.5403e-07
8000.0, -3.5412e-07
8002.0, -3.5421e-07
8004.0, -3.543e-07
8006.0, -3.5439e-07
8008.0, -3.5449e-07
8010.0, -3.5458e-07
8012.0, -3.5468e-07
8014.0, -3.5477e-07
8016.0, -3.5487e-07
8018.0, -3.5497e-07
8020.0, -3.5506e-07
8022.0, -3.5514e-07
8024.0, -3.5524e-07
8026.0, -3.5532e-07
8028.0, -3.5541e-07
8030.0, -3.5551e-07
8032.0, -3.5561e-07
8034.0, -3.5569e-07
8036.0, -3.5579e-07
8038.0, -3.5587e-07
8040.0, -3.5597e-07
8042.0, -3.5606e-07
8044.0, -3.5616e-07
8046.0, -3.5626e-07
8048.0, -3.5636e-07
8050.0, -3.5645e-07
8052.0, -3.5654e-07
8054.0, -3.5663e-07
8056.0, -3.5672e-07
8058.0, -3.5681e-07
8060.1, -3.5689e-07
8062.1, -3.5699e-07
8064.1, -3.5708e-07
8066.1, -3.5717e-07
8068.1, -3.5726e-07
8070.1, -3.5735e-07
8072.1, -3.5744e-07
8074.1, -3.5753e-07
8076.1, -3.5762e-07
8078.1, -3.5771e-07
8080.1, -3.5781e-07
8082.1, -3.5791e-07
8084.1, -3.58e-07
8086.1, -3.581e-07
8088.1, -3.5819e-07
8090.1, -3.5828e-07
8092.1, -3.5837e-07
8094.1, -3.5846e-07
8096.1, -3.5855e-07
8098.1, -3.5865e-07
8100.1, -3.5874e-07
8102.1, -3.5884e-07
8104.1, -3.5893e-07
8106.1, -3.5902e-07
8108.1, -3.5911e-07
8110.1, -3.592e-07
8112.1, -3.5929e-07
8114.1, -3.5938e-07
8116.1, -3.5948e-07
8118.1, -3.5957e-07
8120.1, -3.5967e-07
8122.1, -3.5976e-07
8124.1, -3.5986e-07
8126.1, -3.5996e-07
8128.1, -3.6005e-07
8130.1, -3.6014e-07
8132.1, -3.6023e-07
8134.1, -3.6033e-07
8136.1, -3.6043e-07
8138.1, -3.6053e-07
8140.1, -3.6062e-07
8142.1, -3.6071e-07
8144.1, -3.608e-07
8146.1, -3.609e-07
8148.1, -3.6099e-07
8150.1, -3.6109e-07
8152.1, -3.6118e-07
8154.1, -3.6127e-07
8156.1, -3.6136e-07
8158.1, -3.6146e-07
8160.2, -3.6155e-07
8162.2, -3.6164e-07
8164.2, -3.6174e-07
8166.2, -3.6183e-07
8168.2, -3.6193e-07
8170.2, -3.6202e-07
8172.2, -3.6211e-07
8174.2, -3.622e-07
8176.2, -3.6229e-07
8178.2, -3.6238e-07
8180.2, -3.6247e-07
8182.2, -3.6256e-07
8184.2, -3.6265e-07
8186.2, -3.6274e-07
8188.2, -3.6283e-07
8190.2, -3.6291e-07
8192.2, -3.63e-07
8194.2, -3.6309e-07
8196.2, -3.6319e-07
8198.2, -3.6328e-07
8200.2, -3.6337e-07
8202.2, -3.6347e-07
8204.2, -3.6357e-07
8206.2, -3.6365e-07
8208.2, -3.6374e-07
8210.2, -3.6383e-07
8212.2, -3.6392e-07
8214.2, -3.6401e-07
8216.2, -3.641e-07
8218.2, -3.6419e-07
8220.2, -3.6429e-07
8222.2, -3.6439e-07
8224.2, -3.6448e-07
8226.2, -3.6457e-07
8228.2, -3.6466e-07
8230.2, -3.6475e-07
8232.2, -3.6483e-07
8234.2, -3.6491e-07
8236.2, -3.65e-07
8238.2, -3.6508e-07
8240.2, -3.6516e-07
8242.2, -3.6525e-07
8244.2, -3.6534e-07
8246.2, -3.6543e-07
8248.2, -3.6552e-07
8250.2, -3.6561e-07
8252.2, -3.657e-07
8254.2, -3.6579e-07
8256.2, -3.6588e-07
8258.2, -3.6597e-07
8260.3, -3.6605e-07
8262.3, -3.6613e-07
8264.3, -3.6621e-07
8266.3, -3.663e-07
8268.3, -3.6639e-07
8270.3, -3.6646e-07
8272.3, -3.6655e-07
8274.3, -3.6663e-07
8276.3, -3.6672e-07
8278.3, -3.6681e-07
8280.3, -3.6689e-07
8282.3, -3.6698e-07
8284.3, -3.6707e-07
8286.3, -3.6715e-07
8288.3, -3.6724e-07
8290.3, -3.6733e-07
8292.3, -3.6741e-07
8294.3, -3.6749e-07
8296.3, -3.6758e-07
8298.3, -3.6767e-07
8300.3, -3.6776e-07
8302.3, -3.6785e-07
8304.3, -3.6793e-07
8306.3, -3.6802e-07
8308.3, -3.681e-07
8310.3, -3.6818e-07
8312.3, -3.6826e-07
8314.3, -3.6835e-07
8316.3, -3.6844e-07
8318.3, -3.6853e-07
8320.3, -3.6862e-07
8322.3, -3.687e-07
8324.3, -3.6879e-07
8326.3, -3.6888e-07
8328.3, -3.6897e-07
8330.3, -3.6905e-07
8332.3, -3.6913e-07
8334.3, -3.6922e-07
8336.3, -3.693e-07
8338.3, -3.6939e-07
8340.3, -3.6947e-07
8342.3, -3.6956e-07
8344.3, -3.6966e-07
8346.3, -3.6974e-07
8348.3, -3.6983e-07
8350.3, -3.6993e-07
8352.3, -3.7001e-07
8354.3, -3.701e-07
8356.3, -3.7019e-07
8358.3, -3.7028e-07
8360.4, -3.7036e-07
8362.4, -3.7045e-07
8364.4, -3.7054e-07
8366.4, -3.7063e-07
8368.4, -3.7072e-07
8370.4, -3.7081e-07
8372.4, -3.709e-07
8374.4, -3.71e-07
8376.4, -3.7109e-07
8378.4, -3.7118e-07
8380.4, -3.7127e-07
8382.4, -3.7137e-07
8384.4, -3.7145e-07
8386.4, -3.7155e-07
8388.4, -3.7164e-07
8390.4, -3.7173e-07
8392.4, -3.7183e-07
8394.4, -3.7192e-07
8396.4, -3.7202e-07
8398.4, -3.721e-07
8400.4, -3.722e-07
8402.4, -3.7229e-07
8404.4, -3.7238e-07
8406.4, -3.7247e-07
8408.4, -3.7256e-07
8410.4, -3.7265e-07
8412.4, -3.7274e-07
8414.4, -3.7283e-07
8416.4, -3.7292e-07
8418.4, -3.7301e-07
8420.4, -3.7309e-07
8422.4, -3.7318e-07
8424.4, -3.7327e-07
8426.4, -3.7336e-07
8428.4, -3.7345e-07
8430.4, -3.7354e-07
8432.4, -3.7363e-07
8434.4, -3.7372e-07
8436.4, -3.7381e-07
8438.4, -3.739e-07
8440.4, -3.7398e-07
8442.4, -3.7408e-07
8444.4, -3.7417e-07
8446.4, -3.7426e-07
8448.4, -3.7435e-07
8450.4, -3.7444e-07
8452.4, -3.7453e-07
8454.4, -3.7462e-07
8456.4, -3.7471e-07
8458.4, -3.7479e-07
8460.5, -3.7488e-07
8462.5, -3.7497e-07
8464.5, -3.7506e-07
8466.5, -3.7514e-07
8468.5, -3.7523e-07
8470.5, -3.7532e-07
8472.5, -3.754e-07
8474.5, -3.7549e-07
8476.5, -3.7557e-07
8478.5, -3.7566e-07
8480.5, -3.7575e-07
8482.5, -3.7585e-07
8484.5, -3.7593e-07
8486.5, -3.7602e-07
8488.5, -3.7612e-07
8490.5, -3.7621e-07
8492.5, -3.763e-07
8494.5, -3.764e-07
8496.5, -3.7649e-07
8498.5, -3.7657e-07
8500.5, -3.7666e-07
8502.5, -3.7675e-07
8504.5, -3.7685e-07
8506.5, -3.7694e-07
8508.5, -3.7703e-07
8510.5, -3.7712e-07
8512.5, -3.7721e-07
8514.5, -3.7729e-07
8516.5, -3.7738e-07
8518.5, -3.7747e-07
8520.5, -3.7756e-07
8522.5, -3.7764e-07
8524.5, -3.7773e-07
8526.5, -3.7782e-07
8528.5, -3.779e-07
8530.5, -3.7799e-07
8532.5, -3.7808e-07
8534.5, -3.7816e-07
8536.5, -3.7825e-07
8538.5, -3.7834e-07
8540.5, -3.7843e-07
8542.5, -3.7852e-07
8544.5, -3.7861e-07
8546.5, -3.787e-07
8548.5, -3.7879e-07
8550.5, -3.7888e-07
8552.5, -3.7897e-07
8554.5, -3.7906e-07
8556.5, -3.7915e-07
8558.5, -3.7925e-07
8560.6, -3.7934e-07
8562.6, -3.7943e-07
8564.6, -3.7951e-07
8566.6, -3.796e-07
8568.6, -3.7969e-07
8570.6, -3.7978e-07
8572.6, -3.7986e-07
8574.6, -3.7995e-07
8576.6, -3.8004e-07
8578.6, -3.8013e-07
8580.6, -3.8022e-07
8582.6, -3.8031e-07
8584.6, -3.804e-07
8586.6, -3.8048e-07
8588.6, -3.8058e-07
8590.6, -3.8067e-07
8592.6, -3.8076e-07
8594.6, -3.8086e-07
8596.6, -3.8095e-07
8598.6, -3.8104e-07
8600.6, -3.8113e-07
8602.6, -3.8121e-07
8604.6, -3.8129e-07
8606.6, -3.8138e-07
8608.6, -3.8147e-07
8610.6, -3.8155e-07
8612.6, -3.8164e-07
8614.6, -3.8173e-07
8616.6, -3.8182e-07
8618.6, -3.8191e-07
8620.6, -3.82e-07
8622.6, -3.8208e-07
8624.6, -3.8218e-07
8626.6, -3.8227e-07
8628.6, -3.8237e-07
8630.6, -3.8245e-07
8632.6, -3.8254e-07
8634.6, -3.8262e-07
8636.6, -3.827e-07
8638.6, -3.8279e-07
8640.6, -3.8287e-07
8642.6, -3.8295e-07
8644.6, -3.8304e-07
8646.6, -3.8313e-07
8648.6, -3.8322e-07
8650.6, -3.8331e-07
8652.6, -3.834e-07
8654.6, -3.8349e-07
8656.6, -3.8358e-07
8658.6, -3.8367e-07
8660.7, -3.8376e-07
8662.7, -3.8384e-07
8664.7, -3.8393e-07
8666.7, -3.8401e-07
8668.7, -3.841e-07
8670.7, -3.8419e-07
8672.7, -3.8427e-07
8674.7, -3.8436e-07
8676.7, -3.8445e-07
8678.7, -3.8454e-07
8680.7, -3.8463e-07
8682.7, -3.8472e-07
8684.7, -3.8481e-07
8686.7, -3.8489e-07
8688.7, -3.8498e-07
8690.7, -3.8506e-07
8692.7, -3.8515e-07
8694.7, -3.8524e-07
8696.7, -3.8533e-07
8698.7, -3.8541e-07
8700.7, -3.855e-07
8702.7, -3.8559e-07
8704.7, -3.8568e-07
8706.7, -3.8577e-07
8708.7, -3.8586e-07
8710.7, -3.8595e-07
8712.7, -3.8605e-07
8714.7, -3.8614e-07
8716.7, -3.8623e-07
8718.7, -3.8632e-07
8720.7, -3.8641e-07
8722.7, -3.865e-07
8724.7, -3.8658e-07
8726.7, -3.8667e-07
8728.7, -3.8676e-07
8730.7, -3.8685e-07
8732.7, -3.8694e-07
8734.7, -3.8703e-07
8736.7, -3.8712e-07
8738.7, -3.8722e-07
8740.7, -3.8731e-07
8742.7, -3.874e-07
8744.7, -3.8749e-07
8746.7, -3.8758e-07
8748.7, -3.8767e-07
8750.7, -3.8776e-07
8752.7, -3.8785e-07
8754.7, -3.8794e-07
8756.7, -3.8804e-07
8758.7, -3.8813e-07
8760.8, -3.8822e-07
8762.8, -3.8831e-07
8764.8, -3.884e-07
8766.8, -3.8849e-07
8768.8, -3.8858e-07
8770.8, -3.8867e-07
8772.8, -3.8876e-07
8774.8, -3.8886e-07
8776.8, -3.8895e-07
8778.8, -3.8904e-07
8780.8, -3.8913e-07
8782.8, -3.8923e-07
8784.8, -3.8932e-07
8786.8, -3.8941e-07
8788.8, -3.895e-07
8790.8, -3.8959e-07
8792.8, -3.8968e-07
8794.8, -3.8977e-07
8796.8, -3.8986e-07
8798.8, -3.8996e-07
8800.8, -3.9005e-07
8802.8, -3.9015e-07
8804.8, -3.9024e-07
8806.8, -3.9033e-07
8808.8, -3.9043e-07
8810.8, -3.9052e-07
8812.8, -3.9061e-07
8814.8, -3.907e-07
8816.8, -3.9079e-07
8818.8, -3.9089e-07
8820.8, -3.9099e-07
8822.8, -3.9108e-07
8824.8, -3.9118e-07
8826.8, -3.9127e-07
8828.8, -3.9136e-07
8830.8, -3.9145e-07
8832.8, -3.9154e-07
8834.8, -3.9163e-07
8836.8, -3.9172e-07
8838.8, -3.9181e-07
8840.8, -3.919e-07
8842.8, -3.9199e-07
8844.8, -3.9208e-07
8846.8, -3.9217e-07
8848.8, -3.9226e-07
8850.8, -3.9235e-07
8852.8, -3.9245e-07
8854.8, -3.9255e-07
8856.8, -3.9264e-07
8858.8, -3.9274e-07
8860.9, -3.9283e-07
8862.9, -3.9293e-07
8864.9, -3.9302e-07
8866.9, -3.9311e-07
8868.9, -3.932e-07
8870.9, -3.9329e-07
8872.9, -3.9339e-07
8874.9, -3.9349e-07
8876.9, -3.9358e-07
8878.9, -3.9367e-07
8880.9, -3.9376e-07
8882.9, -3.9385e-07
8884.9, -3.9394e-07
8886.9, -3.9403e-07
8888.9, -3.9412e-07
8890.9, -3.9421e-07
8892.9, -3.943e-07
8894.9, -3.9439e-07
8896.9, -3.9448e-07
8898.9, -3.9457e-07
8900.9, -3.9467e-07
8902.9, -3.9475e-07
8904.9, -3.9485e-07
8906.9, -3.9494e-07
8908.9, -3.9503e-07
8910.9, -3.9513e-07
8912.9, -3.9522e-07
8914.9, -3.9531e-07
8916.9, -3.954e-07
8918.9, -3.9549e-07
8920.9, -3.9559e-07
8922.9, -3.9568e-07
8924.9, -3.9577e-07
8926.9, -3.9585e-07
8928.9, -3.9594e-07
8930.9, -3.9603e-07
8932.9, -3.9612e-07
8934.9, -3.9622e-07
8936.9, -3.9631e-07
8938.9, -3.9641e-07
8940.9, -3.965e-07
8942.9, -3.9658e-07
8944.9, -3.9667e-07
8946.9, -3.9676e-07
8948.9, -3.9686e-07
8950.9, -3.9696e-07
8952.9, -3.9705e-07
8954.9, -3.9714e-07
8956.9, -3.9723e-07
8958.9, -3.9732e-07
8961.0, -3.9741e-07
8963.0, -3.9749e-07
8965.0, -3.9758e-07
8967.0, -3.9767e-07
8969.0, -3.9776e-07
8971.0, -3.9785e-07
8973.0, -3.9794e-07
8975.0, -3.9802e-07
8977.0, -3.9811e-07
8979.0, -3.982e-07
8981.0, -3.9829e-07
8983.0, -3.9837e-07
8985.0, -3.9846e-07
8987.0, -3.9854e-07
8989.0, -3.9862e-07
8991.0, -3.9871e-07
8993.0, -3.9879e-07
8995.0, -3.9888e-07
8997.0, -3.9898e-07
8999.0, -3.9907e-07
9001.0, -3.9915e-07
9003.0, -3.9924e-07
9005.0, -3.9933e-07
9007.0, -3.9942e-07
9009.0, -3.995e-07
9011.0, -3.9959e-07
9013.0, -3.9967e-07
9015.0, -3.9976e-07
9017.0, -3.9985e-07
9019.0, -3.9994e-07
9021.0, -4.0002e-07
9023.0, -4.0011e-07
9025.0, -4.002e-07
9027.0, -4.003e-07
9029.0, -4.0039e-07
9031.0, -4.0048e-07
9033.0, -4.0057e-07
9035.0, -4.0066e-07
9037.0, -4.0075e-07
9039.0, -4.0085e-07
9041.0, -4.0094e-07
9043.0, -4.0103e-07
9045.0, -4.0112e-07
9047.0, -4.0121e-07
9049.0, -4.0131e-07
9051.0, -4.014e-07
9053.0, -4.015e-07
9055.0, -4.0159e-07
9057.0, -4.0168e-07
9059.0, -4.0178e-07
9061.1, -4.0187e-07
9063.1, -4.0196e-07
9065.1, -4.0205e-07
9067.1, -4.0214e-07
9069.1, -4.0223e-07
9071.1, -4.0232e-07
9073.1, -4.0241e-07
9075.1, -4.025e-07
9077.1, -4.0259e-07
9079.1, -4.0268e-07
9081.1, -4.0278e-07
9083.1, -4.0288e-07
9085.1, -4.0297e-07
9087.1, -4.0306e-07
9089.1, -4.0315e-07
9091.1, -4.0325e-07
9093.1, -4.0334e-07
9095.1, -4.0344e-07
9097.1, -4.0354e-07
9099.1, -4.0363e-07
9101.1, -4.0373e-07
9103.1, -4.0382e-07
9105.1, -4.0391e-07
9107.1, -4.0401e-07
9109.1, -4.041e-07
9111.1, -4.0419e-07
9113.1, -4.0428e-07
9115.1, -4.0438e-07
9117.1, -4.0447e-07
9119.1, -4.0456e-07
9121.1, -4.0465e-07
9123.1, -4.0475e-07
9125.1, -4.0485e-07
9127.1, -4.0494e-07
9129.1, -4.0504e-07
9131.1, -4.0513e-07
9133.1, -4.0523e-07
9135.1, -4.0532e-07
9137.1, -4.0542e-07
9139.1, -4.0551e-07
9141.1, -4.056e-07
9143.1, -4.0569e-07
9145.1, -4.0578e-07
9147.1, -4.0587e-07
9149.1, -4.0595e-07
9151.1, -4.0605e-07
9153.1, -4.0614e-07
9155.1, -4.0623e-07
9157.1, -4.0633e-07
9159.1, -4.0642e-07
9161.2, -4.0651e-07
9163.2, -4.0661e-07
9165.2, -4.0671e-07
9167.2, -4.068e-07
9169.2, -4.069e-07
9171.2, -4.0699e-07
9173.2, -4.0709e-07
9175.2, -4.0719e-07
9177.2, -4.0729e-07
9179.2, -4.0738e-07
9181.2, -4.0748e-07
9183.2, -4.0758e-07
9185.2, -4.0768e-07
9187.2, -4.0777e-07
9189.2, -4.0787e-07
9191.2, -4.0796e-07
9193.2, -4.0805e-07
9195.2, -4.0815e-07
9197.2, -4.0824e-07
9199.2, -4.0833e-07
9201.2, -4.0843e-07
9203.2, -4.0852e-07
9205.2, -4.0862e-07
9207.2, -4.0871e-07
9209.2, -4.088e-07
9211.2, -4.089e-07
9213.2, -4.09e-07
9215.2, -4.0909e-07
9217.2, -4.0918e-07
9219.2, -4.0928e-07
9221.2, -4.0938e-07
9223.2, -4.0948e-07
9225.2, -4.0958e-07
9227.2, -4.0968e-07
9229.2, -4.0977e-07
9231.2, -4.0987e-07
9233.2, -4.0997e-07
9235.2, -4.1007e-07
9237.2, -4.1018e-07
9239.2, -4.1028e-07
9241.2, -4.1037e-07
9243.2, -4.1047e-07
9245.2, -4.1056e-07
9247.2, -4.1066e-07
9249.2, -4.1076e-07
9251.2, -4.1085e-07
9253.2, -4.1095e-07
9255.2, -4.1105e-07
9257.2, -4.1114e-07
9259.2, -4.1123e-07
9261.3, -4.1133e-07
9263.3, -4.1142e-07
9265.3, -4.1152e-07
9267.3, -4.1161e-07
9269.3, -4.117e-07
9271.3, -4.1179e-07
9273.3, -4.1189e-07
9275.3, -4.1198e-07
9277.3, -4.1208e-07
9279.3, -4.1217e-07
9281.3, -4.1226e-07
9283.3, -4.1236e-07
9285.3, -4.1245e-07
9287.3, -4.1255e-07
9289.3, -4.1265e-07
9291.3, -4.1275e-07
9293.3, -4.1284e-07
9295.3, -4.1293e-07
9297.3, -4.1303e-07
9299.3, -4.1313e-07
9301.3, -4.1323e-07
9303.3, -4.1332e-07
9305.3, -4.1342e-07
9307.3, -4.1352e-07
9309.3, -4.1361e-07
9311.3, -4.1371e-07
9313.3, -4.138e-07
9315.3, -4.139e-07
9317.3, -4.14e-07
9319.3, -4.141e-07
9321.3, -4.142e-07
9323.3, -4.143e-07
9325.3, -4.144e-07
9327.3, -4.1449e-07
9329.3, -4.1459e-07
9331.3, -4.1469e-07
9333.3, -4.1478e-07
9335.3, -4.1487e-07
9337.3, -4.1497e-07
9339.3, -4.1506e-07
9341.3, -4.1515e-07
9343.3, -4.1524e-07
9345.3, -4.1533e-07
9347.3, -4.1542e-07
9349.3, -4.1551e-07
9351.3, -4.156e-07
9353.3, -4.1569e-07
9355.3, -4.1579e-07
9357.3, -4.1588e-07
9359.3, -4.1597e-07
9361.4, -4.1606e-07
9363.4, -4.1614e-07
9365.4, -4.1624e-07
9367.4, -4.1633e-07
9369.4, -4.1642e-07
9371.4, -4.1651e-07
9373.4, -4.166e-07
9375.4, -4.1669e-07
9377.4, -4.1678e-07
9379.4, -4.1687e-07
9381.4, -4.1696e-07
9383.4, -4.1705e-07
9385.4, -4.1714e-07
9387.4, -4.1723e-07
9389.4, -4.1732e-07
9391.4, -4.174e-07
9393.4, -4.175e-07
9395.4, -4.1759e-07
9397.4, -4.1768e-07
9399.4, -4.1777e-07
9401.4, -4.1786e-07
9403.4, -4.1794e-07
9405.4, -4.1803e-07
9407.4, -4.1813e-07
9409.4, -4.1822e-07
9411.4, -4.1831e-07
9413.4, -4.184e-07
9415.4, -4.1849e-07
9417.4, -4.1858e-07
9419.4, -4.1866e-07
9421.4, -4.1875e-07
9423.4, -4.1884e-07
9425.4, -4.1892e-07
9427.4, -4.1901e-07
9429.4, -4.191e-07
9431.4, -4.1918e-07
9433.4, -4.1927e-07
9435.4, -4.1936e-07
9437.4, -4.1946e-07
9439.4, -4.1954e-07
9441.4, -4.1963e-07
9443.4, -4.1972e-07
9445.4, -4.1982e-07
9447.4, -4.1991e-07
9449.4, -4.2e-07
9451.4, -4.2009e-07
9453.4, -4.2017e-07
9455.4, -4.2026e-07
9457.4, -4.2036e-07
9459.4, -4.2045e-07
9461.5, -4.2055e-07
9463.5, -4.2064e-07
9465.5, -4.2073e-07
9467.5, -4.2083e-07
9469.5, -4.2091e-07
9471.5, -4.21e-07
9473.5, -4.2108e-07
9475.5, -4.2117e-07
9477.5, -4.2125e-07
9479.5, -4.2134e-07
9481.5, -4.2143e-07
9483.5, -4.2152e-07
9485.5, -4.2161e-07
9487.5, -4.217e-07
9489.5, -4.2179e-07
9491.5, -4.2187e-07
9493.5, -4.2196e-07
9495.5, -4.2205e-07
9497.5, -4.2214e-07
9499.5, -4.2223e-07
9501.5, -4.2231e-07
9503.5, -4.224e-07
9505.5, -4.2249e-07
9507.5, -4.2257e-07
9509.5, -4.2266e-07
9511.5, -4.2275e-07
9513.5, -4.2284e-07
9515.5, -4.2293e-07
9517.5, -4.2301e-07
9519.5, -4.231e-07
9521.5, -4.2319e-07
9523.5, -4.2327e-07
9525.5, -4.2336e-07
9527.5, -4.2345e-07
9529.5, -4.2354e-07
9531.5, -4.2362e-07
9533.5, -4.2371e-07
9535.5, -4.2379e-07
9537.5, -4.2387e-07
9539.5, -4.2396e-07
9541.5, -4.2404e-07
9543.5, -4.2412e-07
9545.5, -4.242e-07
9547.5, -4.2428e-07
9549.5, -4.2437e-07
9551.5, -4.2446e-07
9553.5, -4.2454e-07
9555.5, -4.2464e-07
9557.5, -4.2472e-07
9559.5, -4.2481e-07
9561.6, -4.2491e-07
9563.6, -4.25e-07
9565.6, -4.2509e-07
9567.6, -4.2518e-07
9569.6, -4.2528e-07
9571.6, -4.2538e-07
9573.6, -4.2547e-07
9575.6, -4.2556e-07
9577.6, -4.2565e-07
9579.6, -4.2574e-07
9581.6, -4.2583e-07
9583.6, -4.2592e-07
9585.6, -4.2601e-07
9587.6, -4.261e-07
9589.6, -4.2619e-07
9591.6, -4.2628e-07
9593.6, -4.2637e-07
9595.6, -4.2646e-07
9597.6, -4.2655e-07
9599.6, -4.2664e-07
9601.6, -4.2672e-07
9603.6, -4.268e-07
9605.6, -4.269e-07
9607.6, -4.2699e-07
9609.6, -4.2708e-07
9611.6, -4.2717e-07
9613.6, -4.2726e-07
9615.6, -4.2735e-07
9617.6, -4.2745e-07
9619.6, -4.2755e-07
9621.6, -4.2764e-07
9623.6, -4.2773e-07
9625.6, -4.2782e-07
9627.6, -4.2792e-07
9629.6, -4.2801e-07
9631.6, -4.2811e-07
9633.6, -4.282e-07
9635.6, -4.2828e-07
9637.6, -4.2838e-07
9639.6, -4.2847e-07
9641.6, -4.2855e-07
9643.6, -4.2864e-07
9645.6, -4.2873e-07
9647.6, -4.2882e-07
9649.6, -4.2891e-07
9651.6, -4.29e-07
9653.6, -4.2909e-07
9655.6, -4.2918e-07
9657.6, -4.2927e-07
9659.6, -4.2936e-07
9661.7, -4.2945e-07
9663.7, -4.2954e-07
9665.7, -4.2962e-07
9667.7, -4.297e-07
9669.7, -4.2979e-07
9671.7, -4.2988e-07
9673.7, -4.2997e-07
9675.7, -4.3005e-07
9677.7, -4.3014e-07
9679.7, -4.3022e-07
9681.7, -4.3031e-07
9683.7, -4.304e-07
9685.7, -4.3048e-07
9687.7, -4.3057e-07
9689.7, -4.3066e-07
9691.7, -4.3075e-07
9693.7, -4.3084e-07
9695.7, -4.3092e-07
9697.7, -4.3101e-07
9699.7, -4.311e-07
9701.7, -4.3118e-07
9703.7, -4.3126e-07
9705.7, -4.3135e-07
9707.7, -4.3144e-07
9709.7, -4.3152e-07
9711.7, -4.3161e-07
9713.7, -4.3169e-07
9715.7, -4.3178e-07
9717.7, -4.3187e-07
9719.7, -4.3196e-07
9721.7, -4.3204e-07
9723.7, -4.3213e-07
9725.7, -4.3222e-07
9727.7, -4.3231e-07
9729.7, -4.3239e-07
9731.7, -4.3249e-07
9733.7, -4.3258e-07
9735.7, -4.3268e-07
9737.7, -4.3277e-07
9739.7, -4.3286e-07
9741.7, -4.3294e-07
9743.7, -4.3303e-07
9745.7, -4.3312e-07
9747.7, -4.3322e-07
9749.7, -4.3331e-07
9751.7, -4.334e-07
9753.7, -4.3349e-07
9755.7, -4.3359e-07
9757.7, -4.3368e-07
9759.7, -4.3378e-07
9761.8, -4.3387e-07
9763.8, -4.3397e-07
9765.8, -4.3406e-07
9767.8, -4.3415e-07
9769.8, -4.3425e-07
9771.8, -4.3435e-07
9773.8, -4.3444e-07
9775.8, -4.3454e-07
9777.8, -4.3463e-07
9779.8, -4.3472e-07
9781.8, -4.3482e-07
9783.8, -4.3491e-07
9785.8, -4.3501e-07
9787.8, -4.351e-07
9789.8, -4.352e-07
9791.8, -4.3528e-07
9793.8, -4.3538e-07
9795.8, -4.3547e-07
9797.8, -4.3557e-07
9799.8, -4.3566e-07
9801.8, -4.3576e-07
9803.8, -4.3585e-07
9805.8, -4.3595e-07
9807.8, -4.3604e-07
9809.8, -4.3614e-07
9811.8, -4.3623e-07
9813.8, -4.3632e-07
9815.8, -4.3642e-07
9817.8, -4.3652e-07
9819.8, -4.3662e-07
9821.8, -4.3671e-07
9823.8, -4.3681e-07
9825.8, -4.369e-07
9827.8, -4.3699e-07
9829.8, -4.3709e-07
9831.8, -4.3718e-07
9833.8, -4.3727e-07
9835.8, -4.3737e-07
9837.8, -4.3746e-07
9839.8, -4.3756e-07
9841.8, -4.3766e-07
9843.8, -4.3775e-07
9845.8, -4.3784e-07
9847.8, -4.3794e-07
9849.8, -4.3803e-07
9851.8, -4.3813e-07
9853.8, -4.3822e-07
9855.8, -4.3832e-07
9857.8, -4.3841e-07
9859.8, -4.3851e-07
9861.9, -4.386e-07
9863.9, -4.3869e-07
9865.9, -4.3878e-07
9867.9, -4.3888e-07
9869.9, -4.3898e-07
9871.9, -4.3908e-07
9873.9, -4.3918e-07
9875.9, -4.3928e-07
9877.9, -4.3937e-07
9879.9, -4.3947e-07
9881.9, -4.3956e-07
9883.9, -4.3966e-07
9885.9, -4.3975e-07
9887.9, -4.3984e-07
9889.9, -4.3994e-07
9891.9, -4.4004e-07
9893.9, -4.4014e-07
9895.9, -4.4023e-07
9897.9, -4.4032e-07
9899.9, -4.4042e-07
9901.9, -4.4052e-07
9903.9, -4.4061e-07
9905.9, -4.407e-07
9907.9, -4.4079e-07
9909.9, -4.4089e-07
9911.9, -4.4099e-07
9913.9, -4.4109e-07
9915.9, -4.4118e-07
9917.9, -4.4128e-07
9919.9, -4.4138e-07
9921.9, -4.4147e-07
9923.9, -4.4157e-07
9925.9, -4.4167e-07
9927.9, -4.4177e-07
9929.9, -4.4187e-07
9931.9, -4.4197e-07
9933.9, -4.4207e-07
9935.9, -4.4217e-07
9937.9, -4.4227e-07
9939.9, -4.4237e-07
9941.9, -4.4247e-07
9943.9, -4.4257e-07
9945.9, -4.4267e-07
9947.9, -4.4275e-07
9949.9, -4.4285e-07
9951.9, -4.4294e-07
9953.9, -4.4304e-07
9955.9, -4.4314e-07
9957.9, -4.4323e-07
9959.9, -4.4333e-07
9962.0, -4.4343e-07
9964.0, -4.4353e-07
9966.0, -4.4363e-07
9968.0, -4.4372e-07
9970.0, -4.4382e-07
9972.0, -4.4391e-07
9974.0, -4.4401e-07
9976.0, -4.4411e-07
9978.0, -4.4421e-07
9980.0, -4.443e-07
9982.0, -4.4439e-07
9984.0, -4.4448e-07
9986.0, -4.4457e-07
9988.0, -4.4467e-07
9990.0, -4.4475e-07
9992.0, -4.4485e-07
9994.0, -4.4494e-07
9996.0, -4.4502e-07
9998.0, -4.4512e-07
10000.0, -4.452e-07
10002.0, -4.4529e-07
10004.0, -4.4539e-07
10006.0, -4.4548e-07
10008.0, -4.4557e-07
10010.0, -4.4566e-07
10012.0, -4.4575e-07
10014.0, -4.4585e-07
10016.0, -4.4594e-07
10018.0, -4.4603e-07
10020.0, -4.4612e-07
10022.0, -4.4621e-07
10024.0, -4.463e-07
10026.0, -4.4639e-07
10028.0, -4.4648e-07
10030.0, -4.4657e-07
10032.0, -4.4666e-07
10034.0, -4.4675e-07
10036.0, -4.4684e-07
10038.0, -4.4693e-07
10040.0, -4.4702e-07
10042.0, -4.4712e-07
10044.0, -4.4721e-07
10046.0, -4.473e-07
10048.0, -4.474e-07
10050.0, -4.475e-07
10052.0, -4.4759e-07
10054.0, -4.4769e-07
10056.0, -4.4778e-07
10058.0, -4.4787e-07
10060.0, -4.4796e-07
10062.0, -4.4806e-07
10064.0, -4.4815e-07
10066.0, -4.4825e-07
10068.0, -4.4835e-07
10070.0, -4.4844e-07
10072.0, -4.4853e-07
10074.0, -4.4863e-07
10076.0, -4.4872e-07
10078.0, -4.4882e-07
10080.0, -4.4891e-07
10082.0, -4.49e-07
10084.0, -4.4909e-07
10086.0, -4.4918e-07
10088.0, -4.4927e-07
10090.0, -4.4936e-07
10092.0, -4.4944e-07
10094.0, -4.4953e-07
10096.0, -4.4962e-07
10098.0, -4.4972e-07
10100.0, -4.4981e-07
10102.0, -4.499e-07
10104.0, -4.4999e-07
10106.0, -4.5008e-07
10108.0, -4.5018e-07
10110.0, -4.5027e-07
10112.0, -4.5037e-07
10114.0, -4.5046e-07
10116.0, -4.5056e-07
10118.0, -4.5065e-07
10120.0, -4.5074e-07
10122.0, -4.5084e-07
10124.0, -4.5092e-07
10126.0, -4.5101e-07
10128.0, -4.5111e-07
10130.0, -4.512e-07
10132.0, -4.5129e-07
10134.0, -4.5138e-07
10136.0, -4.5147e-07
10138.0, -4.5156e-07
10140.0, -4.5166e-07
10142.0, -4.5175e-07
10144.0, -4.5184e-07
10146.0, -4.5194e-07
10148.0, -4.5203e-07
10150.0, -4.5212e-07
10152.0, -4.5221e-07
10154.0, -4.5231e-07
10156.0, -4.524e-07
10158.0, -4.525e-07
10160.0, -4.5259e-07
10162.0, -4.5269e-07
10164.0, -4.5278e-07
10166.0, -4.5287e-07
10168.0, -4.5297e-07
10170.0, -4.5306e-07
10172.0, -4.5315e-07
10174.0, -4.5324e-07
10176.0, -4.5333e-07
10178.0, -4.5342e-07
10180.0, -4.5352e-07
10182.0, -4.5361e-07
10184.0, -4.5371e-07
10186.0, -4.538e-07
10188.0, -4.539e-07
10190.0, -4.5399e-07
10192.0, -4.5408e-07
10194.0, -4.5416e-07
10196.0, -4.5425e-07
10198.0, -4.5434e-07
10200.0, -4.5444e-07
10202.0, -4.5453e-07
10204.0, -4.5463e-07
10206.0, -4.5472e-07
10208.0, -4.5481e-07
10210.0, -4.549e-07
10212.0, -4.5499e-07
10214.0, -4.5509e-07
10216.0, -4.5517e-07
10218.0, -4.5527e-07
10220.0, -4.5537e-07
10222.0, -4.5546e-07
10224.0, -4.5555e-07
10226.0, -4.5565e-07
10228.0, -4.5574e-07
10230.0, -4.5584e-07
10232.0, -4.5593e-07
10234.0, -4.5602e-07
10236.0, -4.5611e-07
10238.0, -4.5621e-07
10240.0, -4.5631e-07
10242.0, -4.564e-07
10244.0, -4.5649e-07
10246.0, -4.5658e-07
10248.0, -4.5668e-07
10250.0, -4.5677e-07
10252.0, -4.5687e-07
10254.0, -4.5696e-07
10256.0, -4.5706e-07
10258.0, -4.5715e-07
10260.0, -4.5725e-07
10262.0, -4.5735e-07
10264.0, -4.5744e-07
10266.0, -4.5753e-07
10268.0, -4.5763e-07
10270.0, -4.5772e-07
10272.0, -4.5781e-07
10274.0, -4.5791e-07
10276.0, -4.58e-07
10278.0, -4.581e-07
10280.0, -4.5819e-07
10282.0, -4.5827e-07
10284.0, -4.5836e-07
10286.0, -4.5845e-07
10288.0, -4.5854e-07
10290.0, -4.5864e-07
10292.0, -4.5873e-07
10294.0, -4.5882e-07
10296.0, -4.5891e-07
10298.0, -4.59e-07
10300.0, -4.591e-07
10302.0, -4.592e-07
10304.0, -4.593e-07
10306.0, -4.594e-07
10308.0, -4.5949e-07
10310.0, -4.5958e-07
10312.0, -4.5968e-07
10314.0, -4.5977e-07
10316.0, -4.5987e-07
10318.0, -4.5996e-07
10320.0, -4.6005e-07
10322.0, -4.6014e-07
10324.0, -4.6023e-07
10326.0, -4.6033e-07
10328.0, -4.6042e-07
10330.0, -4.6051e-07
10332.0, -4.6061e-07
10334.0, -4.6071e-07
10336.0, -4.608e-07
10338.0, -4.6091e-07
10340.0, -4.6101e-07
10342.0, -4.611e-07
10344.0, -4.6119e-07
10346.0, -4.6129e-07
10348.0, -4.6139e-07
10350.0, -4.6149e-07
10352.0, -4.6159e-07
10354.0, -4.6168e-07
10356.0, -4.6179e-07
10358.0, -4.6189e-07
10360.0, -4.6199e-07
10362.0, -4.6209e-07
10364.0, -4.6219e-07
10366.0, -4.6229e-07
10368.0, -4.6239e-07
10370.0, -4.6248e-07
10372.0, -4.6258e-07
10374.0, -4.6268e-07
10376.0, -4.6278e-07
10378.0, -4.6288e-07
10380.0, -4.6298e-07
10382.0, -4.6306e-07
10384.0, -4.6315e-07
10386.0, -4.6325e-07
10388.0, -4.6334e-07
10390.0, -4.6343e-07
10392.0, -4.6352e-07
10394.0, -4.6361e-07
10396.0, -4.637e-07
10398.0, -4.6379e-07
10400.0, -4.6388e-07
10402.0, -4.6397e-07
10404.0, -4.6406e-07
10406.0, -4.6416e-07
10408.0, -4.6425e-07
10410.0, -4.6434e-07
10412.0, -4.6443e-07
10414.0, -4.6452e-07
10416.0, -4.6461e-07
10418.0, -4.6471e-07
10420.0, -4.6481e-07
10422.0, -4.6491e-07
10424.0, -4.6501e-07
10426.0, -4.6511e-07
10428.0, -4.6521e-07
10430.0, -4.653e-07
10432.0, -4.654e-07
10434.0, -4.655e-07
10436.0, -4.656e-07
10438.0, -4.657e-07
10440.0, -4.658e-07
10442.0, -4.6589e-07
10444.0, -4.6599e-07
10446.0, -4.6608e-07
10448.0, -4.6618e-07
10450.0, -4.6627e-07
10452.0, -4.6637e-07
10454.0, -4.6646e-07
10456.0, -4.6656e-07
10458.0, -4.6665e-07
10460.0, -4.6674e-07
10462.0, -4.6684e-07
10464.0, -4.6694e-07
10466.0, -4.6704e-07
10468.0, -4.6714e-07
10470.0, -4.6724e-07
10472.0, -4.6734e-07
10474.0, -4.6744e-07
10476.0, -4.6754e-07
10478.0, -4.6764e-07
10480.0, -4.6774e-07
10482.0, -4.6785e-07
10484.0, -4.6795e-07
10486.0, -4.6804e-07
10488.0, -4.6814e-07
10490.0, -4.6823e-07
10492.0, -4.6833e-07
10494.0, -4.6843e-07
10496.0, -4.6853e-07
10498.0, -4.6863e-07
10500.0, -4.6873e-07
10502.0, -4.6883e-07
10504.0, -4.6893e-07
10506.0, -4.6903e-07
10508.0, -4.6912e-07
10510.0, -4.6922e-07
10513.0, -4.6932e-07
10515.0, -4.6943e-07
10517.0, -4.6953e-07
10519.0, -4.6963e-07
10521.0, -4.6973e-07
10523.0, -4.6982e-07
10525.0, -4.6992e-07
10527.0, -4.7002e-07
10529.0, -4.7012e-07
10531.0, -4.7022e-07
10533.0, -4.7031e-07
10535.0, -4.704e-07
10537.0, -4.7049e-07
10539.0, -4.7059e-07
10541.0, -4.7068e-07
10543.0, -4.7077e-07
10545.0, -4.7086e-07
10547.0, -4.7095e-07
10549.0, -4.7104e-07
10551.0, -4.7114e-07
10553.0, -4.7123e-07
10555.0, -4.7132e-07
10557.0, -4.7142e-07
10559.0, -4.7151e-07
10561.0, -4.7161e-07
10563.0, -4.717e-07
10565.0, -4.7179e-07
10567.0, -4.7189e-07
10569.0, -4.7199e-07
10571.0, -4.7209e-07
10573.0, -4.7218e-07
10575.0, -4.7227e-07
10577.0, -4.7237e-07
10579.0, -4.7246e-07
10581.0, -4.7256e-07
10583.0, -4.7266e-07
10585.0, -4.7275e-07
10587.0, -4.7284e-07
10589.0, -4.7293e-07
10591.0, -4.7303e-07
10593.0, -4.7312e-07
10595.0, -4.7321e-07
10597.0, -4.7331e-07
10599.0, -4.734e-07
10601.0, -4.735e-07
10603.0, -4.7359e-07
10605.0, -4.7369e-07
10607.0, -4.7378e-07
10609.0, -4.7388e-07
10611.0, -4.7398e-07
10613.0, -4.7408e-07
10615.0, -4.7417e-07
10617.0, -4.7427e-07
10619.0, -4.7437e-07
10621.0, -4.7447e-07
10623.0, -4.7457e-07
10625.0, -4.7467e-07
10627.0, -4.7477e-07
10629.0, -4.7487e-07
10631.0, -4.7496e-07
10633.0, -4.7506e-07
10635.0, -4.7515e-07
10637.0, -4.7526e-07
10639.0, -4.7536e-07
10641.0, -4.7545e-07
10643.0, -4.7555e-07
10645.0, -4.7564e-07
10647.0, -4.7574e-07
10649.0, -4.7584e-07
10651.0, -4.7593e-07
10653.0, -4.7603e-07
10655.0, -4.7613e-07
10657.0, -4.7622e-07
10659.0, -4.7632e-07
10661.0, -4.7642e-07
10663.0, -4.7652e-07
10665.0, -4.7662e-07
10667.0, -4.7672e-07
10669.0, -4.7682e-07
10671.0, -4.7691e-07
10673.0, -4.7701e-07
10675.0, -4.7711e-07
10677.0, -4.7721e-07
10679.0, -4.7731e-07
10681.0, -4.7741e-07
10683.0, -4.7751e-07
10685.0, -4.7761e-07
10687.0, -4.7771e-07
10689.0, -4.7781e-07
10691.0, -4.779e-07
10693.0, -4.7801e-07
10695.0, -4.781e-07
10697.0, -4.782e-07
10699.0, -4.7831e-07
10701.0, -4.7841e-07
10703.0, -4.7851e-07
10705.0, -4.7862e-07
10707.0, -4.7872e-07
10709.0, -4.7883e-07
10711.0, -4.7893e-07
10713.0, -4.7903e-07
10715.0, -4.7912e-07
10717.0, -4.7922e-07
10719.0, -4.7932e-07
10721.0, -4.7942e-07
10723.0, -4.7952e-07
10725.0, -4.7961e-07
10727.0, -4.797e-07
10729.0, -4.798e-07
10731.0, -4.7989e-07
10733.0, -4.7999e-07
10735.0, -4.8008e-07
10737.0, -4.8018e-07
10739.0, -4.8028e-07
10741.0, -4.8038e-07
10743.0, -4.8047e-07
10745.0, -4.8056e-07
10747.0, -4.8066e-07
10749.0, -4.8075e-07
10751.0, -4.8085e-07
10753.0, -4.8095e-07
10755.0, -4.8104e-07
10757.0, -4.8114e-07
10759.0, -4.8123e-07
10761.0, -4.8133e-07
10763.0, -4.8144e-07
10765.0, -4.8154e-07
10767.0, -4.8165e-07
10769.0, -4.8175e-07
10771.0, -4.8185e-07
10773.0, -4.8194e-07
10775.0, -4.8204e-07
10777.0, -4.8214e-07
10779.0, -4.8224e-07
10781.0, -4.8234e-07
10783.0, -4.8244e-07
10785.0, -4.8254e-07
10787.0, -4.8264e-07
10789.0, -4.8274e-07
10791.0, -4.8284e-07
10793.0, -4.8294e-07
10795.0, -4.8304e-07
10797.0, -4.8314e-07
10799.0, -4.8324e-07
10801.0, -4.8334e-07
10803.0, -4.8344e-07
10805.0, -4.8353e-07
10807.0, -4.8363e-07
10809.0, -4.8372e-07
10811.0, -4.8381e-07
10813.0, -4.839e-07
10815.0, -4.84e-07
10817.0, -4.8409e-07
10819.0, -4.8419e-07
10821.0, -4.8429e-07
10823.0, -4.8439e-07
10825.0, -4.8449e-07
10827.0, -4.8459e-07
10829.0, -4.847e-07
10831.0, -4.848e-07
10833.0, -4.849e-07
10835.0, -4.85e-07
10837.0, -4.8511e-07
10839.0, -4.8521e-07
10841.0, -4.8531e-07
10843.0, -4.854e-07
10845.0, -4.855e-07
10847.0, -4.856e-07
10849.0, -4.8571e-07
10851.0, -4.8581e-07
10853.0, -4.8591e-07
10855.0, -4.86e-07
10857.0, -4.861e-07
10859.0, -4.862e-07
10861.0, -4.8631e-07
10863.0, -4.8641e-07
10865.0, -4.865e-07
10867.0, -4.866e-07
10869.0, -4.867e-07
10871.0, -4.868e-07
10873.0, -4.869e-07
10875.0, -4.87e-07
10877.0, -4.871e-07
10879.0, -4.872e-07
10881.0, -4.8731e-07
10883.0, -4.8741e-07
10885.0, -4.8752e-07
10887.0, -4.8763e-07
10889.0, -4.8773e-07
10891.0, -4.8783e-07
10893.0, -4.8793e-07
10895.0, -4.8804e-07
10897.0, -4.8814e-07
10899.0, -4.8824e-07
10901.0, -4.8834e-07
10903.0, -4.8845e-07
10905.0, -4.8855e-07
10907.0, -4.8864e-07
10909.0, -4.8874e-07
10911.0, -4.8884e-07
10913.0, -4.8894e-07
10915.0, -4.8903e-07
10917.0, -4.8913e-07
10919.0, -4.8923e-07
10921.0, -4.8933e-07
10923.0, -4.8943e-07
10925.0, -4.8953e-07
10927.0, -4.8963e-07
10929.0, -4.8972e-07
10931.0, -4.8982e-07
10933.0, -4.8992e-07
10935.0, -4.9002e-07
10937.0, -4.9012e-07
10939.0, -4.9022e-07
10941.0, -4.9032e-07
10943.0, -4.9041e-07
10945.0, -4.9051e-07
10947.0, -4.906e-07
10949.0, -4.907e-07
10951.0, -4.908e-07
10953.0, -4.909e-07
10955.0, -4.9101e-07
10957.0, -4.9111e-07
10959.0, -4.9121e-07
10961.0, -4.9131e-07
10963.0, -4.9141e-07
10965.0, -4.9151e-07
10967.0, -4.9162e-07
10969.0, -4.9172e-07
10971.0, -4.9183e-07
10973.0, -4.9193e-07
10975.0, -4.9203e-07
10977.0, -4.9213e-07
10979.0, -4.9223e-07
10981.0, -4.9234e-07
10983.0, -4.9243e-07
10985.0, -4.9253e-07
10987.0, -4.9264e-07
10989.0, -4.9274e-07
10991.0, -4.9285e-07
10993.0, -4.9295e-07
10995.0, -4.9305e-07
10997.0, -4.9315e-07
10999.0, -4.9325e-07
11001.0, -4.9336e-07
11003.0, -4.9346e-07
11005.0, -4.9355e-07
11007.0, -4.9365e-07
11009.0, -4.9375e-07
