Time sep (ms?), Charge (C)
0.0, -5.79e-10
2.002, -6.68e-10
4.004, -7.62e-10
6.006, -8.53e-10
8.008, -9.44e-10
10.01, -1.03e-09
12.012, -1.115e-09
14.014, -1.201e-09
16.016, -1.289e-09
18.018, -1.372e-09
20.02, -1.451e-09
22.022, -1.535e-09
24.024, -1.62e-09
26.026, -1.705e-09
28.028, -1.792e-09
30.03, -1.879e-09
32.032, -1.966e-09
34.034, -2.051e-09
36.036, -2.135e-09
38.038, -2.223e-09
40.04, -2.308e-09
42.042, -2.39e-09
44.044, -2.471e-09
46.046, -2.548e-09
48.048, -2.634e-09
50.05, -2.716e-09
52.052, -2.803e-09
54.054, -2.887e-09
56.056, -2.973e-09
58.058, -3.06e-09
60.06, -3.147e-09
62.062, -3.227e-09
64.064, -3.308e-09
66.066, -3.389e-09
68.068, -3.475e-09
70.07, -3.561e-09
72.072, -3.648e-09
74.074, -3.731e-09
76.076, -3.814e-09
78.078, -3.892e-09
80.08, -3.977e-09
82.082, -4.06e-09
84.084, -4.145e-09
86.086, -4.226e-09
88.088, -4.311e-09
90.09, -4.397e-09
92.092, -4.486e-09
94.094, -4.574e-09
96.096, -4.656e-09
98.098, -4.738e-09
100.1, -4.823e-09
102.1, -4.908e-09
104.1, -4.995e-09
106.11, -5.08e-09
108.11, -5.164e-09
110.11, -5.248e-09
112.11, -5.332e-09
114.11, -5.415e-09
116.12, -5.5e-09
118.12, -5.578e-09
120.12, -5.658e-09
122.12, -5.745e-09
124.12, -5.828e-09
126.13, -5.91e-09
128.13, -5.996e-09
130.13, -6.082e-09
132.13, -6.165e-09
134.13, -6.249e-09
136.14, -6.336e-09
138.14, -6.422e-09
140.14, -6.505e-09
142.14, -6.59e-09
144.14, -6.677e-09
146.15, -6.764e-09
148.15, -6.848e-09
150.15, -6.932e-09
152.15, -7.022e-09
154.15, -7.109e-09
156.16, -7.189e-09
158.16, -7.27e-09
160.16, -7.354e-09
162.16, -7.43e-09
164.16, -7.508e-09
166.17, -7.587e-09
168.17, -7.667e-09
170.17, -7.749e-09
172.17, -7.833e-09
174.17, -7.915e-09
176.18, -7.998e-09
178.18, -8.081e-09
180.18, -8.162e-09
182.18, -8.247e-09
184.18, -8.327e-09
186.19, -8.407e-09
188.19, -8.494e-09
190.19, -8.582e-09
192.19, -8.666e-09
194.19, -8.747e-09
196.2, -8.832e-09
198.2, -8.921e-09
200.2, -9e-09
202.2, -9.083e-09
204.2, -9.164e-09
206.21, -9.244e-09
208.21, -9.323e-09
210.21, -9.4e-09
212.21, -9.479e-09
214.21, -9.56e-09
216.22, -9.645e-09
218.22, -9.724e-09
220.22, -9.8e-09
222.22, -9.879e-09
224.22, -9.96e-09
226.23, -1.0038e-08
228.23, -1.0123e-08
230.23, -1.0206e-08
232.23, -1.0291e-08
234.23, -1.0373e-08
236.24, -1.0455e-08
238.24, -1.0535e-08
240.24, -1.0618e-08
242.24, -1.0699e-08
244.24, -1.0786e-08
246.25, -1.0869e-08
248.25, -1.0949e-08
250.25, -1.1031e-08
252.25, -1.111e-08
254.25, -1.1194e-08
256.26, -1.1279e-08
258.26, -1.1365e-08
260.26, -1.1453e-08
262.26, -1.1538e-08
264.26, -1.162e-08
266.27, -1.1705e-08
268.27, -1.1796e-08
270.27, -1.1886e-08
272.27, -1.1976e-08
274.27, -1.2065e-08
276.28, -1.2158e-08
278.28, -1.2244e-08
280.28, -1.2331e-08
282.28, -1.2417e-08
284.28, -1.2506e-08
286.29, -1.2598e-08
288.29, -1.2693e-08
290.29, -1.2785e-08
292.29, -1.2875e-08
294.29, -1.2967e-08
296.3, -1.3054e-08
298.3, -1.3138e-08
300.3, -1.3225e-08
302.3, -1.3314e-08
304.3, -1.3398e-08
306.31, -1.3487e-08
308.31, -1.3577e-08
310.31, -1.3669e-08
312.31, -1.3756e-08
314.31, -1.3844e-08
316.32, -1.3933e-08
318.32, -1.4019e-08
320.32, -1.4112e-08
322.32, -1.4202e-08
324.32, -1.429e-08
326.33, -1.4375e-08
328.33, -1.4464e-08
330.33, -1.4552e-08
332.33, -1.4639e-08
334.33, -1.4725e-08
336.34, -1.4805e-08
338.34, -1.4889e-08
340.34, -1.4971e-08
342.34, -1.505e-08
344.34, -1.5126e-08
346.35, -1.5212e-08
348.35, -1.5297e-08
350.35, -1.5381e-08
352.35, -1.5467e-08
354.35, -1.555e-08
356.36, -1.5631e-08
358.36, -1.5715e-08
360.36, -1.58e-08
362.36, -1.5879e-08
364.36, -1.5958e-08
366.37, -1.6037e-08
368.37, -1.6114e-08
370.37, -1.6194e-08
372.37, -1.6274e-08
374.37, -1.6352e-08
376.38, -1.6432e-08
378.38, -1.6511e-08
380.38, -1.6595e-08
382.38, -1.6679e-08
384.38, -1.676e-08
386.39, -1.6833e-08
388.39, -1.6909e-08
390.39, -1.6992e-08
392.39, -1.7071e-08
394.39, -1.7152e-08
396.4, -1.7232e-08
398.4, -1.7314e-08
400.4, -1.7393e-08
402.4, -1.7465e-08
404.4, -1.754e-08
406.41, -1.7624e-08
408.41, -1.7708e-08
410.41, -1.7794e-08
412.41, -1.788e-08
414.41, -1.7963e-08
416.42, -1.8045e-08
418.42, -1.8125e-08
420.42, -1.8203e-08
422.42, -1.8279e-08
424.42, -1.8356e-08
426.43, -1.8432e-08
428.43, -1.8513e-08
430.43, -1.8591e-08
432.43, -1.8677e-08
434.43, -1.876e-08
436.44, -1.8842e-08
438.44, -1.8928e-08
440.44, -1.9005e-08
442.44, -1.9085e-08
444.44, -1.9165e-08
446.45, -1.9245e-08
448.45, -1.9322e-08
450.45, -1.9397e-08
452.45, -1.9474e-08
454.45, -1.9549e-08
456.46, -1.9627e-08
458.46, -1.9701e-08
460.46, -1.9779e-08
462.46, -1.9859e-08
464.46, -1.9935e-08
466.47, -2.0016e-08
468.47, -2.0096e-08
470.47, -2.0173e-08
472.47, -2.0248e-08
474.47, -2.0328e-08
476.48, -2.0411e-08
478.48, -2.0494e-08
480.48, -2.0576e-08
482.48, -2.0656e-08
484.48, -2.0733e-08
486.49, -2.0811e-08
488.49, -2.0888e-08
490.49, -2.0967e-08
492.49, -2.1042e-08
494.49, -2.1122e-08
496.5, -2.1204e-08
498.5, -2.1285e-08
500.5, -2.1366e-08
502.5, -2.1445e-08
504.5, -2.1521e-08
506.51, -2.1601e-08
508.51, -2.168e-08
510.51, -2.1756e-08
512.51, -2.1836e-08
514.51, -2.1919e-08
516.52, -2.2005e-08
518.52, -2.2096e-08
520.52, -2.2179e-08
522.52, -2.2262e-08
524.52, -2.2338e-08
526.53, -2.2416e-08
528.53, -2.2494e-08
530.53, -2.2576e-08
532.53, -2.2653e-08
534.53, -2.2737e-08
536.54, -2.2823e-08
538.54, -2.2906e-08
540.54, -2.2986e-08
542.54, -2.3065e-08
544.54, -2.3144e-08
546.55, -2.3228e-08
548.55, -2.3308e-08
550.55, -2.3385e-08
552.55, -2.3464e-08
554.55, -2.3544e-08
556.56, -2.3625e-08
558.56, -2.3704e-08
560.56, -2.3781e-08
562.56, -2.3859e-08
564.56, -2.3942e-08
566.57, -2.4019e-08
568.57, -2.4097e-08
570.57, -2.4179e-08
572.57, -2.426e-08
574.57, -2.4344e-08
576.58, -2.4425e-08
578.58, -2.451e-08
580.58, -2.4591e-08
582.58, -2.4674e-08
584.58, -2.4754e-08
586.59, -2.4837e-08
588.59, -2.4925e-08
590.59, -2.501e-08
592.59, -2.5097e-08
594.59, -2.518e-08
596.6, -2.5266e-08
598.6, -2.5357e-08
600.6, -2.5442e-08
602.6, -2.5529e-08
604.6, -2.5609e-08
606.61, -2.5692e-08
608.61, -2.5777e-08
610.61, -2.586e-08
612.61, -2.5942e-08
614.61, -2.602e-08
616.62, -2.6098e-08
618.62, -2.6182e-08
620.62, -2.627e-08
622.62, -2.636e-08
624.62, -2.6442e-08
626.63, -2.6524e-08
628.63, -2.661e-08
630.63, -2.6696e-08
632.63, -2.6783e-08
634.63, -2.6867e-08
636.64, -2.6958e-08
638.64, -2.7044e-08
640.64, -2.7131e-08
642.64, -2.7211e-08
644.64, -2.7293e-08
646.65, -2.7374e-08
648.65, -2.7451e-08
650.65, -2.7524e-08
652.65, -2.7598e-08
654.65, -2.7681e-08
656.66, -2.7769e-08
658.66, -2.7857e-08
660.66, -2.7942e-08
662.66, -2.8032e-08
664.66, -2.8124e-08
666.67, -2.8218e-08
668.67, -2.8315e-08
670.67, -2.8409e-08
672.67, -2.8494e-08
674.67, -2.858e-08
676.68, -2.8667e-08
678.68, -2.8751e-08
680.68, -2.8834e-08
682.68, -2.8918e-08
684.68, -2.9006e-08
686.69, -2.9093e-08
688.69, -2.9182e-08
690.69, -2.9273e-08
692.69, -2.9359e-08
694.69, -2.9446e-08
696.7, -2.9535e-08
698.7, -2.9623e-08
700.7, -2.9709e-08
702.7, -2.9789e-08
704.7, -2.9876e-08
706.71, -2.9957e-08
708.71, -3.0041e-08
710.71, -3.0127e-08
712.71, -3.0212e-08
714.71, -3.0301e-08
716.72, -3.0388e-08
718.72, -3.0477e-08
720.72, -3.0564e-08
722.72, -3.0653e-08
724.72, -3.0737e-08
726.73, -3.0824e-08
728.73, -3.0913e-08
730.73, -3.1004e-08
732.73, -3.1096e-08
734.73, -3.1185e-08
736.74, -3.1273e-08
738.74, -3.1361e-08
740.74, -3.1456e-08
742.74, -3.155e-08
744.74, -3.1638e-08
746.75, -3.1729e-08
748.75, -3.1819e-08
750.75, -3.1911e-08
752.75, -3.1999e-08
754.75, -3.2084e-08
756.76, -3.217e-08
758.76, -3.2256e-08
760.76, -3.2339e-08
762.76, -3.2424e-08
764.76, -3.2508e-08
766.77, -3.2591e-08
768.77, -3.2672e-08
770.77, -3.2758e-08
772.77, -3.2843e-08
774.77, -3.2926e-08
776.78, -3.3011e-08
778.78, -3.3097e-08
780.78, -3.318e-08
782.78, -3.3268e-08
784.78, -3.3352e-08
786.79, -3.3433e-08
788.79, -3.3517e-08
790.79, -3.3606e-08
792.79, -3.3693e-08
794.79, -3.3782e-08
796.8, -3.3869e-08
798.8, -3.3957e-08
800.8, -3.4048e-08
802.8, -3.4138e-08
804.8, -3.4225e-08
806.81, -3.4316e-08
808.81, -3.4406e-08
810.81, -3.4495e-08
812.81, -3.4576e-08
814.81, -3.4662e-08
816.82, -3.4753e-08
818.82, -3.4847e-08
820.82, -3.4933e-08
822.82, -3.502e-08
824.82, -3.5108e-08
826.83, -3.52e-08
828.83, -3.5293e-08
830.83, -3.5385e-08
832.83, -3.5478e-08
834.83, -3.557e-08
836.84, -3.5658e-08
838.84, -3.5747e-08
840.84, -3.5833e-08
842.84, -3.5918e-08
844.84, -3.6005e-08
846.85, -3.6094e-08
848.85, -3.618e-08
850.85, -3.6268e-08
852.85, -3.6352e-08
854.85, -3.6439e-08
856.86, -3.6523e-08
858.86, -3.6613e-08
860.86, -3.6699e-08
862.86, -3.6788e-08
864.86, -3.6876e-08
866.87, -3.6961e-08
868.87, -3.7049e-08
870.87, -3.7135e-08
872.87, -3.7222e-08
874.87, -3.731e-08
876.88, -3.7396e-08
878.88, -3.7482e-08
880.88, -3.7563e-08
882.88, -3.7649e-08
884.88, -3.7732e-08
886.89, -3.7813e-08
888.89, -3.7896e-08
890.89, -3.7978e-08
892.89, -3.8058e-08
894.89, -3.8139e-08
896.9, -3.8222e-08
898.9, -3.8304e-08
900.9, -3.8382e-08
902.9, -3.8463e-08
904.9, -3.8539e-08
906.91, -3.862e-08
908.91, -3.8701e-08
910.91, -3.878e-08
912.91, -3.886e-08
914.91, -3.8944e-08
916.92, -3.9023e-08
918.92, -3.9104e-08
920.92, -3.9182e-08
922.92, -3.9261e-08
924.92, -3.9342e-08
926.93, -3.9425e-08
928.93, -3.9511e-08
930.93, -3.959e-08
932.93, -3.9677e-08
934.93, -3.9764e-08
936.94, -3.9853e-08
938.94, -3.9942e-08
940.94, -4.0034e-08
942.94, -4.0126e-08
944.94, -4.021e-08
946.95, -4.0296e-08
948.95, -4.0386e-08
950.95, -4.0472e-08
952.95, -4.0556e-08
954.95, -4.064e-08
956.96, -4.0729e-08
958.96, -4.082e-08
960.96, -4.0907e-08
962.96, -4.0993e-08
964.96, -4.1077e-08
966.97, -4.1165e-08
968.97, -4.125e-08
970.97, -4.1339e-08
972.97, -4.1428e-08
974.97, -4.1516e-08
976.98, -4.1605e-08
978.98, -4.169e-08
980.98, -4.1779e-08
982.98, -4.1862e-08
984.98, -4.1948e-08
986.99, -4.2033e-08
988.99, -4.2117e-08
990.99, -4.2203e-08
992.99, -4.2286e-08
994.99, -4.2369e-08
997.0, -4.2452e-08
999.0, -4.2532e-08
1001.0, -4.2609e-08
1003.0, -4.2687e-08
1005.0, -4.2772e-08
1007.0, -4.2856e-08
1009.0, -4.294e-08
1011.0, -4.3019e-08
1013.0, -4.3098e-08
1015.0, -4.318e-08
1017.0, -4.3264e-08
1019.0, -4.3347e-08
1021.0, -4.3427e-08
1023.0, -4.3507e-08
1025.0, -4.3593e-08
1027.0, -4.3671e-08
1029.0, -4.3748e-08
1031.0, -4.3831e-08
1033.0, -4.3912e-08
1035.0, -4.3998e-08
1037.0, -4.4079e-08
1039.0, -4.4162e-08
1041.0, -4.4247e-08
1043.0, -4.433e-08
1045.0, -4.4417e-08
1047.0, -4.4506e-08
1049.0, -4.4597e-08
1051.0, -4.4687e-08
1053.1, -4.4774e-08
1055.1, -4.4861e-08
1057.1, -4.4947e-08
1059.1, -4.5032e-08
1061.1, -4.512e-08
1063.1, -4.5204e-08
1065.1, -4.5285e-08
1067.1, -4.5373e-08
1069.1, -4.5454e-08
1071.1, -4.5536e-08
1073.1, -4.5619e-08
1075.1, -4.57e-08
1077.1, -4.5783e-08
1079.1, -4.5865e-08
1081.1, -4.5948e-08
1083.1, -4.6031e-08
1085.1, -4.6111e-08
1087.1, -4.6191e-08
1089.1, -4.6274e-08
1091.1, -4.6358e-08
1093.1, -4.6434e-08
1095.1, -4.6518e-08
1097.1, -4.6606e-08
1099.1, -4.6693e-08
1101.1, -4.678e-08
1103.1, -4.686e-08
1105.1, -4.6947e-08
1107.1, -4.7028e-08
1109.1, -4.7108e-08
1111.1, -4.7193e-08
1113.1, -4.7278e-08
1115.1, -4.7362e-08
1117.1, -4.7444e-08
1119.1, -4.753e-08
1121.1, -4.7613e-08
1123.1, -4.7695e-08
1125.1, -4.7776e-08
1127.1, -4.786e-08
1129.1, -4.7945e-08
1131.1, -4.8029e-08
1133.1, -4.8111e-08
1135.1, -4.8195e-08
1137.1, -4.8279e-08
1139.1, -4.8362e-08
1141.1, -4.8447e-08
1143.1, -4.8536e-08
1145.1, -4.8622e-08
1147.1, -4.8706e-08
1149.1, -4.8791e-08
1151.1, -4.888e-08
1153.2, -4.8961e-08
1155.2, -4.9035e-08
1157.2, -4.9119e-08
1159.2, -4.9206e-08
1161.2, -4.9289e-08
1163.2, -4.9368e-08
1165.2, -4.945e-08
1167.2, -4.9532e-08
1169.2, -4.9613e-08
1171.2, -4.9696e-08
1173.2, -4.978e-08
1175.2, -4.9864e-08
1177.2, -4.9948e-08
1179.2, -5.0028e-08
1181.2, -5.0114e-08
1183.2, -5.0204e-08
1185.2, -5.0286e-08
1187.2, -5.0371e-08
1189.2, -5.0455e-08
1191.2, -5.0531e-08
1193.2, -5.0608e-08
1195.2, -5.0693e-08
1197.2, -5.078e-08
1199.2, -5.0867e-08
1201.2, -5.0953e-08
1203.2, -5.104e-08
1205.2, -5.1121e-08
1207.2, -5.1205e-08
1209.2, -5.1288e-08
1211.2, -5.1368e-08
1213.2, -5.1452e-08
1215.2, -5.1536e-08
1217.2, -5.1619e-08
1219.2, -5.1698e-08
1221.2, -5.1783e-08
1223.2, -5.1869e-08
1225.2, -5.1956e-08
1227.2, -5.2045e-08
1229.2, -5.2132e-08
1231.2, -5.2219e-08
1233.2, -5.23e-08
1235.2, -5.2381e-08
1237.2, -5.2465e-08
1239.2, -5.2553e-08
1241.2, -5.2643e-08
1243.2, -5.2727e-08
1245.2, -5.2814e-08
1247.2, -5.2901e-08
1249.2, -5.2986e-08
1251.2, -5.3074e-08
1253.3, -5.3154e-08
1255.3, -5.3236e-08
1257.3, -5.3318e-08
1259.3, -5.3403e-08
1261.3, -5.3486e-08
1263.3, -5.357e-08
1265.3, -5.3654e-08
1267.3, -5.3738e-08
1269.3, -5.3821e-08
1271.3, -5.391e-08
1273.3, -5.4001e-08
1275.3, -5.4087e-08
1277.3, -5.4175e-08
1279.3, -5.4264e-08
1281.3, -5.4353e-08
1283.3, -5.4436e-08
1285.3, -5.4518e-08
1287.3, -5.4606e-08
1289.3, -5.4691e-08
1291.3, -5.4775e-08
1293.3, -5.4857e-08
1295.3, -5.4936e-08
1297.3, -5.5023e-08
1299.3, -5.5106e-08
1301.3, -5.5189e-08
1303.3, -5.5274e-08
1305.3, -5.5361e-08
1307.3, -5.5454e-08
1309.3, -5.5539e-08
1311.3, -5.5625e-08
1313.3, -5.5712e-08
1315.3, -5.5802e-08
1317.3, -5.5889e-08
1319.3, -5.5975e-08
1321.3, -5.6063e-08
1323.3, -5.6148e-08
1325.3, -5.623e-08
1327.3, -5.6311e-08
1329.3, -5.6395e-08
1331.3, -5.6485e-08
1333.3, -5.6571e-08
1335.3, -5.6653e-08
1337.3, -5.6737e-08
1339.3, -5.6822e-08
1341.3, -5.6905e-08
1343.3, -5.6989e-08
1345.3, -5.7071e-08
1347.3, -5.7154e-08
1349.3, -5.7233e-08
1351.3, -5.7311e-08
1353.4, -5.7389e-08
1355.4, -5.7473e-08
1357.4, -5.7552e-08
1359.4, -5.7632e-08
1361.4, -5.7711e-08
1363.4, -5.7795e-08
1365.4, -5.7875e-08
1367.4, -5.7957e-08
1369.4, -5.8043e-08
1371.4, -5.8125e-08
1373.4, -5.8208e-08
1375.4, -5.8291e-08
1377.4, -5.837e-08
1379.4, -5.8447e-08
1381.4, -5.8526e-08
1383.4, -5.8601e-08
1385.4, -5.8681e-08
1387.4, -5.8767e-08
1389.4, -5.8845e-08
1391.4, -5.8924e-08
1393.4, -5.9003e-08
1395.4, -5.9084e-08
1397.4, -5.9158e-08
1399.4, -5.9234e-08
1401.4, -5.9313e-08
1403.4, -5.9389e-08
1405.4, -5.9465e-08
1407.4, -5.954e-08
1409.4, -5.9617e-08
1411.4, -5.9692e-08
1413.4, -5.977e-08
1415.4, -5.9851e-08
1417.4, -5.9927e-08
1419.4, -6.0009e-08
1421.4, -6.0093e-08
1423.4, -6.0172e-08
1425.4, -6.0249e-08
1427.4, -6.0325e-08
1429.4, -6.04e-08
1431.4, -6.0476e-08
1433.4, -6.0549e-08
1435.4, -6.0628e-08
1437.4, -6.0705e-08
1439.4, -6.0782e-08
1441.4, -6.0856e-08
1443.4, -6.0932e-08
1445.4, -6.1012e-08
1447.4, -6.1091e-08
1449.4, -6.1166e-08
1451.4, -6.1244e-08
1453.5, -6.132e-08
1455.5, -6.1395e-08
1457.5, -6.1473e-08
1459.5, -6.1554e-08
1461.5, -6.1632e-08
1463.5, -6.1709e-08
1465.5, -6.1788e-08
1467.5, -6.1868e-08
1469.5, -6.1943e-08
1471.5, -6.2023e-08
1473.5, -6.2097e-08
1475.5, -6.2176e-08
1477.5, -6.2257e-08
1479.5, -6.2334e-08
1481.5, -6.2416e-08
1483.5, -6.2498e-08
1485.5, -6.2576e-08
1487.5, -6.2658e-08
1489.5, -6.2739e-08
1491.5, -6.282e-08
1493.5, -6.2906e-08
1495.5, -6.2989e-08
1497.5, -6.3067e-08
1499.5, -6.3148e-08
1501.5, -6.323e-08
1503.5, -6.3316e-08
1505.5, -6.3397e-08
1507.5, -6.3477e-08
1509.5, -6.3556e-08
1511.5, -6.3635e-08
1513.5, -6.3714e-08
1515.5, -6.3793e-08
1517.5, -6.3872e-08
1519.5, -6.3953e-08
1521.5, -6.4037e-08
1523.5, -6.4118e-08
1525.5, -6.4194e-08
1527.5, -6.4281e-08
1529.5, -6.4364e-08
1531.5, -6.4445e-08
1533.5, -6.4523e-08
1535.5, -6.4603e-08
1537.5, -6.4686e-08
1539.5, -6.4768e-08
1541.5, -6.4857e-08
1543.5, -6.4937e-08
1545.5, -6.5024e-08
1547.5, -6.5109e-08
1549.5, -6.5193e-08
1551.5, -6.5277e-08
1553.6, -6.5358e-08
1555.6, -6.5438e-08
1557.6, -6.5521e-08
1559.6, -6.5603e-08
1561.6, -6.5687e-08
1563.6, -6.577e-08
1565.6, -6.5856e-08
1567.6, -6.5944e-08
1569.6, -6.6033e-08
1571.6, -6.6118e-08
1573.6, -6.6201e-08
1575.6, -6.6288e-08
1577.6, -6.6375e-08
1579.6, -6.6458e-08
1581.6, -6.6547e-08
1583.6, -6.6635e-08
1585.6, -6.6715e-08
1587.6, -6.6804e-08
1589.6, -6.6892e-08
1591.6, -6.6976e-08
1593.6, -6.7059e-08
1595.6, -6.7142e-08
1597.6, -6.7231e-08
1599.6, -6.7322e-08
1601.6, -6.7408e-08
1603.6, -6.7494e-08
1605.6, -6.7581e-08
1607.6, -6.7668e-08
1609.6, -6.7755e-08
1611.6, -6.7843e-08
1613.6, -6.7929e-08
1615.6, -6.8015e-08
1617.6, -6.8098e-08
1619.6, -6.8181e-08
1621.6, -6.8263e-08
1623.6, -6.8348e-08
1625.6, -6.8429e-08
1627.6, -6.851e-08
1629.6, -6.8596e-08
1631.6, -6.8683e-08
1633.6, -6.8767e-08
1635.6, -6.8848e-08
1637.6, -6.8933e-08
1639.6, -6.9018e-08
1641.6, -6.9104e-08
1643.6, -6.9184e-08
1645.6, -6.9265e-08
1647.6, -6.9346e-08
1649.6, -6.9428e-08
1651.6, -6.9506e-08
1653.7, -6.9584e-08
1655.7, -6.9667e-08
1657.7, -6.9747e-08
1659.7, -6.9824e-08
1661.7, -6.9905e-08
1663.7, -6.9989e-08
1665.7, -7.0072e-08
1667.7, -7.0158e-08
1669.7, -7.0241e-08
1671.7, -7.0325e-08
1673.7, -7.0409e-08
1675.7, -7.0491e-08
1677.7, -7.0576e-08
1679.7, -7.0663e-08
1681.7, -7.0749e-08
1683.7, -7.0831e-08
1685.7, -7.0913e-08
1687.7, -7.0993e-08
1689.7, -7.1073e-08
1691.7, -7.1153e-08
1693.7, -7.1234e-08
1695.7, -7.1316e-08
1697.7, -7.139e-08
1699.7, -7.1473e-08
1701.7, -7.1554e-08
1703.7, -7.1634e-08
1705.7, -7.1719e-08
1707.7, -7.1802e-08
1709.7, -7.1887e-08
1711.7, -7.1976e-08
1713.7, -7.2057e-08
1715.7, -7.2143e-08
1717.7, -7.2224e-08
1719.7, -7.2308e-08
1721.7, -7.2389e-08
1723.7, -7.2471e-08
1725.7, -7.2545e-08
1727.7, -7.262e-08
1729.7, -7.2702e-08
1731.7, -7.2785e-08
1733.7, -7.286e-08
1735.7, -7.2936e-08
1737.7, -7.3016e-08
1739.7, -7.31e-08
1741.7, -7.3189e-08
1743.7, -7.3274e-08
1745.7, -7.3356e-08
1747.7, -7.344e-08
1749.7, -7.3525e-08
1751.7, -7.3608e-08
1753.8, -7.3692e-08
1755.8, -7.3773e-08
1757.8, -7.3859e-08
1759.8, -7.3942e-08
1761.8, -7.4026e-08
1763.8, -7.4109e-08
1765.8, -7.4191e-08
1767.8, -7.4273e-08
1769.8, -7.4355e-08
1771.8, -7.4436e-08
1773.8, -7.4513e-08
1775.8, -7.4587e-08
1777.8, -7.4662e-08
1779.8, -7.4741e-08
1781.8, -7.4822e-08
1783.8, -7.4897e-08
1785.8, -7.4974e-08
1787.8, -7.5053e-08
1789.8, -7.5134e-08
1791.8, -7.5214e-08
1793.8, -7.5286e-08
1795.8, -7.5362e-08
1797.8, -7.5435e-08
1799.8, -7.5512e-08
1801.8, -7.5587e-08
1803.8, -7.566e-08
1805.8, -7.5733e-08
1807.8, -7.5806e-08
1809.8, -7.5878e-08
1811.8, -7.595e-08
1813.8, -7.6025e-08
1815.8, -7.6099e-08
1817.8, -7.6182e-08
1819.8, -7.6262e-08
1821.8, -7.634e-08
1823.8, -7.6422e-08
1825.8, -7.6495e-08
1827.8, -7.6574e-08
1829.8, -7.6655e-08
1831.8, -7.673e-08
1833.8, -7.6809e-08
1835.8, -7.6885e-08
1837.8, -7.6966e-08
1839.8, -7.7041e-08
1841.8, -7.7115e-08
1843.8, -7.7193e-08
1845.8, -7.7271e-08
1847.8, -7.7347e-08
1849.8, -7.7425e-08
1851.8, -7.7504e-08
1853.9, -7.7578e-08
1855.9, -7.7654e-08
1857.9, -7.7734e-08
1859.9, -7.7815e-08
1861.9, -7.7898e-08
1863.9, -7.7981e-08
1865.9, -7.8066e-08
1867.9, -7.8149e-08
1869.9, -7.8232e-08
1871.9, -7.8311e-08
1873.9, -7.8388e-08
1875.9, -7.8465e-08
1877.9, -7.8545e-08
1879.9, -7.8623e-08
1881.9, -7.8701e-08
1883.9, -7.8779e-08
1885.9, -7.8864e-08
1887.9, -7.8947e-08
1889.9, -7.9032e-08
1891.9, -7.9114e-08
1893.9, -7.9197e-08
1895.9, -7.9277e-08
1897.9, -7.9359e-08
1899.9, -7.944e-08
1901.9, -7.9526e-08
1903.9, -7.9607e-08
1905.9, -7.9689e-08
1907.9, -7.9771e-08
1909.9, -7.9851e-08
1911.9, -7.9936e-08
1913.9, -8.0016e-08
1915.9, -8.0097e-08
1917.9, -8.0185e-08
1919.9, -8.0269e-08
1921.9, -8.0353e-08
1923.9, -8.0436e-08
1925.9, -8.0518e-08
1927.9, -8.0597e-08
1929.9, -8.0675e-08
1931.9, -8.0755e-08
1933.9, -8.0834e-08
1935.9, -8.0913e-08
1937.9, -8.0995e-08
1939.9, -8.1075e-08
1941.9, -8.1156e-08
1943.9, -8.1233e-08
1945.9, -8.1313e-08
1947.9, -8.1392e-08
1949.9, -8.1469e-08
1951.9, -8.1547e-08
1954.0, -8.1627e-08
1956.0, -8.1708e-08
1958.0, -8.1787e-08
1960.0, -8.1866e-08
1962.0, -8.1944e-08
1964.0, -8.2017e-08
1966.0, -8.2092e-08
1968.0, -8.2168e-08
1970.0, -8.2253e-08
1972.0, -8.2335e-08
1974.0, -8.2412e-08
1976.0, -8.2486e-08
1978.0, -8.2563e-08
1980.0, -8.2641e-08
1982.0, -8.2719e-08
1984.0, -8.2795e-08
1986.0, -8.287e-08
1988.0, -8.2945e-08
1990.0, -8.3024e-08
1992.0, -8.3106e-08
1994.0, -8.3188e-08
1996.0, -8.3268e-08
1998.0, -8.335e-08
2000.0, -8.3434e-08
2002.0, -8.3517e-08
2004.0, -8.3601e-08
2006.0, -8.3684e-08
2008.0, -8.3763e-08
2010.0, -8.3841e-08
2012.0, -8.3922e-08
2014.0, -8.4002e-08
2016.0, -8.4083e-08
2018.0, -8.4163e-08
2020.0, -8.4241e-08
2022.0, -8.4322e-08
2024.0, -8.4399e-08
2026.0, -8.4474e-08
2028.0, -8.4552e-08
2030.0, -8.4633e-08
2032.0, -8.4711e-08
2034.0, -8.4793e-08
2036.0, -8.4876e-08
2038.0, -8.4962e-08
2040.0, -8.5044e-08
2042.0, -8.5127e-08
2044.0, -8.521e-08
2046.0, -8.5294e-08
2048.0, -8.5378e-08
2050.0, -8.5464e-08
2052.0, -8.5555e-08
2054.1, -8.5644e-08
2056.1, -8.5729e-08
2058.1, -8.5818e-08
2060.1, -8.5905e-08
2062.1, -8.5998e-08
2064.1, -8.6084e-08
2066.1, -8.6171e-08
2068.1, -8.6253e-08
2070.1, -8.6339e-08
2072.1, -8.6426e-08
2074.1, -8.6515e-08
2076.1, -8.6599e-08
2078.1, -8.6678e-08
2080.1, -8.6762e-08
2082.1, -8.6847e-08
2084.1, -8.6928e-08
2086.1, -8.7012e-08
2088.1, -8.7094e-08
2090.1, -8.718e-08
2092.1, -8.7269e-08
2094.1, -8.7356e-08
2096.1, -8.7439e-08
2098.1, -8.7528e-08
2100.1, -8.761e-08
2102.1, -8.7695e-08
2104.1, -8.7778e-08
2106.1, -8.786e-08
2108.1, -8.7944e-08
2110.1, -8.8029e-08
2112.1, -8.8113e-08
2114.1, -8.8197e-08
2116.1, -8.8282e-08
2118.1, -8.8369e-08
2120.1, -8.845e-08
2122.1, -8.8532e-08
2124.1, -8.8612e-08
2126.1, -8.8699e-08
2128.1, -8.8792e-08
2130.1, -8.888e-08
2132.1, -8.8965e-08
2134.1, -8.9047e-08
2136.1, -8.9123e-08
2138.1, -8.9198e-08
2140.1, -8.9281e-08
2142.1, -8.9367e-08
2144.1, -8.9449e-08
2146.1, -8.9534e-08
2148.1, -8.9617e-08
2150.1, -8.9703e-08
2152.1, -8.9791e-08
2154.2, -8.9877e-08
2156.2, -8.9969e-08
2158.2, -9.0061e-08
2160.2, -9.0151e-08
2162.2, -9.0236e-08
2164.2, -9.0315e-08
2166.2, -9.0397e-08
2168.2, -9.0479e-08
2170.2, -9.0562e-08
2172.2, -9.0651e-08
2174.2, -9.0737e-08
2176.2, -9.0819e-08
2178.2, -9.0899e-08
2180.2, -9.0981e-08
2182.2, -9.106e-08
2184.2, -9.1131e-08
2186.2, -9.1212e-08
2188.2, -9.1294e-08
2190.2, -9.138e-08
2192.2, -9.1462e-08
2194.2, -9.1543e-08
2196.2, -9.1623e-08
2198.2, -9.1707e-08
2200.2, -9.179e-08
2202.2, -9.1873e-08
2204.2, -9.196e-08
2206.2, -9.2045e-08
2208.2, -9.213e-08
2210.2, -9.2215e-08
2212.2, -9.2293e-08
2214.2, -9.2369e-08
2216.2, -9.2447e-08
2218.2, -9.2529e-08
2220.2, -9.2614e-08
2222.2, -9.2705e-08
2224.2, -9.2791e-08
2226.2, -9.2879e-08
2228.2, -9.2967e-08
2230.2, -9.3056e-08
2232.2, -9.3141e-08
2234.2, -9.3223e-08
2236.2, -9.3305e-08
2238.2, -9.339e-08
2240.2, -9.3471e-08
2242.2, -9.3552e-08
2244.2, -9.3635e-08
2246.2, -9.3717e-08
2248.2, -9.3805e-08
2250.2, -9.3889e-08
2252.2, -9.3978e-08
2254.3, -9.4064e-08
2256.3, -9.4148e-08
2258.3, -9.423e-08
2260.3, -9.432e-08
2262.3, -9.4405e-08
2264.3, -9.449e-08
2266.3, -9.4573e-08
2268.3, -9.4658e-08
2270.3, -9.4747e-08
2272.3, -9.4832e-08
2274.3, -9.492e-08
2276.3, -9.5005e-08
2278.3, -9.5085e-08
2280.3, -9.5167e-08
2282.3, -9.5253e-08
2284.3, -9.5342e-08
2286.3, -9.5421e-08
2288.3, -9.5502e-08
2290.3, -9.5578e-08
2292.3, -9.5658e-08
2294.3, -9.5735e-08
2296.3, -9.5814e-08
2298.3, -9.5892e-08
2300.3, -9.5973e-08
2302.3, -9.6056e-08
2304.3, -9.614e-08
2306.3, -9.6227e-08
2308.3, -9.6314e-08
2310.3, -9.6398e-08
2312.3, -9.6483e-08
2314.3, -9.6564e-08
2316.3, -9.6649e-08
2318.3, -9.673e-08
2320.3, -9.6812e-08
2322.3, -9.6894e-08
2324.3, -9.6975e-08
2326.3, -9.7055e-08
2328.3, -9.7135e-08
2330.3, -9.7219e-08
2332.3, -9.7304e-08
2334.3, -9.7387e-08
2336.3, -9.7466e-08
2338.3, -9.7544e-08
2340.3, -9.7626e-08
2342.3, -9.7712e-08
2344.3, -9.7796e-08
2346.3, -9.7879e-08
2348.3, -9.7962e-08
2350.3, -9.8044e-08
2352.3, -9.812e-08
2354.4, -9.8195e-08
2356.4, -9.8276e-08
2358.4, -9.8358e-08
2360.4, -9.8444e-08
2362.4, -9.8528e-08
2364.4, -9.8607e-08
2366.4, -9.8693e-08
2368.4, -9.878e-08
2370.4, -9.8864e-08
2372.4, -9.8945e-08
2374.4, -9.9027e-08
2376.4, -9.9109e-08
2378.4, -9.9188e-08
2380.4, -9.9266e-08
2382.4, -9.9345e-08
2384.4, -9.9425e-08
2386.4, -9.951e-08
2388.4, -9.9592e-08
2390.4, -9.968e-08
2392.4, -9.9766e-08
2394.4, -9.9848e-08
2396.4, -9.9929e-08
2398.4, -1.0002e-07
2400.4, -1.0011e-07
2402.4, -1.0019e-07
2404.4, -1.0028e-07
2406.4, -1.0037e-07
2408.4, -1.0046e-07
2410.4, -1.0055e-07
2412.4, -1.0063e-07
2414.4, -1.0072e-07
2416.4, -1.008e-07
2418.4, -1.0088e-07
2420.4, -1.0097e-07
2422.4, -1.0106e-07
2424.4, -1.0115e-07
2426.4, -1.0124e-07
2428.4, -1.0132e-07
2430.4, -1.0141e-07
2432.4, -1.0149e-07
2434.4, -1.0157e-07
2436.4, -1.0165e-07
2438.4, -1.0173e-07
2440.4, -1.0182e-07
2442.4, -1.019e-07
2444.4, -1.0198e-07
2446.4, -1.0205e-07
2448.4, -1.0213e-07
2450.4, -1.022e-07
2452.4, -1.0228e-07
2454.5, -1.0235e-07
2456.5, -1.0243e-07
2458.5, -1.0251e-07
2460.5, -1.0259e-07
2462.5, -1.0266e-07
2464.5, -1.0274e-07
2466.5, -1.0281e-07
2468.5, -1.0289e-07
2470.5, -1.0297e-07
2472.5, -1.0305e-07
2474.5, -1.0313e-07
2476.5, -1.032e-07
2478.5, -1.0328e-07
2480.5, -1.0336e-07
2482.5, -1.0344e-07
2484.5, -1.0352e-07
2486.5, -1.036e-07
2488.5, -1.0369e-07
2490.5, -1.0377e-07
2492.5, -1.0385e-07
2494.5, -1.0393e-07
2496.5, -1.0401e-07
2498.5, -1.0409e-07
2500.5, -1.0417e-07
2502.5, -1.0425e-07
2504.5, -1.0434e-07
2506.5, -1.0442e-07
2508.5, -1.0451e-07
2510.5, -1.046e-07
2512.5, -1.0468e-07
2514.5, -1.0477e-07
2516.5, -1.0485e-07
2518.5, -1.0494e-07
2520.5, -1.0502e-07
2522.5, -1.051e-07
2524.5, -1.0518e-07
2526.5, -1.0527e-07
2528.5, -1.0535e-07
2530.5, -1.0543e-07
2532.5, -1.0551e-07
2534.5, -1.056e-07
2536.5, -1.0567e-07
2538.5, -1.0576e-07
2540.5, -1.0584e-07
2542.5, -1.0592e-07
2544.5, -1.0599e-07
2546.5, -1.0607e-07
2548.5, -1.0616e-07
2550.5, -1.0624e-07
2552.5, -1.0633e-07
2554.6, -1.0642e-07
2556.6, -1.065e-07
2558.6, -1.0657e-07
2560.6, -1.0665e-07
2562.6, -1.0674e-07
2564.6, -1.0682e-07
2566.6, -1.069e-07
2568.6, -1.0698e-07
2570.6, -1.0705e-07
2572.6, -1.0713e-07
2574.6, -1.0721e-07
2576.6, -1.0729e-07
2578.6, -1.0737e-07
2580.6, -1.0745e-07
2582.6, -1.0753e-07
2584.6, -1.0761e-07
2586.6, -1.0769e-07
2588.6, -1.0777e-07
2590.6, -1.0785e-07
2592.6, -1.0793e-07
2594.6, -1.0801e-07
2596.6, -1.0809e-07
2598.6, -1.0817e-07
2600.6, -1.0826e-07
2602.6, -1.0834e-07
2604.6, -1.0842e-07
2606.6, -1.085e-07
2608.6, -1.0858e-07
2610.6, -1.0866e-07
2612.6, -1.0874e-07
2614.6, -1.0882e-07
2616.6, -1.089e-07
2618.6, -1.0898e-07
2620.6, -1.0907e-07
2622.6, -1.0915e-07
2624.6, -1.0923e-07
2626.6, -1.0931e-07
2628.6, -1.0939e-07
2630.6, -1.0948e-07
2632.6, -1.0956e-07
2634.6, -1.0963e-07
2636.6, -1.0971e-07
2638.6, -1.098e-07
2640.6, -1.0988e-07
2642.6, -1.0996e-07
2644.6, -1.1004e-07
2646.6, -1.1012e-07
2648.6, -1.102e-07
2650.6, -1.1028e-07
2652.6, -1.1036e-07
2654.7, -1.1044e-07
2656.7, -1.1052e-07
2658.7, -1.1061e-07
2660.7, -1.1069e-07
2662.7, -1.1078e-07
2664.7, -1.1086e-07
2666.7, -1.1095e-07
2668.7, -1.1103e-07
2670.7, -1.1111e-07
2672.7, -1.112e-07
2674.7, -1.1128e-07
2676.7, -1.1135e-07
2678.7, -1.1143e-07
2680.7, -1.1151e-07
2682.7, -1.1159e-07
2684.7, -1.1167e-07
2686.7, -1.1175e-07
2688.7, -1.1183e-07
2690.7, -1.1191e-07
2692.7, -1.1199e-07
2694.7, -1.1207e-07
2696.7, -1.1215e-07
2698.7, -1.1222e-07
2700.7, -1.123e-07
2702.7, -1.1238e-07
2704.7, -1.1246e-07
2706.7, -1.1254e-07
2708.7, -1.1262e-07
2710.7, -1.1269e-07
2712.7, -1.1277e-07
2714.7, -1.1285e-07
2716.7, -1.1293e-07
2718.7, -1.1301e-07
2720.7, -1.1308e-07
2722.7, -1.1316e-07
2724.7, -1.1324e-07
2726.7, -1.1332e-07
2728.7, -1.1339e-07
2730.7, -1.1347e-07
2732.7, -1.1355e-07
2734.7, -1.1363e-07
2736.7, -1.1371e-07
2738.7, -1.1378e-07
2740.7, -1.1386e-07
2742.7, -1.1394e-07
2744.7, -1.1402e-07
2746.7, -1.141e-07
2748.7, -1.1418e-07
2750.7, -1.1426e-07
2752.7, -1.1434e-07
2754.8, -1.1441e-07
2756.8, -1.145e-07
2758.8, -1.1457e-07
2760.8, -1.1466e-07
2762.8, -1.1473e-07
2764.8, -1.1481e-07
2766.8, -1.1489e-07
2768.8, -1.1497e-07
2770.8, -1.1504e-07
2772.8, -1.1512e-07
2774.8, -1.152e-07
2776.8, -1.1527e-07
2778.8, -1.1535e-07
2780.8, -1.1543e-07
2782.8, -1.155e-07
2784.8, -1.1558e-07
2786.8, -1.1566e-07
2788.8, -1.1573e-07
2790.8, -1.1581e-07
2792.8, -1.1589e-07
2794.8, -1.1597e-07
2796.8, -1.1605e-07
2798.8, -1.1613e-07
2800.8, -1.1621e-07
2802.8, -1.1628e-07
2804.8, -1.1636e-07
2806.8, -1.1644e-07
2808.8, -1.1651e-07
2810.8, -1.1659e-07
2812.8, -1.1666e-07
2814.8, -1.1674e-07
2816.8, -1.1682e-07
2818.8, -1.169e-07
2820.8, -1.1698e-07
2822.8, -1.1705e-07
2824.8, -1.1713e-07
2826.8, -1.1721e-07
2828.8, -1.1729e-07
2830.8, -1.1737e-07
2832.8, -1.1745e-07
2834.8, -1.1753e-07
2836.8, -1.1761e-07
2838.8, -1.1768e-07
2840.8, -1.1776e-07
2842.8, -1.1784e-07
2844.8, -1.1792e-07
2846.8, -1.18e-07
2848.8, -1.1808e-07
2850.8, -1.1817e-07
2852.8, -1.1825e-07
2854.9, -1.1833e-07
2856.9, -1.1842e-07
2858.9, -1.185e-07
2860.9, -1.1858e-07
2862.9, -1.1866e-07
2864.9, -1.1874e-07
2866.9, -1.1882e-07
2868.9, -1.189e-07
2870.9, -1.1899e-07
2872.9, -1.1907e-07
2874.9, -1.1915e-07
2876.9, -1.1922e-07
2878.9, -1.193e-07
2880.9, -1.1938e-07
2882.9, -1.1946e-07
2884.9, -1.1953e-07
2886.9, -1.1962e-07
2888.9, -1.197e-07
2890.9, -1.1977e-07
2892.9, -1.1985e-07
2894.9, -1.1993e-07
2896.9, -1.2001e-07
2898.9, -1.2009e-07
2900.9, -1.2017e-07
2902.9, -1.2025e-07
2904.9, -1.2033e-07
2906.9, -1.2041e-07
2908.9, -1.2049e-07
2910.9, -1.2057e-07
2912.9, -1.2064e-07
2914.9, -1.2072e-07
2916.9, -1.208e-07
2918.9, -1.2088e-07
2920.9, -1.2095e-07
2922.9, -1.2103e-07
2924.9, -1.2111e-07
2926.9, -1.2118e-07
2928.9, -1.2126e-07
2930.9, -1.2133e-07
2932.9, -1.2141e-07
2934.9, -1.2148e-07
2936.9, -1.2156e-07
2938.9, -1.2164e-07
2940.9, -1.2172e-07
2942.9, -1.2179e-07
2944.9, -1.2187e-07
2946.9, -1.2194e-07
2948.9, -1.2202e-07
2950.9, -1.221e-07
2952.9, -1.2218e-07
2955.0, -1.2226e-07
2957.0, -1.2233e-07
2959.0, -1.224e-07
2961.0, -1.2247e-07
2963.0, -1.2254e-07
2965.0, -1.2262e-07
2967.0, -1.227e-07
2969.0, -1.2278e-07
2971.0, -1.2286e-07
2973.0, -1.2295e-07
2975.0, -1.2302e-07
2977.0, -1.231e-07
2979.0, -1.2318e-07
2981.0, -1.2326e-07
2983.0, -1.2334e-07
2985.0, -1.2341e-07
2987.0, -1.2349e-07
2989.0, -1.2357e-07
2991.0, -1.2364e-07
2993.0, -1.2371e-07
2995.0, -1.2378e-07
2997.0, -1.2386e-07
2999.0, -1.2394e-07
3001.0, -1.2401e-07
3003.0, -1.2408e-07
3005.0, -1.2416e-07
3007.0, -1.2424e-07
3009.0, -1.2431e-07
3011.0, -1.2438e-07
3013.0, -1.2446e-07
3015.0, -1.2453e-07
3017.0, -1.246e-07
3019.0, -1.2467e-07
3021.0, -1.2474e-07
3023.0, -1.248e-07
3025.0, -1.2487e-07
3027.0, -1.2495e-07
3029.0, -1.2502e-07
3031.0, -1.2509e-07
3033.0, -1.2516e-07
3035.0, -1.2523e-07
3037.0, -1.253e-07
3039.0, -1.2537e-07
3041.0, -1.2544e-07
3043.0, -1.2551e-07
3045.0, -1.2558e-07
3047.0, -1.2565e-07
3049.0, -1.2573e-07
3051.0, -1.258e-07
3053.0, -1.2587e-07
3055.1, -1.2594e-07
3057.1, -1.2601e-07
3059.1, -1.2607e-07
3061.1, -1.2614e-07
3063.1, -1.2621e-07
3065.1, -1.2629e-07
3067.1, -1.2636e-07
3069.1, -1.2644e-07
3071.1, -1.2652e-07
3073.1, -1.2659e-07
3075.1, -1.2666e-07
3077.1, -1.2673e-07
3079.1, -1.268e-07
3081.1, -1.2686e-07
3083.1, -1.2693e-07
3085.1, -1.27e-07
3087.1, -1.2708e-07
3089.1, -1.2715e-07
3091.1, -1.2722e-07
3093.1, -1.273e-07
3095.1, -1.2737e-07
3097.1, -1.2744e-07
3099.1, -1.2752e-07
3101.1, -1.2759e-07
3103.1, -1.2766e-07
3105.1, -1.2773e-07
3107.1, -1.2781e-07
3109.1, -1.2788e-07
3111.1, -1.2796e-07
3113.1, -1.2803e-07
3115.1, -1.281e-07
3117.1, -1.2818e-07
3119.1, -1.2826e-07
3121.1, -1.2833e-07
3123.1, -1.2841e-07
3125.1, -1.2848e-07
3127.1, -1.2856e-07
3129.1, -1.2863e-07
3131.1, -1.287e-07
3133.1, -1.2878e-07
3135.1, -1.2885e-07
3137.1, -1.2891e-07
3139.1, -1.2897e-07
3141.1, -1.2904e-07
3143.1, -1.2911e-07
3145.1, -1.2918e-07
3147.1, -1.2926e-07
3149.1, -1.2934e-07
3151.1, -1.2941e-07
3153.1, -1.2948e-07
3155.2, -1.2955e-07
3157.2, -1.2963e-07
3159.2, -1.2971e-07
3161.2, -1.2978e-07
3163.2, -1.2986e-07
3165.2, -1.2993e-07
3167.2, -1.3001e-07
3169.2, -1.3008e-07
3171.2, -1.3016e-07
3173.2, -1.3024e-07
3175.2, -1.3032e-07
3177.2, -1.304e-07
3179.2, -1.3047e-07
3181.2, -1.3055e-07
3183.2, -1.3063e-07
3185.2, -1.3071e-07
3187.2, -1.3078e-07
3189.2, -1.3086e-07
3191.2, -1.3093e-07
3193.2, -1.31e-07
3195.2, -1.3107e-07
3197.2, -1.3114e-07
3199.2, -1.3121e-07
3201.2, -1.3128e-07
3203.2, -1.3135e-07
3205.2, -1.3141e-07
3207.2, -1.3148e-07
3209.2, -1.3155e-07
3211.2, -1.3163e-07
3213.2, -1.317e-07
3215.2, -1.3178e-07
3217.2, -1.3185e-07
3219.2, -1.3191e-07
3221.2, -1.3198e-07
3223.2, -1.3206e-07
3225.2, -1.3213e-07
3227.2, -1.3221e-07
3229.2, -1.3228e-07
3231.2, -1.3235e-07
3233.2, -1.3243e-07
3235.2, -1.3251e-07
3237.2, -1.3259e-07
3239.2, -1.3268e-07
3241.2, -1.3275e-07
3243.2, -1.3283e-07
3245.2, -1.3291e-07
3247.2, -1.3298e-07
3249.2, -1.3307e-07
3251.2, -1.3314e-07
3253.2, -1.3322e-07
3255.3, -1.333e-07
3257.3, -1.3338e-07
3259.3, -1.3346e-07
3261.3, -1.3353e-07
3263.3, -1.3361e-07
3265.3, -1.3368e-07
3267.3, -1.3376e-07
3269.3, -1.3384e-07
3271.3, -1.3392e-07
3273.3, -1.34e-07
3275.3, -1.3407e-07
3277.3, -1.3414e-07
3279.3, -1.3422e-07
3281.3, -1.343e-07
3283.3, -1.3438e-07
3285.3, -1.3445e-07
3287.3, -1.3453e-07
3289.3, -1.3461e-07
3291.3, -1.3469e-07
3293.3, -1.3477e-07
3295.3, -1.3485e-07
3297.3, -1.3494e-07
3299.3, -1.3502e-07
3301.3, -1.351e-07
3303.3, -1.3518e-07
3305.3, -1.3526e-07
3307.3, -1.3534e-07
3309.3, -1.3541e-07
3311.3, -1.3549e-07
3313.3, -1.3556e-07
3315.3, -1.3564e-07
3317.3, -1.3572e-07
3319.3, -1.358e-07
3321.3, -1.3588e-07
3323.3, -1.3596e-07
3325.3, -1.3604e-07
3327.3, -1.3613e-07
3329.3, -1.3621e-07
3331.3, -1.3629e-07
3333.3, -1.3638e-07
3335.3, -1.3647e-07
3337.3, -1.3656e-07
3339.3, -1.3664e-07
3341.3, -1.3673e-07
3343.3, -1.3682e-07
3345.3, -1.369e-07
3347.3, -1.3699e-07
3349.3, -1.3707e-07
3351.3, -1.3716e-07
3353.3, -1.3725e-07
3355.4, -1.3734e-07
3357.4, -1.3742e-07
3359.4, -1.375e-07
3361.4, -1.3759e-07
3363.4, -1.3768e-07
3365.4, -1.3777e-07
3367.4, -1.3785e-07
3369.4, -1.3794e-07
3371.4, -1.3802e-07
3373.4, -1.3811e-07
3375.4, -1.3819e-07
3377.4, -1.3828e-07
3379.4, -1.3836e-07
3381.4, -1.3845e-07
3383.4, -1.3854e-07
3385.4, -1.3862e-07
3387.4, -1.387e-07
3389.4, -1.3878e-07
3391.4, -1.3886e-07
3393.4, -1.3894e-07
3395.4, -1.3902e-07
3397.4, -1.3911e-07
3399.4, -1.3919e-07
3401.4, -1.3928e-07
3403.4, -1.3937e-07
3405.4, -1.3946e-07
3407.4, -1.3954e-07
3409.4, -1.3963e-07
3411.4, -1.3972e-07
3413.4, -1.398e-07
3415.4, -1.3989e-07
3417.4, -1.3997e-07
3419.4, -1.4005e-07
3421.4, -1.4014e-07
3423.4, -1.4023e-07
3425.4, -1.4032e-07
3427.4, -1.4041e-07
3429.4, -1.4049e-07
3431.4, -1.4058e-07
3433.4, -1.4067e-07
3435.4, -1.4075e-07
3437.4, -1.4084e-07
3439.4, -1.4092e-07
3441.4, -1.4101e-07
3443.4, -1.411e-07
3445.4, -1.4119e-07
3447.4, -1.4127e-07
3449.4, -1.4136e-07
3451.4, -1.4145e-07
3453.4, -1.4154e-07
3455.5, -1.4163e-07
3457.5, -1.4171e-07
3459.5, -1.418e-07
3461.5, -1.4189e-07
3463.5, -1.4198e-07
3465.5, -1.4206e-07
3467.5, -1.4215e-07
3469.5, -1.4223e-07
3471.5, -1.4231e-07
3473.5, -1.4239e-07
3475.5, -1.4248e-07
3477.5, -1.4257e-07
3479.5, -1.4265e-07
3481.5, -1.4273e-07
3483.5, -1.428e-07
3485.5, -1.4288e-07
3487.5, -1.4296e-07
3489.5, -1.4304e-07
3491.5, -1.4312e-07
3493.5, -1.432e-07
3495.5, -1.4328e-07
3497.5, -1.4336e-07
3499.5, -1.4344e-07
3501.5, -1.4353e-07
3503.5, -1.4361e-07
3505.5, -1.4368e-07
3507.5, -1.4377e-07
3509.5, -1.4385e-07
3511.5, -1.4394e-07
3513.5, -1.4402e-07
3515.5, -1.4411e-07
3517.5, -1.4419e-07
3519.5, -1.4428e-07
3521.5, -1.4435e-07
3523.5, -1.4444e-07
3525.5, -1.4452e-07
3527.5, -1.446e-07
3529.5, -1.4468e-07
3531.5, -1.4476e-07
3533.5, -1.4484e-07
3535.5, -1.4492e-07
3537.5, -1.45e-07
3539.5, -1.4508e-07
3541.5, -1.4516e-07
3543.5, -1.4524e-07
3545.5, -1.4532e-07
3547.5, -1.454e-07
3549.5, -1.4549e-07
3551.5, -1.4557e-07
3553.5, -1.4566e-07
3555.6, -1.4574e-07
3557.6, -1.4583e-07
3559.6, -1.4591e-07
3561.6, -1.4599e-07
3563.6, -1.4607e-07
3565.6, -1.4616e-07
3567.6, -1.4625e-07
3569.6, -1.4634e-07
3571.6, -1.4642e-07
3573.6, -1.4651e-07
3575.6, -1.4659e-07
3577.6, -1.4668e-07
3579.6, -1.4677e-07
3581.6, -1.4686e-07
3583.6, -1.4695e-07
3585.6, -1.4704e-07
3587.6, -1.4713e-07
3589.6, -1.4722e-07
3591.6, -1.473e-07
3593.6, -1.474e-07
3595.6, -1.4749e-07
3597.6, -1.4758e-07
3599.6, -1.4766e-07
3601.6, -1.4775e-07
3603.6, -1.4785e-07
3605.6, -1.4794e-07
3607.6, -1.4803e-07
3609.6, -1.4812e-07
3611.6, -1.4822e-07
3613.6, -1.4831e-07
3615.6, -1.4841e-07
3617.6, -1.485e-07
3619.6, -1.4859e-07
3621.6, -1.4868e-07
3623.6, -1.4876e-07
3625.6, -1.4885e-07
3627.6, -1.4894e-07
3629.6, -1.4903e-07
3631.6, -1.4912e-07
3633.6, -1.4921e-07
3635.6, -1.493e-07
3637.6, -1.4939e-07
3639.6, -1.4948e-07
3641.6, -1.4956e-07
3643.6, -1.4964e-07
3645.6, -1.4971e-07
3647.6, -1.4979e-07
3649.6, -1.4987e-07
3651.6, -1.4995e-07
3653.6, -1.5003e-07
3655.7, -1.5011e-07
3657.7, -1.5019e-07
3659.7, -1.5027e-07
3661.7, -1.5035e-07
3663.7, -1.5043e-07
3665.7, -1.5051e-07
3667.7, -1.5059e-07
3669.7, -1.5067e-07
3671.7, -1.5076e-07
3673.7, -1.5084e-07
3675.7, -1.5093e-07
3677.7, -1.5101e-07
3679.7, -1.5109e-07
3681.7, -1.5117e-07
3683.7, -1.5125e-07
3685.7, -1.5134e-07
3687.7, -1.5142e-07
3689.7, -1.515e-07
3691.7, -1.5158e-07
3693.7, -1.5166e-07
3695.7, -1.5174e-07
3697.7, -1.5182e-07
3699.7, -1.519e-07
3701.7, -1.5198e-07
3703.7, -1.5206e-07
3705.7, -1.5214e-07
3707.7, -1.5224e-07
3709.7, -1.5232e-07
3711.7, -1.524e-07
3713.7, -1.5248e-07
3715.7, -1.5256e-07
3717.7, -1.5265e-07
3719.7, -1.5273e-07
3721.7, -1.5281e-07
3723.7, -1.529e-07
3725.7, -1.5298e-07
3727.7, -1.5306e-07
3729.7, -1.5314e-07
3731.7, -1.5323e-07
3733.7, -1.5331e-07
3735.7, -1.5339e-07
3737.7, -1.5348e-07
3739.7, -1.5356e-07
3741.7, -1.5365e-07
3743.7, -1.5373e-07
3745.7, -1.5381e-07
3747.7, -1.5389e-07
3749.7, -1.5398e-07
3751.7, -1.5405e-07
3753.7, -1.5413e-07
3755.8, -1.5421e-07
3757.8, -1.5429e-07
3759.8, -1.5437e-07
3761.8, -1.5446e-07
3763.8, -1.5454e-07
3765.8, -1.5462e-07
3767.8, -1.5471e-07
3769.8, -1.5479e-07
3771.8, -1.5487e-07
3773.8, -1.5495e-07
3775.8, -1.5503e-07
3777.8, -1.5512e-07
3779.8, -1.552e-07
3781.8, -1.5529e-07
3783.8, -1.5537e-07
3785.8, -1.5545e-07
3787.8, -1.5553e-07
3789.8, -1.5561e-07
3791.8, -1.557e-07
3793.8, -1.5579e-07
3795.8, -1.5587e-07
3797.8, -1.5596e-07
3799.8, -1.5605e-07
3801.8, -1.5614e-07
3803.8, -1.5622e-07
3805.8, -1.5631e-07
3807.8, -1.5639e-07
3809.8, -1.5648e-07
3811.8, -1.5657e-07
3813.8, -1.5665e-07
3815.8, -1.5674e-07
3817.8, -1.5683e-07
3819.8, -1.5691e-07
3821.8, -1.57e-07
3823.8, -1.5709e-07
3825.8, -1.5717e-07
3827.8, -1.5726e-07
3829.8, -1.5735e-07
3831.8, -1.5743e-07
3833.8, -1.5752e-07
3835.8, -1.576e-07
3837.8, -1.5769e-07
3839.8, -1.5777e-07
3841.8, -1.5786e-07
3843.8, -1.5795e-07
3845.8, -1.5803e-07
3847.8, -1.5812e-07
3849.8, -1.5821e-07
3851.8, -1.5829e-07
3853.8, -1.5838e-07
3855.9, -1.5846e-07
3857.9, -1.5854e-07
3859.9, -1.5862e-07
3861.9, -1.587e-07
3863.9, -1.5879e-07
3865.9, -1.5887e-07
3867.9, -1.5895e-07
3869.9, -1.5904e-07
3871.9, -1.5913e-07
3873.9, -1.5922e-07
3875.9, -1.5931e-07
3877.9, -1.5941e-07
3879.9, -1.5949e-07
3881.9, -1.5958e-07
3883.9, -1.5967e-07
3885.9, -1.5976e-07
3887.9, -1.5984e-07
3889.9, -1.5992e-07
3891.9, -1.6001e-07
3893.9, -1.601e-07
3895.9, -1.6018e-07
3897.9, -1.6026e-07
3899.9, -1.6034e-07
3901.9, -1.6043e-07
3903.9, -1.6051e-07
3905.9, -1.606e-07
3907.9, -1.6068e-07
3909.9, -1.6077e-07
3911.9, -1.6085e-07
3913.9, -1.6094e-07
3915.9, -1.6103e-07
3917.9, -1.6111e-07
3919.9, -1.612e-07
3921.9, -1.6129e-07
3923.9, -1.6138e-07
3925.9, -1.6148e-07
3927.9, -1.6156e-07
3929.9, -1.6165e-07
3931.9, -1.6174e-07
3933.9, -1.6183e-07
3935.9, -1.6192e-07
3937.9, -1.62e-07
3939.9, -1.6209e-07
3941.9, -1.6217e-07
3943.9, -1.6226e-07
3945.9, -1.6235e-07
3947.9, -1.6243e-07
3949.9, -1.6252e-07
3951.9, -1.6261e-07
3953.9, -1.6269e-07
3956.0, -1.6278e-07
3958.0, -1.6286e-07
3960.0, -1.6295e-07
3962.0, -1.6303e-07
3964.0, -1.6312e-07
3966.0, -1.632e-07
3968.0, -1.6328e-07
3970.0, -1.6337e-07
3972.0, -1.6345e-07
3974.0, -1.6354e-07
3976.0, -1.6362e-07
3978.0, -1.6371e-07
3980.0, -1.6379e-07
3982.0, -1.6388e-07
3984.0, -1.6397e-07
3986.0, -1.6405e-07
3988.0, -1.6414e-07
3990.0, -1.6422e-07
3992.0, -1.6431e-07
3994.0, -1.6439e-07
3996.0, -1.6448e-07
3998.0, -1.6456e-07
4000.0, -1.6464e-07
4002.0, -1.6473e-07
4004.0, -1.6482e-07
4006.0, -1.6491e-07
4008.0, -1.65e-07
4010.0, -1.651e-07
4012.0, -1.6519e-07
4014.0, -1.6528e-07
4016.0, -1.6537e-07
4018.0, -1.6546e-07
4020.0, -1.6555e-07
4022.0, -1.6564e-07
4024.0, -1.6573e-07
4026.0, -1.6582e-07
4028.0, -1.659e-07
4030.0, -1.6598e-07
4032.0, -1.6606e-07
4034.0, -1.6615e-07
4036.0, -1.6624e-07
4038.0, -1.6632e-07
4040.0, -1.664e-07
4042.0, -1.6648e-07
4044.0, -1.6657e-07
4046.0, -1.6665e-07
4048.0, -1.6673e-07
4050.0, -1.6681e-07
4052.0, -1.669e-07
4054.0, -1.6698e-07
4056.1, -1.6706e-07
4058.1, -1.6714e-07
4060.1, -1.6723e-07
4062.1, -1.6731e-07
4064.1, -1.674e-07
4066.1, -1.6748e-07
4068.1, -1.6757e-07
4070.1, -1.6765e-07
4072.1, -1.6774e-07
4074.1, -1.6782e-07
4076.1, -1.6791e-07
4078.1, -1.6799e-07
4080.1, -1.6808e-07
4082.1, -1.6815e-07
4084.1, -1.6823e-07
4086.1, -1.6832e-07
4088.1, -1.6839e-07
4090.1, -1.6848e-07
4092.1, -1.6856e-07
4094.1, -1.6864e-07
4096.1, -1.6873e-07
4098.1, -1.6881e-07
4100.1, -1.689e-07
4102.1, -1.6899e-07
4104.1, -1.6908e-07
4106.1, -1.6917e-07
4108.1, -1.6925e-07
4110.1, -1.6934e-07
4112.1, -1.6943e-07
4114.1, -1.6951e-07
4116.1, -1.696e-07
4118.1, -1.6967e-07
4120.1, -1.6976e-07
4122.1, -1.6984e-07
4124.1, -1.6993e-07
4126.1, -1.7001e-07
4128.1, -1.7008e-07
4130.1, -1.7016e-07
4132.1, -1.7024e-07
4134.1, -1.7033e-07
4136.1, -1.704e-07
4138.1, -1.7049e-07
4140.1, -1.7057e-07
4142.1, -1.7065e-07
4144.1, -1.7073e-07
4146.1, -1.7081e-07
4148.1, -1.709e-07
4150.1, -1.7098e-07
4152.1, -1.7106e-07
4154.1, -1.7114e-07
4156.2, -1.7122e-07
4158.2, -1.7131e-07
4160.2, -1.714e-07
4162.2, -1.7148e-07
4164.2, -1.7157e-07
4166.2, -1.7165e-07
4168.2, -1.7173e-07
4170.2, -1.7182e-07
4172.2, -1.719e-07
4174.2, -1.7198e-07
4176.2, -1.7207e-07
4178.2, -1.7216e-07
4180.2, -1.7224e-07
4182.2, -1.7233e-07
4184.2, -1.724e-07
4186.2, -1.7248e-07
4188.2, -1.7256e-07
4190.2, -1.7264e-07
4192.2, -1.7272e-07
4194.2, -1.728e-07
4196.2, -1.7289e-07
4198.2, -1.7297e-07
4200.2, -1.7305e-07
4202.2, -1.7313e-07
4204.2, -1.7322e-07
4206.2, -1.733e-07
4208.2, -1.7338e-07
4210.2, -1.7346e-07
4212.2, -1.7354e-07
4214.2, -1.7362e-07
4216.2, -1.737e-07
4218.2, -1.7378e-07
4220.2, -1.7386e-07
4222.2, -1.7394e-07
4224.2, -1.7402e-07
4226.2, -1.741e-07
4228.2, -1.7418e-07
4230.2, -1.7426e-07
4232.2, -1.7434e-07
4234.2, -1.7443e-07
4236.2, -1.745e-07
4238.2, -1.7458e-07
4240.2, -1.7466e-07
4242.2, -1.7474e-07
4244.2, -1.7482e-07
4246.2, -1.749e-07
4248.2, -1.7498e-07
4250.2, -1.7507e-07
4252.2, -1.7514e-07
4254.2, -1.7523e-07
4256.3, -1.753e-07
4258.3, -1.7538e-07
4260.3, -1.7546e-07
4262.3, -1.7554e-07
4264.3, -1.7562e-07
4266.3, -1.757e-07
4268.3, -1.7578e-07
4270.3, -1.7587e-07
4272.3, -1.7595e-07
4274.3, -1.7603e-07
4276.3, -1.7611e-07
4278.3, -1.7618e-07
4280.3, -1.7626e-07
4282.3, -1.7635e-07
4284.3, -1.7643e-07
4286.3, -1.7651e-07
4288.3, -1.7659e-07
4290.3, -1.7667e-07
4292.3, -1.7675e-07
4294.3, -1.7684e-07
4296.3, -1.7692e-07
4298.3, -1.77e-07
4300.3, -1.7708e-07
4302.3, -1.7716e-07
4304.3, -1.7723e-07
4306.3, -1.7731e-07
4308.3, -1.7738e-07
4310.3, -1.7746e-07
4312.3, -1.7754e-07
4314.3, -1.7762e-07
4316.3, -1.777e-07
4318.3, -1.7778e-07
4320.3, -1.7786e-07
4322.3, -1.7793e-07
4324.3, -1.7801e-07
4326.3, -1.7808e-07
4328.3, -1.7817e-07
4330.3, -1.7824e-07
4332.3, -1.7831e-07
4334.3, -1.7839e-07
4336.3, -1.7846e-07
4338.3, -1.7854e-07
4340.3, -1.7862e-07
4342.3, -1.7869e-07
4344.3, -1.7876e-07
4346.3, -1.7884e-07
4348.3, -1.7891e-07
4350.3, -1.79e-07
4352.3, -1.7908e-07
4354.3, -1.7916e-07
4356.4, -1.7924e-07
4358.4, -1.7931e-07
4360.4, -1.7939e-07
4362.4, -1.7947e-07
4364.4, -1.7955e-07
4366.4, -1.7962e-07
4368.4, -1.797e-07
4370.4, -1.7977e-07
4372.4, -1.7985e-07
4374.4, -1.7993e-07
4376.4, -1.8001e-07
4378.4, -1.8009e-07
4380.4, -1.8018e-07
4382.4, -1.8025e-07
4384.4, -1.8033e-07
4386.4, -1.8041e-07
4388.4, -1.8048e-07
4390.4, -1.8056e-07
4392.4, -1.8063e-07
4394.4, -1.8071e-07
4396.4, -1.8079e-07
4398.4, -1.8087e-07
4400.4, -1.8094e-07
4402.4, -1.8102e-07
4404.4, -1.811e-07
4406.4, -1.8118e-07
4408.4, -1.8125e-07
4410.4, -1.8133e-07
4412.4, -1.8141e-07
4414.4, -1.8149e-07
4416.4, -1.8156e-07
4418.4, -1.8164e-07
4420.4, -1.8172e-07
4422.4, -1.8179e-07
4424.4, -1.8187e-07
4426.4, -1.8195e-07
4428.4, -1.8202e-07
4430.4, -1.8211e-07
4432.4, -1.8218e-07
4434.4, -1.8226e-07
4436.4, -1.8235e-07
4438.4, -1.8242e-07
4440.4, -1.825e-07
4442.4, -1.8258e-07
4444.4, -1.8266e-07
4446.4, -1.8274e-07
4448.4, -1.8281e-07
4450.4, -1.8289e-07
4452.4, -1.8297e-07
4454.4, -1.8305e-07
4456.5, -1.8312e-07
4458.5, -1.832e-07
4460.5, -1.8327e-07
4462.5, -1.8335e-07
4464.5, -1.8344e-07
4466.5, -1.8352e-07
4468.5, -1.836e-07
4470.5, -1.8368e-07
4472.5, -1.8375e-07
4474.5, -1.8383e-07
4476.5, -1.8391e-07
4478.5, -1.8398e-07
4480.5, -1.8406e-07
4482.5, -1.8413e-07
4484.5, -1.8421e-07
4486.5, -1.8429e-07
4488.5, -1.8437e-07
4490.5, -1.8444e-07
4492.5, -1.8452e-07
4494.5, -1.846e-07
4496.5, -1.8467e-07
4498.5, -1.8475e-07
4500.5, -1.8484e-07
4502.5, -1.8491e-07
4504.5, -1.85e-07
4506.5, -1.8508e-07
4508.5, -1.8515e-07
4510.5, -1.8524e-07
4512.5, -1.8532e-07
4514.5, -1.854e-07
4516.5, -1.8548e-07
4518.5, -1.8556e-07
4520.5, -1.8564e-07
4522.5, -1.8573e-07
4524.5, -1.8581e-07
4526.5, -1.8589e-07
4528.5, -1.8597e-07
4530.5, -1.8605e-07
4532.5, -1.8612e-07
4534.5, -1.862e-07
4536.5, -1.8627e-07
4538.5, -1.8635e-07
4540.5, -1.8643e-07
4542.5, -1.8651e-07
4544.5, -1.8659e-07
4546.5, -1.8667e-07
4548.5, -1.8674e-07
4550.5, -1.8682e-07
4552.5, -1.869e-07
4554.5, -1.8697e-07
4556.6, -1.8705e-07
4558.6, -1.8712e-07
4560.6, -1.8719e-07
4562.6, -1.8726e-07
4564.6, -1.8734e-07
4566.6, -1.8741e-07
4568.6, -1.8748e-07
4570.6, -1.8756e-07
4572.6, -1.8764e-07
4574.6, -1.8771e-07
4576.6, -1.8778e-07
4578.6, -1.8785e-07
4580.6, -1.8793e-07
4582.6, -1.88e-07
4584.6, -1.8808e-07
4586.6, -1.8816e-07
4588.6, -1.8824e-07
4590.6, -1.8832e-07
4592.6, -1.884e-07
4594.6, -1.8848e-07
4596.6, -1.8856e-07
4598.6, -1.8865e-07
4600.6, -1.8873e-07
4602.6, -1.8881e-07
4604.6, -1.8889e-07
4606.6, -1.8897e-07
4608.6, -1.8904e-07
4610.6, -1.8912e-07
4612.6, -1.8919e-07
4614.6, -1.8927e-07
4616.6, -1.8934e-07
4618.6, -1.8942e-07
4620.6, -1.8949e-07
4622.6, -1.8957e-07
4624.6, -1.8965e-07
4626.6, -1.8973e-07
4628.6, -1.8981e-07
4630.6, -1.8989e-07
4632.6, -1.8997e-07
4634.6, -1.9006e-07
4636.6, -1.9013e-07
4638.6, -1.9021e-07
4640.6, -1.9028e-07
4642.6, -1.9035e-07
4644.6, -1.9043e-07
4646.6, -1.905e-07
4648.6, -1.9057e-07
4650.6, -1.9065e-07
4652.6, -1.9072e-07
4654.6, -1.908e-07
4656.7, -1.9088e-07
4658.7, -1.9096e-07
4660.7, -1.9104e-07
4662.7, -1.9112e-07
4664.7, -1.912e-07
4666.7, -1.9127e-07
4668.7, -1.9135e-07
4670.7, -1.9143e-07
4672.7, -1.9151e-07
4674.7, -1.9158e-07
4676.7, -1.9166e-07
4678.7, -1.9175e-07
4680.7, -1.9182e-07
4682.7, -1.919e-07
4684.7, -1.9198e-07
4686.7, -1.9206e-07
4688.7, -1.9214e-07
4690.7, -1.9223e-07
4692.7, -1.9232e-07
4694.7, -1.924e-07
4696.7, -1.9247e-07
4698.7, -1.9255e-07
4700.7, -1.9262e-07
4702.7, -1.927e-07
4704.7, -1.9278e-07
4706.7, -1.9286e-07
4708.7, -1.9293e-07
4710.7, -1.9301e-07
4712.7, -1.9308e-07
4714.7, -1.9316e-07
4716.7, -1.9324e-07
4718.7, -1.9331e-07
4720.7, -1.9339e-07
4722.7, -1.9346e-07
4724.7, -1.9354e-07
4726.7, -1.9361e-07
4728.7, -1.9368e-07
4730.7, -1.9376e-07
4732.7, -1.9384e-07
4734.7, -1.9391e-07
4736.7, -1.9398e-07
4738.7, -1.9405e-07
4740.7, -1.9413e-07
4742.7, -1.9421e-07
4744.7, -1.9428e-07
4746.7, -1.9437e-07
4748.7, -1.9445e-07
4750.7, -1.9454e-07
4752.7, -1.9462e-07
4754.7, -1.947e-07
4756.8, -1.9479e-07
4758.8, -1.9487e-07
4760.8, -1.9494e-07
4762.8, -1.9502e-07
4764.8, -1.951e-07
4766.8, -1.9519e-07
4768.8, -1.9527e-07
4770.8, -1.9535e-07
4772.8, -1.9543e-07
4774.8, -1.955e-07
4776.8, -1.9558e-07
4778.8, -1.9565e-07
4780.8, -1.9573e-07
4782.8, -1.9581e-07
4784.8, -1.9588e-07
4786.8, -1.9596e-07
4788.8, -1.9603e-07
4790.8, -1.9611e-07
4792.8, -1.9619e-07
4794.8, -1.9626e-07
4796.8, -1.9634e-07
4798.8, -1.9642e-07
4800.8, -1.965e-07
4802.8, -1.9657e-07
4804.8, -1.9665e-07
4806.8, -1.9673e-07
4808.8, -1.9681e-07
4810.8, -1.9689e-07
4812.8, -1.9697e-07
4814.8, -1.9705e-07
4816.8, -1.9712e-07
4818.8, -1.972e-07
4820.8, -1.9728e-07
4822.8, -1.9736e-07
4824.8, -1.9744e-07
4826.8, -1.9752e-07
4828.8, -1.976e-07
4830.8, -1.9768e-07
4832.8, -1.9775e-07
4834.8, -1.9783e-07
4836.8, -1.9791e-07
4838.8, -1.9799e-07
4840.8, -1.9807e-07
4842.8, -1.9815e-07
4844.8, -1.9823e-07
4846.8, -1.983e-07
4848.8, -1.9838e-07
4850.8, -1.9846e-07
4852.8, -1.9853e-07
4854.8, -1.9861e-07
4856.9, -1.9868e-07
4858.9, -1.9875e-07
4860.9, -1.9882e-07
4862.9, -1.989e-07
4864.9, -1.9898e-07
4866.9, -1.9905e-07
4868.9, -1.9912e-07
4870.9, -1.9919e-07
4872.9, -1.9927e-07
4874.9, -1.9934e-07
4876.9, -1.9941e-07
4878.9, -1.9949e-07
4880.9, -1.9956e-07
4882.9, -1.9963e-07
4884.9, -1.9971e-07
4886.9, -1.9978e-07
4888.9, -1.9986e-07
4890.9, -1.9994e-07
4892.9, -2.0002e-07
4894.9, -2.0009e-07
4896.9, -2.0017e-07
4898.9, -2.0025e-07
4900.9, -2.0033e-07
4902.9, -2.0041e-07
4904.9, -2.0049e-07
4906.9, -2.0057e-07
4908.9, -2.0064e-07
4910.9, -2.0072e-07
4912.9, -2.0079e-07
4914.9, -2.0087e-07
4916.9, -2.0094e-07
4918.9, -2.0102e-07
4920.9, -2.0109e-07
4922.9, -2.0117e-07
4924.9, -2.0124e-07
4926.9, -2.0131e-07
4928.9, -2.0139e-07
4930.9, -2.0146e-07
4932.9, -2.0154e-07
4934.9, -2.0161e-07
4936.9, -2.0169e-07
4938.9, -2.0177e-07
4940.9, -2.0185e-07
4942.9, -2.0192e-07
4944.9, -2.02e-07
4946.9, -2.0207e-07
4948.9, -2.0214e-07
4950.9, -2.0221e-07
4952.9, -2.0228e-07
4954.9, -2.0235e-07
4957.0, -2.0242e-07
4959.0, -2.0249e-07
4961.0, -2.0256e-07
4963.0, -2.0264e-07
4965.0, -2.0271e-07
4967.0, -2.0278e-07
4969.0, -2.0286e-07
4971.0, -2.0293e-07
4973.0, -2.0301e-07
4975.0, -2.0308e-07
4977.0, -2.0315e-07
4979.0, -2.0322e-07
4981.0, -2.033e-07
4983.0, -2.0338e-07
4985.0, -2.0346e-07
4987.0, -2.0354e-07
4989.0, -2.0361e-07
4991.0, -2.0369e-07
4993.0, -2.0376e-07
4995.0, -2.0384e-07
4997.0, -2.0391e-07
4999.0, -2.0398e-07
5001.0, -2.0406e-07
5003.0, -2.0413e-07
5005.0, -2.042e-07
5007.0, -2.0428e-07
5009.0, -2.0435e-07
5011.0, -2.0442e-07
5013.0, -2.045e-07
5015.0, -2.0458e-07
5017.0, -2.0466e-07
5019.0, -2.0474e-07
5021.0, -2.0482e-07
5023.0, -2.049e-07
5025.0, -2.0498e-07
5027.0, -2.0505e-07
5029.0, -2.0513e-07
5031.0, -2.0521e-07
5033.0, -2.0529e-07
5035.0, -2.0536e-07
5037.0, -2.0543e-07
5039.0, -2.0551e-07
5041.0, -2.0558e-07
5043.0, -2.0565e-07
5045.0, -2.0573e-07
5047.0, -2.0581e-07
5049.0, -2.0588e-07
5051.0, -2.0596e-07
5053.0, -2.0604e-07
5055.0, -2.0611e-07
5057.1, -2.0618e-07
5059.1, -2.0626e-07
5061.1, -2.0634e-07
5063.1, -2.0642e-07
5065.1, -2.0649e-07
5067.1, -2.0657e-07
5069.1, -2.0664e-07
5071.1, -2.0671e-07
5073.1, -2.0679e-07
5075.1, -2.0686e-07
5077.1, -2.0694e-07
5079.1, -2.0702e-07
5081.1, -2.071e-07
5083.1, -2.0717e-07
5085.1, -2.0725e-07
5087.1, -2.0733e-07
5089.1, -2.074e-07
5091.1, -2.0747e-07
5093.1, -2.0754e-07
5095.1, -2.0762e-07
5097.1, -2.077e-07
5099.1, -2.0777e-07
5101.1, -2.0785e-07
5103.1, -2.0793e-07
5105.1, -2.08e-07
5107.1, -2.0807e-07
5109.1, -2.0815e-07
5111.1, -2.0822e-07
5113.1, -2.083e-07
5115.1, -2.0837e-07
5117.1, -2.0843e-07
5119.1, -2.0851e-07
5121.1, -2.0858e-07
5123.1, -2.0866e-07
5125.1, -2.0873e-07
5127.1, -2.0881e-07
5129.1, -2.0889e-07
5131.1, -2.0897e-07
5133.1, -2.0905e-07
5135.1, -2.0912e-07
5137.1, -2.092e-07
5139.1, -2.0928e-07
5141.1, -2.0936e-07
5143.1, -2.0944e-07
5145.1, -2.0952e-07
5147.1, -2.0959e-07
5149.1, -2.0967e-07
5151.1, -2.0974e-07
5153.1, -2.0982e-07
5155.1, -2.099e-07
5157.2, -2.0998e-07
5159.2, -2.1006e-07
5161.2, -2.1013e-07
5163.2, -2.1021e-07
5165.2, -2.1029e-07
5167.2, -2.1037e-07
5169.2, -2.1045e-07
5171.2, -2.1052e-07
5173.2, -2.106e-07
5175.2, -2.1069e-07
5177.2, -2.1077e-07
5179.2, -2.1085e-07
5181.2, -2.1093e-07
5183.2, -2.1102e-07
5185.2, -2.1109e-07
5187.2, -2.1118e-07
5189.2, -2.1125e-07
5191.2, -2.1133e-07
5193.2, -2.114e-07
5195.2, -2.1147e-07
5197.2, -2.1155e-07
5199.2, -2.1162e-07
5201.2, -2.117e-07
5203.2, -2.1178e-07
5205.2, -2.1185e-07
5207.2, -2.1192e-07
5209.2, -2.1199e-07
5211.2, -2.1206e-07
5213.2, -2.1213e-07
5215.2, -2.1221e-07
5217.2, -2.1228e-07
5219.2, -2.1236e-07
5221.2, -2.1243e-07
5223.2, -2.1251e-07
5225.2, -2.1258e-07
5227.2, -2.1266e-07
5229.2, -2.1273e-07
5231.2, -2.1281e-07
5233.2, -2.1288e-07
5235.2, -2.1296e-07
5237.2, -2.1304e-07
5239.2, -2.1311e-07
5241.2, -2.1319e-07
5243.2, -2.1327e-07
5245.2, -2.1335e-07
5247.2, -2.1343e-07
5249.2, -2.1351e-07
5251.2, -2.1359e-07
5253.2, -2.1366e-07
5255.2, -2.1374e-07
5257.3, -2.1382e-07
5259.3, -2.139e-07
5261.3, -2.1398e-07
5263.3, -2.1405e-07
5265.3, -2.1413e-07
5267.3, -2.1421e-07
5269.3, -2.1428e-07
5271.3, -2.1436e-07
5273.3, -2.1443e-07
5275.3, -2.1451e-07
5277.3, -2.146e-07
5279.3, -2.1468e-07
5281.3, -2.1476e-07
5283.3, -2.1483e-07
5285.3, -2.1491e-07
5287.3, -2.1498e-07
5289.3, -2.1505e-07
5291.3, -2.1513e-07
5293.3, -2.152e-07
5295.3, -2.1528e-07
5297.3, -2.1535e-07
5299.3, -2.1543e-07
5301.3, -2.1551e-07
5303.3, -2.1559e-07
5305.3, -2.1566e-07
5307.3, -2.1573e-07
5309.3, -2.158e-07
5311.3, -2.1587e-07
5313.3, -2.1594e-07
5315.3, -2.1602e-07
5317.3, -2.1609e-07
5319.3, -2.1616e-07
5321.3, -2.1623e-07
5323.3, -2.163e-07
5325.3, -2.1637e-07
5327.3, -2.1645e-07
5329.3, -2.1652e-07
5331.3, -2.1659e-07
5333.3, -2.1667e-07
5335.3, -2.1675e-07
5337.3, -2.1683e-07
5339.3, -2.1691e-07
5341.3, -2.1699e-07
5343.3, -2.1707e-07
5345.3, -2.1715e-07
5347.3, -2.1723e-07
5349.3, -2.1731e-07
5351.3, -2.1739e-07
5353.3, -2.1747e-07
5355.3, -2.1755e-07
5357.4, -2.1762e-07
5359.4, -2.177e-07
5361.4, -2.1778e-07
5363.4, -2.1785e-07
5365.4, -2.1793e-07
5367.4, -2.1801e-07
5369.4, -2.1809e-07
5371.4, -2.1816e-07
5373.4, -2.1823e-07
5375.4, -2.1831e-07
5377.4, -2.1838e-07
5379.4, -2.1846e-07
5381.4, -2.1853e-07
5383.4, -2.1861e-07
5385.4, -2.1868e-07
5387.4, -2.1875e-07
5389.4, -2.1883e-07
5391.4, -2.189e-07
5393.4, -2.1898e-07
5395.4, -2.1906e-07
5397.4, -2.1914e-07
5399.4, -2.1921e-07
5401.4, -2.1929e-07
5403.4, -2.1937e-07
5405.4, -2.1944e-07
5407.4, -2.1952e-07
5409.4, -2.196e-07
5411.4, -2.1968e-07
5413.4, -2.1976e-07
5415.4, -2.1983e-07
5417.4, -2.1991e-07
5419.4, -2.1998e-07
5421.4, -2.2006e-07
5423.4, -2.2014e-07
5425.4, -2.2021e-07
5427.4, -2.203e-07
5429.4, -2.2037e-07
5431.4, -2.2045e-07
5433.4, -2.2052e-07
5435.4, -2.2059e-07
5437.4, -2.2066e-07
5439.4, -2.2074e-07
5441.4, -2.2081e-07
5443.4, -2.2089e-07
5445.4, -2.2096e-07
5447.4, -2.2104e-07
5449.4, -2.2111e-07
5451.4, -2.2119e-07
5453.4, -2.2127e-07
5455.4, -2.2135e-07
5457.5, -2.2142e-07
5459.5, -2.215e-07
5461.5, -2.2157e-07
5463.5, -2.2164e-07
5465.5, -2.2172e-07
5467.5, -2.218e-07
5469.5, -2.2188e-07
5471.5, -2.2195e-07
5473.5, -2.2203e-07
5475.5, -2.2212e-07
5477.5, -2.2219e-07
5479.5, -2.2227e-07
5481.5, -2.2234e-07
5483.5, -2.2242e-07
5485.5, -2.2249e-07
5487.5, -2.2257e-07
5489.5, -2.2264e-07
5491.5, -2.2272e-07
5493.5, -2.228e-07
5495.5, -2.2288e-07
5497.5, -2.2295e-07
5499.5, -2.2303e-07
5501.5, -2.231e-07
5503.5, -2.2318e-07
5505.5, -2.2326e-07
5507.5, -2.2334e-07
5509.5, -2.2342e-07
5511.5, -2.2349e-07
5513.5, -2.2357e-07
5515.5, -2.2365e-07
5517.5, -2.2373e-07
5519.5, -2.2381e-07
5521.5, -2.2389e-07
5523.5, -2.2396e-07
5525.5, -2.2404e-07
5527.5, -2.2411e-07
5529.5, -2.242e-07
5531.5, -2.2427e-07
5533.5, -2.2435e-07
5535.5, -2.2443e-07
5537.5, -2.2452e-07
5539.5, -2.246e-07
5541.5, -2.2469e-07
5543.5, -2.2476e-07
5545.5, -2.2484e-07
5547.5, -2.2491e-07
5549.5, -2.2499e-07
5551.5, -2.2507e-07
5553.5, -2.2515e-07
5555.5, -2.2523e-07
5557.6, -2.2531e-07
5559.6, -2.2539e-07
5561.6, -2.2547e-07
5563.6, -2.2555e-07
5565.6, -2.2562e-07
5567.6, -2.257e-07
5569.6, -2.2578e-07
5571.6, -2.2585e-07
5573.6, -2.2593e-07
5575.6, -2.2601e-07
5577.6, -2.2609e-07
5579.6, -2.2617e-07
5581.6, -2.2624e-07
5583.6, -2.2632e-07
5585.6, -2.264e-07
5587.6, -2.2648e-07
5589.6, -2.2656e-07
5591.6, -2.2664e-07
5593.6, -2.2672e-07
5595.6, -2.268e-07
5597.6, -2.2687e-07
5599.6, -2.2695e-07
5601.6, -2.2703e-07
5603.6, -2.2711e-07
5605.6, -2.2719e-07
5607.6, -2.2727e-07
5609.6, -2.2736e-07
5611.6, -2.2744e-07
5613.6, -2.2752e-07
5615.6, -2.2761e-07
5617.6, -2.2769e-07
5619.6, -2.2776e-07
5621.6, -2.2784e-07
5623.6, -2.2792e-07
5625.6, -2.2801e-07
5627.6, -2.2809e-07
5629.6, -2.2817e-07
5631.6, -2.2825e-07
5633.6, -2.2833e-07
5635.6, -2.2842e-07
5637.6, -2.285e-07
5639.6, -2.2859e-07
5641.6, -2.2868e-07
5643.6, -2.2876e-07
5645.6, -2.2884e-07
5647.6, -2.2892e-07
5649.6, -2.29e-07
5651.6, -2.2908e-07
5653.6, -2.2916e-07
5655.6, -2.2924e-07
5657.7, -2.2931e-07
5659.7, -2.2939e-07
5661.7, -2.2947e-07
5663.7, -2.2955e-07
5665.7, -2.2962e-07
5667.7, -2.2971e-07
5669.7, -2.2978e-07
5671.7, -2.2986e-07
5673.7, -2.2994e-07
5675.7, -2.3001e-07
5677.7, -2.3009e-07
5679.7, -2.3016e-07
5681.7, -2.3024e-07
5683.7, -2.3032e-07
5685.7, -2.3039e-07
5687.7, -2.3047e-07
5689.7, -2.3055e-07
5691.7, -2.3062e-07
5693.7, -2.307e-07
5695.7, -2.3078e-07
5697.7, -2.3086e-07
5699.7, -2.3094e-07
5701.7, -2.3102e-07
5703.7, -2.3111e-07
5705.7, -2.3118e-07
5707.7, -2.3127e-07
5709.7, -2.3135e-07
5711.7, -2.3143e-07
5713.7, -2.3151e-07
5715.7, -2.3159e-07
5717.7, -2.3167e-07
5719.7, -2.3175e-07
5721.7, -2.3183e-07
5723.7, -2.3191e-07
5725.7, -2.32e-07
5727.7, -2.3207e-07
5729.7, -2.3215e-07
5731.7, -2.3222e-07
5733.7, -2.323e-07
5735.7, -2.3238e-07
5737.7, -2.3245e-07
5739.7, -2.3254e-07
5741.7, -2.3262e-07
5743.7, -2.327e-07
5745.7, -2.3279e-07
5747.7, -2.3286e-07
5749.7, -2.3293e-07
5751.7, -2.3302e-07
5753.7, -2.3309e-07
5755.7, -2.3317e-07
5757.8, -2.3325e-07
5759.8, -2.3333e-07
5761.8, -2.3341e-07
5763.8, -2.3349e-07
5765.8, -2.3357e-07
5767.8, -2.3365e-07
5769.8, -2.3373e-07
5771.8, -2.3381e-07
5773.8, -2.3389e-07
5775.8, -2.3396e-07
5777.8, -2.3404e-07
5779.8, -2.3412e-07
5781.8, -2.342e-07
5783.8, -2.3427e-07
5785.8, -2.3435e-07
5787.8, -2.3442e-07
5789.8, -2.345e-07
5791.8, -2.3459e-07
5793.8, -2.3466e-07
5795.8, -2.3475e-07
5797.8, -2.3482e-07
5799.8, -2.349e-07
5801.8, -2.3499e-07
5803.8, -2.3507e-07
5805.8, -2.3515e-07
5807.8, -2.3524e-07
5809.8, -2.3532e-07
5811.8, -2.354e-07
5813.8, -2.3548e-07
5815.8, -2.3555e-07
5817.8, -2.3563e-07
5819.8, -2.357e-07
5821.8, -2.3578e-07
5823.8, -2.3586e-07
5825.8, -2.3594e-07
5827.8, -2.3601e-07
5829.8, -2.3609e-07
5831.8, -2.3618e-07
5833.8, -2.3626e-07
5835.8, -2.3635e-07
5837.8, -2.3642e-07
5839.8, -2.3649e-07
5841.8, -2.3656e-07
5843.8, -2.3664e-07
5845.8, -2.3672e-07
5847.8, -2.3679e-07
5849.8, -2.3687e-07
5851.8, -2.3696e-07
5853.8, -2.3704e-07
5855.8, -2.3712e-07
5857.9, -2.372e-07
5859.9, -2.3727e-07
5861.9, -2.3735e-07
5863.9, -2.3743e-07
5865.9, -2.3751e-07
5867.9, -2.3759e-07
5869.9, -2.3767e-07
5871.9, -2.3775e-07
5873.9, -2.3783e-07
5875.9, -2.3792e-07
5877.9, -2.38e-07
5879.9, -2.3808e-07
5881.9, -2.3815e-07
5883.9, -2.3822e-07
5885.9, -2.383e-07
5887.9, -2.3837e-07
5889.9, -2.3844e-07
5891.9, -2.3851e-07
5893.9, -2.3859e-07
5895.9, -2.3866e-07
5897.9, -2.3874e-07
5899.9, -2.3881e-07
5901.9, -2.3889e-07
5903.9, -2.3897e-07
5905.9, -2.3905e-07
5907.9, -2.3913e-07
5909.9, -2.3921e-07
5911.9, -2.3928e-07
5913.9, -2.3936e-07
5915.9, -2.3943e-07
5917.9, -2.395e-07
5919.9, -2.3957e-07
5921.9, -2.3965e-07
5923.9, -2.3972e-07
5925.9, -2.398e-07
5927.9, -2.3987e-07
5929.9, -2.3994e-07
5931.9, -2.4001e-07
5933.9, -2.4007e-07
5935.9, -2.4014e-07
5937.9, -2.4022e-07
5939.9, -2.4029e-07
5941.9, -2.4037e-07
5943.9, -2.4045e-07
5945.9, -2.4052e-07
5947.9, -2.4059e-07
5949.9, -2.4066e-07
5951.9, -2.4073e-07
5953.9, -2.4081e-07
5955.9, -2.4087e-07
5958.0, -2.4094e-07
5960.0, -2.4102e-07
5962.0, -2.4109e-07
5964.0, -2.4117e-07
5966.0, -2.4124e-07
5968.0, -2.4132e-07
5970.0, -2.414e-07
5972.0, -2.4148e-07
5974.0, -2.4156e-07
5976.0, -2.4164e-07
5978.0, -2.4172e-07
5980.0, -2.418e-07
5982.0, -2.4188e-07
5984.0, -2.4196e-07
5986.0, -2.4204e-07
5988.0, -2.4211e-07
5990.0, -2.4218e-07
5992.0, -2.4226e-07
5994.0, -2.4234e-07
5996.0, -2.4241e-07
5998.0, -2.4249e-07
6000.0, -2.4256e-07
6002.0, -2.4263e-07
6004.0, -2.427e-07
6006.0, -2.4278e-07
6008.0, -2.4285e-07
6010.0, -2.4292e-07
6012.0, -2.4301e-07
6014.0, -2.4309e-07
6016.0, -2.4318e-07
6018.0, -2.4325e-07
6020.0, -2.4333e-07
6022.0, -2.4342e-07
6024.0, -2.435e-07
6026.0, -2.4358e-07
6028.0, -2.4366e-07
6030.0, -2.4374e-07
6032.0, -2.4382e-07
6034.0, -2.439e-07
6036.0, -2.4398e-07
6038.0, -2.4405e-07
6040.0, -2.4414e-07
6042.0, -2.4422e-07
6044.0, -2.4431e-07
6046.0, -2.4439e-07
6048.0, -2.4448e-07
6050.0, -2.4456e-07
6052.0, -2.4464e-07
6054.0, -2.4473e-07
6056.0, -2.4481e-07
6058.1, -2.4489e-07
6060.1, -2.4497e-07
6062.1, -2.4505e-07
6064.1, -2.4513e-07
6066.1, -2.4522e-07
6068.1, -2.453e-07
6070.1, -2.4538e-07
6072.1, -2.4547e-07
6074.1, -2.4555e-07
6076.1, -2.4563e-07
6078.1, -2.4571e-07
6080.1, -2.458e-07
6082.1, -2.4589e-07
6084.1, -2.4598e-07
6086.1, -2.4606e-07
6088.1, -2.4615e-07
6090.1, -2.4623e-07
6092.1, -2.4632e-07
6094.1, -2.464e-07
6096.1, -2.4649e-07
6098.1, -2.4658e-07
6100.1, -2.4666e-07
6102.1, -2.4675e-07
6104.1, -2.4684e-07
6106.1, -2.4693e-07
6108.1, -2.4701e-07
6110.1, -2.4709e-07
6112.1, -2.4718e-07
6114.1, -2.4727e-07
6116.1, -2.4736e-07
6118.1, -2.4744e-07
6120.1, -2.4753e-07
6122.1, -2.4762e-07
6124.1, -2.477e-07
6126.1, -2.4778e-07
6128.1, -2.4786e-07
6130.1, -2.4795e-07
6132.1, -2.4804e-07
6134.1, -2.4813e-07
6136.1, -2.4821e-07
6138.1, -2.4829e-07
6140.1, -2.4837e-07
6142.1, -2.4845e-07
6144.1, -2.4853e-07
6146.1, -2.4861e-07
6148.1, -2.4869e-07
6150.1, -2.4877e-07
6152.1, -2.4884e-07
6154.1, -2.4892e-07
6156.1, -2.4901e-07
6158.2, -2.4909e-07
6160.2, -2.4917e-07
6162.2, -2.4925e-07
6164.2, -2.4933e-07
6166.2, -2.4941e-07
6168.2, -2.4949e-07
6170.2, -2.4958e-07
6172.2, -2.4965e-07
6174.2, -2.4973e-07
6176.2, -2.4981e-07
6178.2, -2.4989e-07
6180.2, -2.4997e-07
6182.2, -2.5004e-07
6184.2, -2.5012e-07
6186.2, -2.502e-07
6188.2, -2.5027e-07
6190.2, -2.5035e-07
6192.2, -2.5043e-07
6194.2, -2.505e-07
6196.2, -2.5058e-07
6198.2, -2.5066e-07
6200.2, -2.5074e-07
6202.2, -2.5082e-07
6204.2, -2.509e-07
6206.2, -2.5099e-07
6208.2, -2.5107e-07
6210.2, -2.5115e-07
6212.2, -2.5124e-07
6214.2, -2.5133e-07
6216.2, -2.5141e-07
6218.2, -2.5149e-07
6220.2, -2.5158e-07
6222.2, -2.5165e-07
6224.2, -2.5173e-07
6226.2, -2.518e-07
6228.2, -2.5187e-07
6230.2, -2.5195e-07
6232.2, -2.5202e-07
6234.2, -2.521e-07
6236.2, -2.5217e-07
6238.2, -2.5225e-07
6240.2, -2.5232e-07
6242.2, -2.524e-07
6244.2, -2.5248e-07
6246.2, -2.5255e-07
6248.2, -2.5263e-07
6250.2, -2.5271e-07
6252.2, -2.5278e-07
6254.2, -2.5286e-07
6256.2, -2.5293e-07
6258.3, -2.5301e-07
6260.3, -2.5309e-07
6262.3, -2.5317e-07
6264.3, -2.5325e-07
6266.3, -2.5334e-07
6268.3, -2.5342e-07
6270.3, -2.5351e-07
6272.3, -2.5359e-07
6274.3, -2.5367e-07
6276.3, -2.5375e-07
6278.3, -2.5383e-07
6280.3, -2.539e-07
6282.3, -2.5399e-07
6284.3, -2.5407e-07
6286.3, -2.5415e-07
6288.3, -2.5423e-07
6290.3, -2.5431e-07
6292.3, -2.544e-07
6294.3, -2.5448e-07
6296.3, -2.5457e-07
6298.3, -2.5465e-07
6300.3, -2.5473e-07
6302.3, -2.5481e-07
6304.3, -2.549e-07
6306.3, -2.5498e-07
6308.3, -2.5506e-07
6310.3, -2.5515e-07
6312.3, -2.5523e-07
6314.3, -2.5531e-07
6316.3, -2.5539e-07
6318.3, -2.5547e-07
6320.3, -2.5555e-07
6322.3, -2.5563e-07
6324.3, -2.5571e-07
6326.3, -2.5579e-07
6328.3, -2.5587e-07
6330.3, -2.5595e-07
6332.3, -2.5603e-07
6334.3, -2.5611e-07
6336.3, -2.5619e-07
6338.3, -2.5627e-07
6340.3, -2.5635e-07
6342.3, -2.5642e-07
6344.3, -2.5651e-07
6346.3, -2.5659e-07
6348.3, -2.5666e-07
6350.3, -2.5674e-07
6352.3, -2.5682e-07
6354.3, -2.569e-07
6356.3, -2.5698e-07
6358.4, -2.5706e-07
6360.4, -2.5714e-07
6362.4, -2.5721e-07
6364.4, -2.573e-07
6366.4, -2.5737e-07
6368.4, -2.5745e-07
6370.4, -2.5753e-07
6372.4, -2.5761e-07
6374.4, -2.5769e-07
6376.4, -2.5777e-07
6378.4, -2.5785e-07
6380.4, -2.5794e-07
6382.4, -2.5801e-07
6384.4, -2.581e-07
6386.4, -2.5818e-07
6388.4, -2.5827e-07
6390.4, -2.5835e-07
6392.4, -2.5843e-07
6394.4, -2.5851e-07
6396.4, -2.5859e-07
6398.4, -2.5868e-07
6400.4, -2.5876e-07
6402.4, -2.5885e-07
6404.4, -2.5894e-07
6406.4, -2.5903e-07
6408.4, -2.5912e-07
6410.4, -2.592e-07
6412.4, -2.5929e-07
6414.4, -2.5937e-07
6416.4, -2.5945e-07
6418.4, -2.5953e-07
6420.4, -2.5962e-07
6422.4, -2.597e-07
6424.4, -2.5978e-07
6426.4, -2.5986e-07
6428.4, -2.5994e-07
6430.4, -2.6003e-07
6432.4, -2.6011e-07
6434.4, -2.6019e-07
6436.4, -2.6028e-07
6438.4, -2.6036e-07
6440.4, -2.6046e-07
6442.4, -2.6054e-07
6444.4, -2.6064e-07
6446.4, -2.6072e-07
6448.4, -2.6081e-07
6450.4, -2.609e-07
6452.4, -2.6098e-07
6454.4, -2.6107e-07
6456.4, -2.6116e-07
6458.5, -2.6124e-07
6460.5, -2.6132e-07
6462.5, -2.6141e-07
6464.5, -2.615e-07
6466.5, -2.6159e-07
6468.5, -2.6167e-07
6470.5, -2.6176e-07
6472.5, -2.6184e-07
6474.5, -2.6193e-07
6476.5, -2.6201e-07
6478.5, -2.6209e-07
6480.5, -2.6217e-07
6482.5, -2.6225e-07
6484.5, -2.6233e-07
6486.5, -2.6241e-07
6488.5, -2.6249e-07
6490.5, -2.6257e-07
6492.5, -2.6264e-07
6494.5, -2.6272e-07
6496.5, -2.628e-07
6498.5, -2.6287e-07
6500.5, -2.6294e-07
6502.5, -2.6302e-07
6504.5, -2.631e-07
6506.5, -2.6318e-07
6508.5, -2.6327e-07
6510.5, -2.6335e-07
6512.5, -2.6343e-07
6514.5, -2.6351e-07
6516.5, -2.636e-07
6518.5, -2.6368e-07
6520.5, -2.6376e-07
6522.5, -2.6384e-07
6524.5, -2.6392e-07
6526.5, -2.64e-07
6528.5, -2.6408e-07
6530.5, -2.6416e-07
6532.5, -2.6425e-07
6534.5, -2.6433e-07
6536.5, -2.6441e-07
6538.5, -2.645e-07
6540.5, -2.6458e-07
6542.5, -2.6466e-07
6544.5, -2.6474e-07
6546.5, -2.6482e-07
6548.5, -2.649e-07
6550.5, -2.6498e-07
6552.5, -2.6505e-07
6554.5, -2.6513e-07
6556.5, -2.6521e-07
6558.6, -2.6529e-07
6560.6, -2.6536e-07
6562.6, -2.6544e-07
6564.6, -2.6552e-07
6566.6, -2.656e-07
6568.6, -2.6567e-07
6570.6, -2.6574e-07
6572.6, -2.6583e-07
6574.6, -2.659e-07
6576.6, -2.6597e-07
6578.6, -2.6604e-07
6580.6, -2.6612e-07
6582.6, -2.662e-07
6584.6, -2.6628e-07
6586.6, -2.6636e-07
6588.6, -2.6644e-07
6590.6, -2.6652e-07
6592.6, -2.666e-07
6594.6, -2.6667e-07
6596.6, -2.6674e-07
6598.6, -2.6682e-07
6600.6, -2.669e-07
6602.6, -2.6697e-07
6604.6, -2.6705e-07
6606.6, -2.6714e-07
6608.6, -2.6721e-07
6610.6, -2.6729e-07
6612.6, -2.6737e-07
6614.6, -2.6744e-07
6616.6, -2.6752e-07
6618.6, -2.676e-07
6620.6, -2.6768e-07
6622.6, -2.6776e-07
6624.6, -2.6784e-07
6626.6, -2.6792e-07
6628.6, -2.68e-07
6630.6, -2.6808e-07
6632.6, -2.6816e-07
6634.6, -2.6823e-07
6636.6, -2.6831e-07
6638.6, -2.6838e-07
6640.6, -2.6846e-07
6642.6, -2.6854e-07
6644.6, -2.6862e-07
6646.6, -2.687e-07
6648.6, -2.6877e-07
6650.6, -2.6884e-07
6652.6, -2.6892e-07
6654.6, -2.69e-07
6656.6, -2.6907e-07
6658.7, -2.6915e-07
6660.7, -2.6922e-07
6662.7, -2.693e-07
6664.7, -2.6938e-07
6666.7, -2.6946e-07
6668.7, -2.6954e-07
6670.7, -2.6961e-07
6672.7, -2.697e-07
6674.7, -2.6977e-07
6676.7, -2.6985e-07
6678.7, -2.6993e-07
6680.7, -2.7001e-07
6682.7, -2.7009e-07
6684.7, -2.7018e-07
6686.7, -2.7027e-07
6688.7, -2.7035e-07
6690.7, -2.7043e-07
6692.7, -2.7051e-07
6694.7, -2.706e-07
6696.7, -2.7068e-07
6698.7, -2.7077e-07
6700.7, -2.7085e-07
6702.7, -2.7093e-07
6704.7, -2.7101e-07
6706.7, -2.7109e-07
6708.7, -2.7117e-07
6710.7, -2.7125e-07
6712.7, -2.7133e-07
6714.7, -2.7141e-07
6716.7, -2.7149e-07
6718.7, -2.7157e-07
6720.7, -2.7165e-07
6722.7, -2.7173e-07
6724.7, -2.7181e-07
6726.7, -2.7189e-07
6728.7, -2.7196e-07
6730.7, -2.7204e-07
6732.7, -2.7212e-07
6734.7, -2.722e-07
6736.7, -2.7228e-07
6738.7, -2.7236e-07
6740.7, -2.7244e-07
6742.7, -2.7252e-07
6744.7, -2.726e-07
6746.7, -2.7268e-07
6748.7, -2.7276e-07
6750.7, -2.7284e-07
6752.7, -2.7292e-07
6754.7, -2.7299e-07
6756.7, -2.7307e-07
6758.8, -2.7314e-07
6760.8, -2.7322e-07
6762.8, -2.733e-07
6764.8, -2.7337e-07
6766.8, -2.7345e-07
6768.8, -2.7352e-07
6770.8, -2.736e-07
6772.8, -2.7367e-07
6774.8, -2.7375e-07
6776.8, -2.7383e-07
6778.8, -2.7391e-07
6780.8, -2.7399e-07
6782.8, -2.7407e-07
6784.8, -2.7415e-07
6786.8, -2.7424e-07
6788.8, -2.7432e-07
6790.8, -2.7439e-07
6792.8, -2.7447e-07
6794.8, -2.7455e-07
6796.8, -2.7463e-07
6798.8, -2.747e-07
6800.8, -2.7478e-07
6802.8, -2.7486e-07
6804.8, -2.7494e-07
6806.8, -2.7502e-07
6808.8, -2.751e-07
6810.8, -2.7518e-07
6812.8, -2.7527e-07
6814.8, -2.7535e-07
6816.8, -2.7543e-07
6818.8, -2.7551e-07
6820.8, -2.7559e-07
6822.8, -2.7566e-07
6824.8, -2.7575e-07
6826.8, -2.7584e-07
6828.8, -2.7592e-07
6830.8, -2.7601e-07
6832.8, -2.7609e-07
6834.8, -2.7617e-07
6836.8, -2.7626e-07
6838.8, -2.7634e-07
6840.8, -2.7642e-07
6842.8, -2.765e-07
6844.8, -2.7659e-07
6846.8, -2.7667e-07
6848.8, -2.7676e-07
6850.8, -2.7684e-07
6852.8, -2.7693e-07
6854.8, -2.7701e-07
6856.8, -2.7709e-07
6858.9, -2.7717e-07
6860.9, -2.7724e-07
6862.9, -2.7732e-07
6864.9, -2.774e-07
6866.9, -2.7749e-07
6868.9, -2.7756e-07
6870.9, -2.7765e-07
6872.9, -2.7773e-07
6874.9, -2.7781e-07
6876.9, -2.7788e-07
6878.9, -2.7796e-07
6880.9, -2.7803e-07
6882.9, -2.7811e-07
6884.9, -2.782e-07
6886.9, -2.7827e-07
6888.9, -2.7835e-07
6890.9, -2.7843e-07
6892.9, -2.7851e-07
6894.9, -2.7859e-07
6896.9, -2.7866e-07
6898.9, -2.7874e-07
6900.9, -2.7882e-07
6902.9, -2.789e-07
6904.9, -2.7897e-07
6906.9, -2.7905e-07
6908.9, -2.7913e-07
6910.9, -2.7921e-07
6912.9, -2.793e-07
6914.9, -2.7938e-07
6916.9, -2.7947e-07
6918.9, -2.7955e-07
6920.9, -2.7963e-07
6922.9, -2.7972e-07
6924.9, -2.798e-07
6926.9, -2.7989e-07
6928.9, -2.7997e-07
6930.9, -2.8006e-07
6932.9, -2.8014e-07
6934.9, -2.8022e-07
6936.9, -2.803e-07
6938.9, -2.8039e-07
6940.9, -2.8047e-07
6942.9, -2.8055e-07
6944.9, -2.8064e-07
6946.9, -2.8073e-07
6948.9, -2.8081e-07
6950.9, -2.8089e-07
6952.9, -2.8097e-07
6954.9, -2.8105e-07
6956.9, -2.8113e-07
6959.0, -2.8121e-07
6961.0, -2.8129e-07
6963.0, -2.8138e-07
6965.0, -2.8145e-07
6967.0, -2.8153e-07
6969.0, -2.8161e-07
6971.0, -2.8168e-07
6973.0, -2.8176e-07
6975.0, -2.8184e-07
6977.0, -2.8192e-07
6979.0, -2.82e-07
6981.0, -2.8209e-07
6983.0, -2.8217e-07
6985.0, -2.8225e-07
6987.0, -2.8234e-07
6989.0, -2.8242e-07
6991.0, -2.8251e-07
6993.0, -2.826e-07
6995.0, -2.8269e-07
6997.0, -2.8277e-07
6999.0, -2.8285e-07
7001.0, -2.8294e-07
7003.0, -2.8302e-07
7005.0, -2.831e-07
7007.0, -2.8319e-07
7009.0, -2.8326e-07
7011.0, -2.8335e-07
7013.0, -2.8343e-07
7015.0, -2.8352e-07
7017.0, -2.836e-07
7019.0, -2.8367e-07
7021.0, -2.8375e-07
7023.0, -2.8382e-07
7025.0, -2.839e-07
7027.0, -2.8398e-07
7029.0, -2.8405e-07
7031.0, -2.8413e-07
7033.0, -2.8421e-07
7035.0, -2.8429e-07
7037.0, -2.8437e-07
7039.0, -2.8445e-07
7041.0, -2.8452e-07
7043.0, -2.846e-07
7045.0, -2.8467e-07
7047.0, -2.8475e-07
7049.0, -2.8482e-07
7051.0, -2.849e-07
7053.0, -2.8498e-07
7055.0, -2.8506e-07
7057.0, -2.8513e-07
7059.1, -2.8521e-07
7061.1, -2.8529e-07
7063.1, -2.8536e-07
7065.1, -2.8545e-07
7067.1, -2.8552e-07
7069.1, -2.856e-07
7071.1, -2.8567e-07
7073.1, -2.8575e-07
7075.1, -2.8583e-07
7077.1, -2.8591e-07
7079.1, -2.8599e-07
7081.1, -2.8607e-07
7083.1, -2.8615e-07
7085.1, -2.8623e-07
7087.1, -2.8631e-07
7089.1, -2.8639e-07
7091.1, -2.8647e-07
7093.1, -2.8655e-07
7095.1, -2.8663e-07
7097.1, -2.8672e-07
7099.1, -2.8679e-07
7101.1, -2.8687e-07
7103.1, -2.8695e-07
7105.1, -2.8703e-07
7107.1, -2.8711e-07
7109.1, -2.8719e-07
7111.1, -2.8727e-07
7113.1, -2.8735e-07
7115.1, -2.8742e-07
7117.1, -2.875e-07
7119.1, -2.8759e-07
7121.1, -2.8767e-07
7123.1, -2.8775e-07
7125.1, -2.8783e-07
7127.1, -2.8792e-07
7129.1, -2.8801e-07
7131.1, -2.8809e-07
7133.1, -2.8818e-07
7135.1, -2.8826e-07
7137.1, -2.8835e-07
7139.1, -2.8843e-07
7141.1, -2.8852e-07
7143.1, -2.886e-07
7145.1, -2.8868e-07
7147.1, -2.8876e-07
7149.1, -2.8884e-07
7151.1, -2.8892e-07
7153.1, -2.8901e-07
7155.1, -2.891e-07
7157.1, -2.8918e-07
7159.2, -2.8927e-07
7161.2, -2.8936e-07
7163.2, -2.8945e-07
7165.2, -2.8954e-07
7167.2, -2.8963e-07
7169.2, -2.8971e-07
7171.2, -2.898e-07
7173.2, -2.8988e-07
7175.2, -2.8997e-07
7177.2, -2.9006e-07
7179.2, -2.9014e-07
7181.2, -2.9022e-07
7183.2, -2.9031e-07
7185.2, -2.904e-07
7187.2, -2.9048e-07
7189.2, -2.9057e-07
7191.2, -2.9065e-07
7193.2, -2.9074e-07
7195.2, -2.9082e-07
7197.2, -2.9091e-07
7199.2, -2.9099e-07
7201.2, -2.9108e-07
7203.2, -2.9117e-07
7205.2, -2.9126e-07
7207.2, -2.9134e-07
7209.2, -2.9142e-07
7211.2, -2.915e-07
7213.2, -2.9158e-07
7215.2, -2.9166e-07
7217.2, -2.9175e-07
7219.2, -2.9182e-07
7221.2, -2.919e-07
7223.2, -2.9198e-07
7225.2, -2.9206e-07
7227.2, -2.9214e-07
7229.2, -2.9222e-07
7231.2, -2.923e-07
7233.2, -2.9238e-07
7235.2, -2.9246e-07
7237.2, -2.9254e-07
7239.2, -2.9262e-07
7241.2, -2.927e-07
7243.2, -2.9278e-07
7245.2, -2.9286e-07
7247.2, -2.9295e-07
7249.2, -2.9304e-07
7251.2, -2.9312e-07
7253.2, -2.932e-07
7255.2, -2.9329e-07
7257.2, -2.9337e-07
7259.3, -2.9346e-07
7261.3, -2.9354e-07
7263.3, -2.9362e-07
7265.3, -2.937e-07
7267.3, -2.9378e-07
7269.3, -2.9386e-07
7271.3, -2.9395e-07
7273.3, -2.9403e-07
7275.3, -2.9412e-07
7277.3, -2.942e-07
7279.3, -2.9428e-07
7281.3, -2.9436e-07
7283.3, -2.9444e-07
7285.3, -2.9453e-07
7287.3, -2.9461e-07
7289.3, -2.9469e-07
7291.3, -2.9478e-07
7293.3, -2.9486e-07
7295.3, -2.9494e-07
7297.3, -2.9502e-07
7299.3, -2.951e-07
7301.3, -2.9519e-07
7303.3, -2.9527e-07
7305.3, -2.9535e-07
7307.3, -2.9543e-07
7309.3, -2.9551e-07
7311.3, -2.9558e-07
7313.3, -2.9567e-07
7315.3, -2.9575e-07
7317.3, -2.9583e-07
7319.3, -2.9591e-07
7321.3, -2.9599e-07
7323.3, -2.9607e-07
7325.3, -2.9615e-07
7327.3, -2.9623e-07
7329.3, -2.9631e-07
7331.3, -2.964e-07
7333.3, -2.9648e-07
7335.3, -2.9656e-07
7337.3, -2.9664e-07
7339.3, -2.9671e-07
7341.3, -2.968e-07
7343.3, -2.9688e-07
7345.3, -2.9697e-07
7347.3, -2.9706e-07
7349.3, -2.9714e-07
7351.3, -2.9723e-07
7353.3, -2.9731e-07
7355.3, -2.9739e-07
7357.3, -2.9746e-07
7359.4, -2.9755e-07
7361.4, -2.9763e-07
7363.4, -2.9771e-07
7365.4, -2.978e-07
7367.4, -2.9788e-07
7369.4, -2.9796e-07
7371.4, -2.9805e-07
7373.4, -2.9813e-07
7375.4, -2.9822e-07
7377.4, -2.983e-07
7379.4, -2.9838e-07
7381.4, -2.9846e-07
7383.4, -2.9854e-07
7385.4, -2.9862e-07
7387.4, -2.9871e-07
7389.4, -2.9879e-07
7391.4, -2.9887e-07
7393.4, -2.9896e-07
7395.4, -2.9904e-07
7397.4, -2.9912e-07
7399.4, -2.992e-07
7401.4, -2.9927e-07
7403.4, -2.9935e-07
7405.4, -2.9944e-07
7407.4, -2.9952e-07
7409.4, -2.9959e-07
7411.4, -2.9967e-07
7413.4, -2.9975e-07
7415.4, -2.9983e-07
7417.4, -2.9991e-07
7419.4, -2.9998e-07
7421.4, -3.0006e-07
7423.4, -3.0014e-07
7425.4, -3.0021e-07
7427.4, -3.0029e-07
7429.4, -3.0037e-07
7431.4, -3.0044e-07
7433.4, -3.0052e-07
7435.4, -3.0059e-07
7437.4, -3.0067e-07
7439.4, -3.0075e-07
7441.4, -3.0083e-07
7443.4, -3.009e-07
7445.4, -3.0099e-07
7447.4, -3.0106e-07
7449.4, -3.0114e-07
7451.4, -3.0122e-07
7453.4, -3.0129e-07
7455.4, -3.0138e-07
7457.4, -3.0146e-07
7459.5, -3.0154e-07
7461.5, -3.0163e-07
7463.5, -3.0171e-07
7465.5, -3.0178e-07
7467.5, -3.0187e-07
7469.5, -3.0194e-07
7471.5, -3.0202e-07
7473.5, -3.021e-07
7475.5, -3.0218e-07
7477.5, -3.0227e-07
7479.5, -3.0235e-07
7481.5, -3.0244e-07
7483.5, -3.0252e-07
7485.5, -3.026e-07
7487.5, -3.0268e-07
7489.5, -3.0276e-07
7491.5, -3.0283e-07
7493.5, -3.029e-07
7495.5, -3.0298e-07
7497.5, -3.0305e-07
7499.5, -3.0312e-07
7501.5, -3.0319e-07
7503.5, -3.0327e-07
7505.5, -3.0334e-07
7507.5, -3.0343e-07
7509.5, -3.0351e-07
7511.5, -3.0359e-07
7513.5, -3.0367e-07
7515.5, -3.0376e-07
7517.5, -3.0384e-07
7519.5, -3.0393e-07
7521.5, -3.0401e-07
7523.5, -3.0409e-07
7525.5, -3.0418e-07
7527.5, -3.0426e-07
7529.5, -3.0434e-07
7531.5, -3.0442e-07
7533.5, -3.0449e-07
7535.5, -3.0458e-07
7537.5, -3.0467e-07
7539.5, -3.0476e-07
7541.5, -3.0484e-07
7543.5, -3.0492e-07
7545.5, -3.05e-07
7547.5, -3.0508e-07
7549.5, -3.0516e-07
7551.5, -3.0524e-07
7553.5, -3.0532e-07
7555.5, -3.054e-07
7557.5, -3.0547e-07
7559.6, -3.0556e-07
7561.6, -3.0564e-07
7563.6, -3.0572e-07
7565.6, -3.058e-07
7567.6, -3.0588e-07
7569.6, -3.0596e-07
7571.6, -3.0604e-07
7573.6, -3.0613e-07
7575.6, -3.0621e-07
7577.6, -3.0629e-07
7579.6, -3.0637e-07
7581.6, -3.0644e-07
7583.6, -3.0652e-07
7585.6, -3.066e-07
7587.6, -3.0669e-07
7589.6, -3.0678e-07
7591.6, -3.0686e-07
7593.6, -3.0694e-07
7595.6, -3.0702e-07
7597.6, -3.071e-07
7599.6, -3.0717e-07
7601.6, -3.0725e-07
7603.6, -3.0734e-07
7605.6, -3.0741e-07
7607.6, -3.0749e-07
7609.6, -3.0757e-07
7611.6, -3.0765e-07
7613.6, -3.0773e-07
7615.6, -3.0781e-07
7617.6, -3.079e-07
7619.6, -3.0797e-07
7621.6, -3.0805e-07
7623.6, -3.0814e-07
7625.6, -3.0822e-07
7627.6, -3.083e-07
7629.6, -3.0838e-07
7631.6, -3.0846e-07
7633.6, -3.0854e-07
7635.6, -3.0862e-07
7637.6, -3.087e-07
7639.6, -3.0878e-07
7641.6, -3.0886e-07
7643.6, -3.0894e-07
7645.6, -3.0902e-07
7647.6, -3.0911e-07
7649.6, -3.0919e-07
7651.6, -3.0928e-07
7653.6, -3.0936e-07
7655.6, -3.0944e-07
7657.6, -3.0954e-07
7659.7, -3.0963e-07
7661.7, -3.0972e-07
7663.7, -3.0981e-07
7665.7, -3.099e-07
7667.7, -3.0999e-07
7669.7, -3.1007e-07
7671.7, -3.1015e-07
7673.7, -3.1024e-07
7675.7, -3.1033e-07
7677.7, -3.1042e-07
7679.7, -3.105e-07
7681.7, -3.1058e-07
7683.7, -3.1067e-07
7685.7, -3.1075e-07
7687.7, -3.1083e-07
7689.7, -3.1092e-07
7691.7, -3.11e-07
7693.7, -3.1108e-07
7695.7, -3.1117e-07
7697.7, -3.1126e-07
7699.7, -3.1135e-07
7701.7, -3.1144e-07
7703.7, -3.1153e-07
7705.7, -3.1162e-07
7707.7, -3.117e-07
7709.7, -3.1179e-07
7711.7, -3.1188e-07
7713.7, -3.1197e-07
7715.7, -3.1205e-07
7717.7, -3.1214e-07
7719.7, -3.1223e-07
7721.7, -3.1231e-07
7723.7, -3.1241e-07
7725.7, -3.1249e-07
7727.7, -3.1258e-07
7729.7, -3.1267e-07
7731.7, -3.1276e-07
7733.7, -3.1284e-07
7735.7, -3.1293e-07
7737.7, -3.1302e-07
7739.7, -3.131e-07
7741.7, -3.1318e-07
7743.7, -3.1327e-07
7745.7, -3.1336e-07
7747.7, -3.1345e-07
7749.7, -3.1353e-07
7751.7, -3.1361e-07
7753.7, -3.1369e-07
7755.7, -3.1378e-07
7757.7, -3.1386e-07
7759.8, -3.1395e-07
7761.8, -3.1404e-07
7763.8, -3.1413e-07
7765.8, -3.1422e-07
7767.8, -3.143e-07
7769.8, -3.1439e-07
7771.8, -3.1447e-07
7773.8, -3.1456e-07
7775.8, -3.1464e-07
7777.8, -3.1473e-07
7779.8, -3.1481e-07
7781.8, -3.149e-07
7783.8, -3.1499e-07
7785.8, -3.1508e-07
7787.8, -3.1516e-07
7789.8, -3.1524e-07
7791.8, -3.1533e-07
7793.8, -3.1541e-07
7795.8, -3.155e-07
7797.8, -3.1558e-07
7799.8, -3.1567e-07
7801.8, -3.1575e-07
7803.8, -3.1584e-07
7805.8, -3.1593e-07
7807.8, -3.1602e-07
7809.8, -3.161e-07
7811.8, -3.1619e-07
7813.8, -3.1627e-07
7815.8, -3.1636e-07
7817.8, -3.1644e-07
7819.8, -3.1652e-07
7821.8, -3.166e-07
7823.8, -3.1668e-07
7825.8, -3.1677e-07
7827.8, -3.1685e-07
7829.8, -3.1694e-07
7831.8, -3.1702e-07
7833.8, -3.171e-07
7835.8, -3.1719e-07
7837.8, -3.1727e-07
7839.8, -3.1735e-07
7841.8, -3.1743e-07
7843.8, -3.1751e-07
7845.8, -3.1759e-07
7847.8, -3.1768e-07
7849.8, -3.1776e-07
7851.8, -3.1784e-07
7853.8, -3.1792e-07
7855.8, -3.1801e-07
7857.8, -3.1809e-07
7859.9, -3.1818e-07
7861.9, -3.1826e-07
7863.9, -3.1835e-07
7865.9, -3.1844e-07
7867.9, -3.1852e-07
7869.9, -3.186e-07
7871.9, -3.1869e-07
7873.9, -3.1878e-07
7875.9, -3.1887e-07
7877.9, -3.1895e-07
7879.9, -3.1902e-07
7881.9, -3.1911e-07
7883.9, -3.1919e-07
7885.9, -3.1927e-07
7887.9, -3.1935e-07
7889.9, -3.1944e-07
7891.9, -3.1952e-07
7893.9, -3.196e-07
7895.9, -3.1969e-07
7897.9, -3.1977e-07
7899.9, -3.1985e-07
7901.9, -3.1993e-07
7903.9, -3.2001e-07
7905.9, -3.2009e-07
7907.9, -3.2017e-07
7909.9, -3.2025e-07
7911.9, -3.2033e-07
7913.9, -3.2041e-07
7915.9, -3.205e-07
7917.9, -3.2059e-07
7919.9, -3.2067e-07
7921.9, -3.2075e-07
7923.9, -3.2084e-07
7925.9, -3.2093e-07
7927.9, -3.2102e-07
7929.9, -3.2111e-07
7931.9, -3.2119e-07
7933.9, -3.2127e-07
7935.9, -3.2135e-07
7937.9, -3.2143e-07
7939.9, -3.2152e-07
7941.9, -3.2159e-07
7943.9, -3.2168e-07
7945.9, -3.2176e-07
7947.9, -3.2184e-07
7949.9, -3.2192e-07
7951.9, -3.22e-07
7953.9, -3.2208e-07
7955.9, -3.2216e-07
7957.9, -3.2224e-07
7960.0, -3.2232e-07
7962.0, -3.2241e-07
7964.0, -3.2248e-07
7966.0, -3.2256e-07
7968.0, -3.2264e-07
7970.0, -3.2272e-07
7972.0, -3.2279e-07
7974.0, -3.2287e-07
7976.0, -3.2295e-07
7978.0, -3.2303e-07
7980.0, -3.2311e-07
7982.0, -3.2319e-07
7984.0, -3.2327e-07
7986.0, -3.2335e-07
7988.0, -3.2344e-07
7990.0, -3.2351e-07
7992.0, -3.236e-07
7994.0, -3.2368e-07
7996.0, -3.2376e-07
7998.0, -3.2384e-07
8000.0, -3.2392e-07
8002.0, -3.2401e-07
8004.0, -3.2409e-07
8006.0, -3.2417e-07
8008.0, -3.2426e-07
8010.0, -3.2434e-07
8012.0, -3.2443e-07
8014.0, -3.2451e-07
8016.0, -3.246e-07
8018.0, -3.2468e-07
8020.0, -3.2477e-07
8022.0, -3.2486e-07
8024.0, -3.2494e-07
8026.0, -3.2503e-07
8028.0, -3.2511e-07
8030.0, -3.252e-07
8032.0, -3.2528e-07
8034.0, -3.2537e-07
8036.0, -3.2546e-07
8038.0, -3.2554e-07
8040.0, -3.2562e-07
8042.0, -3.2571e-07
8044.0, -3.2579e-07
8046.0, -3.2587e-07
8048.0, -3.2596e-07
8050.0, -3.2604e-07
8052.0, -3.2613e-07
8054.0, -3.2622e-07
8056.0, -3.263e-07
8058.0, -3.2638e-07
8060.1, -3.2647e-07
8062.1, -3.2656e-07
8064.1, -3.2665e-07
8066.1, -3.2674e-07
8068.1, -3.2683e-07
8070.1, -3.2692e-07
8072.1, -3.27e-07
8074.1, -3.2709e-07
8076.1, -3.2718e-07
8078.1, -3.2727e-07
8080.1, -3.2735e-07
8082.1, -3.2744e-07
8084.1, -3.2753e-07
8086.1, -3.2762e-07
8088.1, -3.277e-07
8090.1, -3.2778e-07
8092.1, -3.2786e-07
8094.1, -3.2794e-07
8096.1, -3.2802e-07
8098.1, -3.2811e-07
8100.1, -3.282e-07
8102.1, -3.2828e-07
8104.1, -3.2837e-07
8106.1, -3.2846e-07
8108.1, -3.2854e-07
8110.1, -3.2862e-07
8112.1, -3.287e-07
8114.1, -3.2879e-07
8116.1, -3.2887e-07
8118.1, -3.2896e-07
8120.1, -3.2904e-07
8122.1, -3.2912e-07
8124.1, -3.292e-07
8126.1, -3.2928e-07
8128.1, -3.2937e-07
8130.1, -3.2945e-07
8132.1, -3.2953e-07
8134.1, -3.2961e-07
8136.1, -3.297e-07
8138.1, -3.2978e-07
8140.1, -3.2987e-07
8142.1, -3.2996e-07
8144.1, -3.3004e-07
8146.1, -3.3013e-07
8148.1, -3.3022e-07
8150.1, -3.3031e-07
8152.1, -3.304e-07
8154.1, -3.3048e-07
8156.1, -3.3056e-07
8158.1, -3.3065e-07
8160.2, -3.3074e-07
8162.2, -3.3082e-07
8164.2, -3.3091e-07
8166.2, -3.3099e-07
8168.2, -3.3107e-07
8170.2, -3.3116e-07
8172.2, -3.3124e-07
8174.2, -3.3132e-07
8176.2, -3.314e-07
8178.2, -3.3149e-07
8180.2, -3.3157e-07
8182.2, -3.3165e-07
8184.2, -3.3174e-07
8186.2, -3.3182e-07
8188.2, -3.3191e-07
8190.2, -3.3199e-07
8192.2, -3.3207e-07
8194.2, -3.3216e-07
8196.2, -3.3224e-07
8198.2, -3.3232e-07
8200.2, -3.3241e-07
8202.2, -3.325e-07
8204.2, -3.3258e-07
8206.2, -3.3266e-07
8208.2, -3.3275e-07
8210.2, -3.3283e-07
8212.2, -3.3292e-07
8214.2, -3.33e-07
8216.2, -3.3308e-07
8218.2, -3.3317e-07
8220.2, -3.3325e-07
8222.2, -3.3333e-07
8224.2, -3.3341e-07
8226.2, -3.3349e-07
8228.2, -3.3358e-07
8230.2, -3.3366e-07
8232.2, -3.3375e-07
8234.2, -3.3383e-07
8236.2, -3.3392e-07
8238.2, -3.34e-07
8240.2, -3.3408e-07
8242.2, -3.3416e-07
8244.2, -3.3424e-07
8246.2, -3.3432e-07
8248.2, -3.344e-07
8250.2, -3.3448e-07
8252.2, -3.3456e-07
8254.2, -3.3465e-07
8256.2, -3.3473e-07
8258.2, -3.3481e-07
8260.3, -3.3489e-07
8262.3, -3.3498e-07
8264.3, -3.3506e-07
8266.3, -3.3514e-07
8268.3, -3.3523e-07
8270.3, -3.3532e-07
8272.3, -3.3541e-07
8274.3, -3.3549e-07
8276.3, -3.3557e-07
8278.3, -3.3565e-07
8280.3, -3.3573e-07
8282.3, -3.3581e-07
8284.3, -3.359e-07
8286.3, -3.3598e-07
8288.3, -3.3607e-07
8290.3, -3.3615e-07
8292.3, -3.3623e-07
8294.3, -3.3632e-07
8296.3, -3.3641e-07
8298.3, -3.3649e-07
8300.3, -3.3657e-07
8302.3, -3.3666e-07
8304.3, -3.3674e-07
8306.3, -3.3683e-07
8308.3, -3.3692e-07
8310.3, -3.37e-07
8312.3, -3.3709e-07
8314.3, -3.3718e-07
8316.3, -3.3727e-07
8318.3, -3.3737e-07
8320.3, -3.3746e-07
8322.3, -3.3755e-07
8324.3, -3.3764e-07
8326.3, -3.3773e-07
8328.3, -3.3782e-07
8330.3, -3.3791e-07
8332.3, -3.38e-07
8334.3, -3.3809e-07
8336.3, -3.3818e-07
8338.3, -3.3827e-07
8340.3, -3.3835e-07
8342.3, -3.3844e-07
8344.3, -3.3853e-07
8346.3, -3.3861e-07
8348.3, -3.387e-07
8350.3, -3.3878e-07
8352.3, -3.3886e-07
8354.3, -3.3894e-07
8356.3, -3.3903e-07
8358.3, -3.3911e-07
8360.4, -3.3919e-07
8362.4, -3.3928e-07
8364.4, -3.3936e-07
8366.4, -3.3945e-07
8368.4, -3.3953e-07
8370.4, -3.3961e-07
8372.4, -3.397e-07
8374.4, -3.3979e-07
8376.4, -3.3988e-07
8378.4, -3.3996e-07
8380.4, -3.4004e-07
8382.4, -3.4012e-07
8384.4, -3.4021e-07
8386.4, -3.4029e-07
8388.4, -3.4038e-07
8390.4, -3.4046e-07
8392.4, -3.4055e-07
8394.4, -3.4064e-07
8396.4, -3.4073e-07
8398.4, -3.4082e-07
8400.4, -3.409e-07
8402.4, -3.4099e-07
8404.4, -3.4108e-07
8406.4, -3.4118e-07
8408.4, -3.4126e-07
8410.4, -3.4134e-07
8412.4, -3.4143e-07
8414.4, -3.4151e-07
8416.4, -3.416e-07
8418.4, -3.4168e-07
8420.4, -3.4177e-07
8422.4, -3.4185e-07
8424.4, -3.4194e-07
8426.4, -3.4203e-07
8428.4, -3.4212e-07
8430.4, -3.4221e-07
8432.4, -3.423e-07
8434.4, -3.4239e-07
8436.4, -3.4249e-07
8438.4, -3.4257e-07
8440.4, -3.4266e-07
8442.4, -3.4275e-07
8444.4, -3.4284e-07
8446.4, -3.4293e-07
8448.4, -3.4301e-07
8450.4, -3.431e-07
8452.4, -3.4319e-07
8454.4, -3.4328e-07
8456.4, -3.4337e-07
8458.4, -3.4346e-07
8460.5, -3.4354e-07
8462.5, -3.4363e-07
8464.5, -3.4372e-07
8466.5, -3.4381e-07
8468.5, -3.439e-07
8470.5, -3.4399e-07
8472.5, -3.4408e-07
8474.5, -3.4417e-07
8476.5, -3.4426e-07
8478.5, -3.4434e-07
8480.5, -3.4443e-07
8482.5, -3.4452e-07
8484.5, -3.446e-07
8486.5, -3.4468e-07
8488.5, -3.4476e-07
8490.5, -3.4484e-07
8492.5, -3.4491e-07
8494.5, -3.4499e-07
8496.5, -3.4508e-07
8498.5, -3.4516e-07
8500.5, -3.4524e-07
8502.5, -3.4533e-07
8504.5, -3.4541e-07
8506.5, -3.4549e-07
8508.5, -3.4558e-07
8510.5, -3.4566e-07
8512.5, -3.4575e-07
8514.5, -3.4584e-07
8516.5, -3.4592e-07
8518.5, -3.4601e-07
8520.5, -3.4609e-07
8522.5, -3.4617e-07
8524.5, -3.4626e-07
8526.5, -3.4634e-07
8528.5, -3.4643e-07
8530.5, -3.4651e-07
8532.5, -3.4659e-07
8534.5, -3.4667e-07
8536.5, -3.4675e-07
8538.5, -3.4684e-07
8540.5, -3.4692e-07
8542.5, -3.4701e-07
8544.5, -3.471e-07
8546.5, -3.4718e-07
8548.5, -3.4727e-07
8550.5, -3.4736e-07
8552.5, -3.4745e-07
8554.5, -3.4753e-07
8556.5, -3.4762e-07
8558.5, -3.4771e-07
8560.6, -3.478e-07
8562.6, -3.4789e-07
8564.6, -3.4798e-07
8566.6, -3.4807e-07
8568.6, -3.4816e-07
8570.6, -3.4825e-07
8572.6, -3.4834e-07
8574.6, -3.4842e-07
8576.6, -3.4851e-07
8578.6, -3.4859e-07
8580.6, -3.4867e-07
8582.6, -3.4876e-07
8584.6, -3.4885e-07
8586.6, -3.4893e-07
8588.6, -3.4901e-07
8590.6, -3.491e-07
8592.6, -3.4918e-07
8594.6, -3.4926e-07
8596.6, -3.4935e-07
8598.6, -3.4943e-07
8600.6, -3.4951e-07
8602.6, -3.4959e-07
8604.6, -3.4967e-07
8606.6, -3.4976e-07
8608.6, -3.4985e-07
8610.6, -3.4993e-07
8612.6, -3.5002e-07
8614.6, -3.5011e-07
8616.6, -3.502e-07
8618.6, -3.5028e-07
8620.6, -3.5038e-07
8622.6, -3.5047e-07
8624.6, -3.5055e-07
8626.6, -3.5064e-07
8628.6, -3.5072e-07
8630.6, -3.508e-07
8632.6, -3.5088e-07
8634.6, -3.5096e-07
8636.6, -3.5105e-07
8638.6, -3.5113e-07
8640.6, -3.5122e-07
8642.6, -3.5131e-07
8644.6, -3.5139e-07
8646.6, -3.5148e-07
8648.6, -3.5156e-07
8650.6, -3.5164e-07
8652.6, -3.5172e-07
8654.6, -3.518e-07
8656.6, -3.5188e-07
8658.6, -3.5196e-07
8660.7, -3.5204e-07
8662.7, -3.5212e-07
8664.7, -3.522e-07
8666.7, -3.5229e-07
8668.7, -3.5237e-07
8670.7, -3.5246e-07
8672.7, -3.5254e-07
8674.7, -3.5262e-07
8676.7, -3.527e-07
8678.7, -3.5279e-07
8680.7, -3.5288e-07
8682.7, -3.5297e-07
8684.7, -3.5305e-07
8686.7, -3.5314e-07
8688.7, -3.5322e-07
8690.7, -3.533e-07
8692.7, -3.5339e-07
8694.7, -3.5347e-07
8696.7, -3.5356e-07
8698.7, -3.5364e-07
8700.7, -3.5373e-07
8702.7, -3.5381e-07
8704.7, -3.539e-07
8706.7, -3.5398e-07
8708.7, -3.5407e-07
8710.7, -3.5415e-07
8712.7, -3.5424e-07
8714.7, -3.5432e-07
8716.7, -3.5441e-07
8718.7, -3.545e-07
8720.7, -3.5458e-07
8722.7, -3.5467e-07
8724.7, -3.5476e-07
8726.7, -3.5485e-07
8728.7, -3.5494e-07
8730.7, -3.5503e-07
8732.7, -3.5512e-07
8734.7, -3.552e-07
8736.7, -3.5529e-07
8738.7, -3.5538e-07
8740.7, -3.5547e-07
8742.7, -3.5556e-07
8744.7, -3.5564e-07
8746.7, -3.5573e-07
8748.7, -3.5582e-07
8750.7, -3.559e-07
8752.7, -3.5598e-07
8754.7, -3.5607e-07
8756.7, -3.5616e-07
8758.7, -3.5624e-07
8760.8, -3.5633e-07
8762.8, -3.5641e-07
8764.8, -3.5649e-07
8766.8, -3.5658e-07
8768.8, -3.5667e-07
8770.8, -3.5675e-07
8772.8, -3.5684e-07
8774.8, -3.5693e-07
8776.8, -3.5701e-07
8778.8, -3.571e-07
8780.8, -3.5718e-07
8782.8, -3.5727e-07
8784.8, -3.5735e-07
8786.8, -3.5743e-07
8788.8, -3.5752e-07
8790.8, -3.576e-07
8792.8, -3.5769e-07
8794.8, -3.5778e-07
8796.8, -3.5788e-07
8798.8, -3.5796e-07
8800.8, -3.5805e-07
8802.8, -3.5814e-07
8804.8, -3.5822e-07
8806.8, -3.5831e-07
8808.8, -3.584e-07
8810.8, -3.5849e-07
8812.8, -3.5858e-07
8814.8, -3.5867e-07
8816.8, -3.5876e-07
8818.8, -3.5885e-07
8820.8, -3.5893e-07
8822.8, -3.5902e-07
8824.8, -3.591e-07
8826.8, -3.5919e-07
8828.8, -3.5928e-07
8830.8, -3.5936e-07
8832.8, -3.5945e-07
8834.8, -3.5954e-07
8836.8, -3.5963e-07
8838.8, -3.5971e-07
8840.8, -3.5979e-07
8842.8, -3.5987e-07
8844.8, -3.5996e-07
8846.8, -3.6004e-07
8848.8, -3.6012e-07
8850.8, -3.602e-07
8852.8, -3.6029e-07
8854.8, -3.6037e-07
8856.8, -3.6046e-07
8858.8, -3.6054e-07
8860.9, -3.6062e-07
8862.9, -3.6071e-07
8864.9, -3.608e-07
8866.9, -3.6089e-07
8868.9, -3.6097e-07
8870.9, -3.6105e-07
8872.9, -3.6114e-07
8874.9, -3.6123e-07
8876.9, -3.6132e-07
8878.9, -3.6141e-07
8880.9, -3.615e-07
8882.9, -3.6158e-07
8884.9, -3.6166e-07
8886.9, -3.6174e-07
8888.9, -3.6182e-07
8890.9, -3.619e-07
8892.9, -3.6198e-07
8894.9, -3.6206e-07
8896.9, -3.6213e-07
8898.9, -3.6221e-07
8900.9, -3.6229e-07
8902.9, -3.6237e-07
8904.9, -3.6245e-07
8906.9, -3.6253e-07
8908.9, -3.6262e-07
8910.9, -3.627e-07
8912.9, -3.6277e-07
8914.9, -3.6286e-07
8916.9, -3.6294e-07
8918.9, -3.6302e-07
8920.9, -3.631e-07
8922.9, -3.6318e-07
8924.9, -3.6327e-07
8926.9, -3.6335e-07
8928.9, -3.6343e-07
8930.9, -3.6351e-07
8932.9, -3.6359e-07
8934.9, -3.6367e-07
8936.9, -3.6376e-07
8938.9, -3.6384e-07
8940.9, -3.6392e-07
8942.9, -3.64e-07
8944.9, -3.6408e-07
8946.9, -3.6416e-07
8948.9, -3.6423e-07
8950.9, -3.6431e-07
8952.9, -3.6439e-07
8954.9, -3.6447e-07
8956.9, -3.6455e-07
8958.9, -3.6462e-07
8961.0, -3.647e-07
8963.0, -3.6478e-07
8965.0, -3.6486e-07
8967.0, -3.6495e-07
8969.0, -3.6504e-07
8971.0, -3.6512e-07
8973.0, -3.6521e-07
8975.0, -3.6529e-07
8977.0, -3.6537e-07
8979.0, -3.6545e-07
8981.0, -3.6553e-07
8983.0, -3.6562e-07
8985.0, -3.6569e-07
8987.0, -3.6578e-07
8989.0, -3.6586e-07
8991.0, -3.6593e-07
8993.0, -3.6601e-07
8995.0, -3.661e-07
8997.0, -3.6618e-07
8999.0, -3.6626e-07
9001.0, -3.6635e-07
9003.0, -3.6644e-07
9005.0, -3.6652e-07
9007.0, -3.666e-07
9009.0, -3.6668e-07
9011.0, -3.6677e-07
9013.0, -3.6685e-07
9015.0, -3.6693e-07
9017.0, -3.6702e-07
9019.0, -3.671e-07
9021.0, -3.6719e-07
9023.0, -3.6726e-07
9025.0, -3.6735e-07
9027.0, -3.6743e-07
9029.0, -3.6751e-07
9031.0, -3.6759e-07
9033.0, -3.6767e-07
9035.0, -3.6775e-07
9037.0, -3.6783e-07
9039.0, -3.679e-07
9041.0, -3.6799e-07
9043.0, -3.6807e-07
9045.0, -3.6815e-07
9047.0, -3.6823e-07
9049.0, -3.6831e-07
9051.0, -3.6839e-07
9053.0, -3.6848e-07
9055.0, -3.6856e-07
9057.0, -3.6864e-07
9059.0, -3.6873e-07
9061.1, -3.6881e-07
9063.1, -3.689e-07
9065.1, -3.6898e-07
9067.1, -3.6907e-07
9069.1, -3.6916e-07
9071.1, -3.6925e-07
9073.1, -3.6933e-07
9075.1, -3.6943e-07
9077.1, -3.6951e-07
9079.1, -3.696e-07
9081.1, -3.6968e-07
9083.1, -3.6977e-07
9085.1, -3.6986e-07
9087.1, -3.6994e-07
9089.1, -3.7003e-07
9091.1, -3.7011e-07
9093.1, -3.702e-07
9095.1, -3.7029e-07
9097.1, -3.7038e-07
9099.1, -3.7046e-07
9101.1, -3.7054e-07
9103.1, -3.7062e-07
9105.1, -3.7071e-07
9107.1, -3.708e-07
9109.1, -3.7089e-07
9111.1, -3.7098e-07
9113.1, -3.7107e-07
9115.1, -3.7115e-07
9117.1, -3.7123e-07
9119.1, -3.7132e-07
9121.1, -3.7141e-07
9123.1, -3.7149e-07
9125.1, -3.7157e-07
9127.1, -3.7165e-07
9129.1, -3.7173e-07
9131.1, -3.7181e-07
9133.1, -3.719e-07
9135.1, -3.7198e-07
9137.1, -3.7206e-07
9139.1, -3.7214e-07
9141.1, -3.7222e-07
9143.1, -3.723e-07
9145.1, -3.7238e-07
9147.1, -3.7246e-07
9149.1, -3.7254e-07
9151.1, -3.7263e-07
9153.1, -3.7271e-07
9155.1, -3.728e-07
9157.1, -3.7288e-07
9159.1, -3.7297e-07
9161.2, -3.7306e-07
9163.2, -3.7315e-07
9165.2, -3.7323e-07
9167.2, -3.7332e-07
9169.2, -3.7341e-07
9171.2, -3.7349e-07
9173.2, -3.7357e-07
9175.2, -3.7365e-07
9177.2, -3.7373e-07
9179.2, -3.7382e-07
9181.2, -3.739e-07
9183.2, -3.7398e-07
9185.2, -3.7407e-07
9187.2, -3.7416e-07
9189.2, -3.7424e-07
9191.2, -3.7433e-07
9193.2, -3.7441e-07
9195.2, -3.745e-07
9197.2, -3.7459e-07
9199.2, -3.7468e-07
9201.2, -3.7476e-07
9203.2, -3.7485e-07
9205.2, -3.7493e-07
9207.2, -3.7502e-07
9209.2, -3.7509e-07
9211.2, -3.7518e-07
9213.2, -3.7526e-07
9215.2, -3.7534e-07
9217.2, -3.7542e-07
9219.2, -3.7551e-07
9221.2, -3.756e-07
9223.2, -3.7568e-07
9225.2, -3.7576e-07
9227.2, -3.7584e-07
9229.2, -3.7592e-07
9231.2, -3.76e-07
9233.2, -3.7607e-07
9235.2, -3.7616e-07
9237.2, -3.7624e-07
9239.2, -3.7631e-07
9241.2, -3.764e-07
9243.2, -3.7649e-07
9245.2, -3.7658e-07
9247.2, -3.7667e-07
9249.2, -3.7675e-07
9251.2, -3.7684e-07
9253.2, -3.7692e-07
9255.2, -3.7701e-07
9257.2, -3.7709e-07
9259.2, -3.7717e-07
9261.3, -3.7725e-07
9263.3, -3.7734e-07
9265.3, -3.7742e-07
9267.3, -3.775e-07
9269.3, -3.7757e-07
9271.3, -3.7765e-07
9273.3, -3.7773e-07
9275.3, -3.7781e-07
9277.3, -3.7789e-07
9279.3, -3.7797e-07
9281.3, -3.7805e-07
9283.3, -3.7812e-07
9285.3, -3.782e-07
9287.3, -3.7829e-07
9289.3, -3.7836e-07
9291.3, -3.7845e-07
9293.3, -3.7853e-07
9295.3, -3.7861e-07
9297.3, -3.787e-07
9299.3, -3.7879e-07
9301.3, -3.7888e-07
9303.3, -3.7896e-07
9305.3, -3.7905e-07
9307.3, -3.7913e-07
9309.3, -3.7922e-07
9311.3, -3.793e-07
9313.3, -3.7938e-07
9315.3, -3.7946e-07
9317.3, -3.7954e-07
9319.3, -3.7962e-07
9321.3, -3.797e-07
9323.3, -3.7979e-07
9325.3, -3.7987e-07
9327.3, -3.7995e-07
9329.3, -3.8004e-07
9331.3, -3.8012e-07
9333.3, -3.802e-07
9335.3, -3.8028e-07
9337.3, -3.8036e-07
9339.3, -3.8045e-07
9341.3, -3.8053e-07
9343.3, -3.8061e-07
9345.3, -3.8069e-07
9347.3, -3.8077e-07
9349.3, -3.8085e-07
9351.3, -3.8094e-07
9353.3, -3.8103e-07
9355.3, -3.8112e-07
9357.3, -3.812e-07
9359.3, -3.8128e-07
9361.4, -3.8137e-07
9363.4, -3.8145e-07
9365.4, -3.8153e-07
9367.4, -3.8161e-07
9369.4, -3.8169e-07
9371.4, -3.8177e-07
9373.4, -3.8185e-07
9375.4, -3.8194e-07
9377.4, -3.8202e-07
9379.4, -3.8211e-07
9381.4, -3.8219e-07
9383.4, -3.8227e-07
9385.4, -3.8235e-07
9387.4, -3.8243e-07
9389.4, -3.825e-07
9391.4, -3.8258e-07
9393.4, -3.8266e-07
9395.4, -3.8274e-07
9397.4, -3.8282e-07
9399.4, -3.829e-07
9401.4, -3.8298e-07
9403.4, -3.8306e-07
9405.4, -3.8314e-07
9407.4, -3.8322e-07
9409.4, -3.833e-07
9411.4, -3.8339e-07
9413.4, -3.8348e-07
9415.4, -3.8357e-07
9417.4, -3.8366e-07
9419.4, -3.8375e-07
9421.4, -3.8383e-07
9423.4, -3.8391e-07
9425.4, -3.84e-07
9427.4, -3.8407e-07
9429.4, -3.8415e-07
9431.4, -3.8423e-07
9433.4, -3.8432e-07
9435.4, -3.844e-07
9437.4, -3.8448e-07
9439.4, -3.8456e-07
9441.4, -3.8464e-07
9443.4, -3.8472e-07
9445.4, -3.8479e-07
9447.4, -3.8487e-07
9449.4, -3.8495e-07
9451.4, -3.8503e-07
9453.4, -3.8511e-07
9455.4, -3.8519e-07
9457.4, -3.8528e-07
9459.4, -3.8536e-07
9461.5, -3.8544e-07
9463.5, -3.8552e-07
9465.5, -3.856e-07
9467.5, -3.8567e-07
9469.5, -3.8574e-07
9471.5, -3.8581e-07
9473.5, -3.8589e-07
9475.5, -3.8596e-07
9477.5, -3.8604e-07
9479.5, -3.8612e-07
9481.5, -3.862e-07
9483.5, -3.8627e-07
9485.5, -3.8635e-07
9487.5, -3.8644e-07
9489.5, -3.8652e-07
9491.5, -3.8661e-07
9493.5, -3.8669e-07
9495.5, -3.8678e-07
9497.5, -3.8686e-07
9499.5, -3.8695e-07
9501.5, -3.8703e-07
9503.5, -3.8712e-07
9505.5, -3.8721e-07
9507.5, -3.8729e-07
9509.5, -3.8738e-07
9511.5, -3.8746e-07
9513.5, -3.8754e-07
9515.5, -3.8763e-07
9517.5, -3.8772e-07
9519.5, -3.878e-07
9521.5, -3.8788e-07
9523.5, -3.8796e-07
9525.5, -3.8805e-07
9527.5, -3.8813e-07
9529.5, -3.8821e-07
9531.5, -3.8829e-07
9533.5, -3.8837e-07
9535.5, -3.8845e-07
9537.5, -3.8853e-07
9539.5, -3.8861e-07
9541.5, -3.8868e-07
9543.5, -3.8876e-07
9545.5, -3.8884e-07
9547.5, -3.8892e-07
9549.5, -3.8901e-07
9551.5, -3.8909e-07
9553.5, -3.8917e-07
9555.5, -3.8925e-07
9557.5, -3.8932e-07
9559.5, -3.894e-07
9561.6, -3.8948e-07
9563.6, -3.8956e-07
9565.6, -3.8964e-07
9567.6, -3.8971e-07
9569.6, -3.8979e-07
9571.6, -3.8988e-07
9573.6, -3.8996e-07
9575.6, -3.9005e-07
9577.6, -3.9012e-07
9579.6, -3.9021e-07
9581.6, -3.9029e-07
9583.6, -3.9037e-07
9585.6, -3.9046e-07
9587.6, -3.9054e-07
9589.6, -3.9063e-07
9591.6, -3.9071e-07
9593.6, -3.9079e-07
9595.6, -3.9087e-07
9597.6, -3.9096e-07
9599.6, -3.9104e-07
9601.6, -3.9112e-07
9603.6, -3.9121e-07
9605.6, -3.9129e-07
9607.6, -3.9138e-07
9609.6, -3.9147e-07
9611.6, -3.9155e-07
9613.6, -3.9163e-07
9615.6, -3.9171e-07
9617.6, -3.918e-07
9619.6, -3.9188e-07
9621.6, -3.9196e-07
9623.6, -3.9205e-07
9625.6, -3.9213e-07
9627.6, -3.9222e-07
9629.6, -3.923e-07
9631.6, -3.9238e-07
9633.6, -3.9246e-07
9635.6, -3.9254e-07
9637.6, -3.9263e-07
9639.6, -3.9271e-07
9641.6, -3.9279e-07
9643.6, -3.9287e-07
9645.6, -3.9296e-07
9647.6, -3.9304e-07
9649.6, -3.9313e-07
9651.6, -3.9321e-07
9653.6, -3.933e-07
9655.6, -3.9339e-07
9657.6, -3.9348e-07
9659.6, -3.9356e-07
9661.7, -3.9364e-07
9663.7, -3.9372e-07
9665.7, -3.938e-07
9667.7, -3.9389e-07
9669.7, -3.9397e-07
9671.7, -3.9405e-07
9673.7, -3.9413e-07
9675.7, -3.9421e-07
9677.7, -3.943e-07
9679.7, -3.9438e-07
9681.7, -3.9446e-07
9683.7, -3.9455e-07
9685.7, -3.9463e-07
9687.7, -3.9471e-07
9689.7, -3.948e-07
9691.7, -3.9488e-07
9693.7, -3.9496e-07
9695.7, -3.9504e-07
9697.7, -3.9512e-07
9699.7, -3.952e-07
9701.7, -3.9528e-07
9703.7, -3.9537e-07
9705.7, -3.9546e-07
9707.7, -3.9555e-07
9709.7, -3.9563e-07
9711.7, -3.9572e-07
9713.7, -3.9579e-07
9715.7, -3.9588e-07
9717.7, -3.9596e-07
9719.7, -3.9605e-07
9721.7, -3.9613e-07
9723.7, -3.9622e-07
9725.7, -3.9631e-07
9727.7, -3.9639e-07
9729.7, -3.9647e-07
9731.7, -3.9655e-07
9733.7, -3.9663e-07
9735.7, -3.9671e-07
9737.7, -3.9679e-07
9739.7, -3.9687e-07
9741.7, -3.9694e-07
9743.7, -3.9702e-07
9745.7, -3.971e-07
9747.7, -3.9718e-07
9749.7, -3.9726e-07
9751.7, -3.9734e-07
9753.7, -3.9741e-07
9755.7, -3.9749e-07
9757.7, -3.9757e-07
9759.7, -3.9765e-07
9761.8, -3.9773e-07
9763.8, -3.9781e-07
9765.8, -3.9789e-07
9767.8, -3.9797e-07
9769.8, -3.9806e-07
9771.8, -3.9813e-07
9773.8, -3.9821e-07
9775.8, -3.9829e-07
9777.8, -3.9837e-07
9779.8, -3.9845e-07
9781.8, -3.9853e-07
9783.8, -3.986e-07
9785.8, -3.9869e-07
9787.8, -3.9877e-07
9789.8, -3.9886e-07
9791.8, -3.9894e-07
9793.8, -3.9902e-07
9795.8, -3.9911e-07
9797.8, -3.9919e-07
9799.8, -3.9928e-07
9801.8, -3.9936e-07
9803.8, -3.9944e-07
9805.8, -3.9953e-07
9807.8, -3.9961e-07
9809.8, -3.997e-07
9811.8, -3.9978e-07
9813.8, -3.9987e-07
9815.8, -3.9995e-07
9817.8, -4.0003e-07
9819.8, -4.0011e-07
9821.8, -4.002e-07
9823.8, -4.0029e-07
9825.8, -4.0037e-07
9827.8, -4.0046e-07
9829.8, -4.0054e-07
9831.8, -4.0062e-07
9833.8, -4.0071e-07
9835.8, -4.0079e-07
9837.8, -4.0088e-07
9839.8, -4.0096e-07
9841.8, -4.0104e-07
9843.8, -4.0113e-07
9845.8, -4.0122e-07
9847.8, -4.0131e-07
9849.8, -4.0139e-07
9851.8, -4.0148e-07
9853.8, -4.0157e-07
9855.8, -4.0166e-07
9857.8, -4.0175e-07
9859.8, -4.0184e-07
9861.9, -4.0192e-07
9863.9, -4.0201e-07
9865.9, -4.0209e-07
9867.9, -4.0217e-07
9869.9, -4.0226e-07
9871.9, -4.0234e-07
9873.9, -4.0243e-07
9875.9, -4.0251e-07
9877.9, -4.0259e-07
9879.9, -4.0267e-07
9881.9, -4.0275e-07
9883.9, -4.0284e-07
9885.9, -4.0292e-07
9887.9, -4.03e-07
9889.9, -4.0308e-07
9891.9, -4.0316e-07
9893.9, -4.0325e-07
9895.9, -4.0333e-07
9897.9, -4.0341e-07
9899.9, -4.0349e-07
9901.9, -4.0357e-07
9903.9, -4.0365e-07
9905.9, -4.0373e-07
9907.9, -4.0381e-07
9909.9, -4.0389e-07
9911.9, -4.0397e-07
9913.9, -4.0404e-07
9915.9, -4.0413e-07
9917.9, -4.0421e-07
9919.9, -4.0429e-07
9921.9, -4.0438e-07
9923.9, -4.0446e-07
9925.9, -4.0454e-07
9927.9, -4.0462e-07
9929.9, -4.0471e-07
9931.9, -4.0479e-07
9933.9, -4.0487e-07
9935.9, -4.0495e-07
9937.9, -4.0503e-07
9939.9, -4.0511e-07
9941.9, -4.0518e-07
9943.9, -4.0526e-07
9945.9, -4.0534e-07
9947.9, -4.0542e-07
9949.9, -4.055e-07
9951.9, -4.0557e-07
9953.9, -4.0566e-07
9955.9, -4.0574e-07
9957.9, -4.0581e-07
9959.9, -4.0589e-07
9962.0, -4.0596e-07
9964.0, -4.0604e-07
9966.0, -4.0612e-07
9968.0, -4.062e-07
9970.0, -4.0628e-07
9972.0, -4.0637e-07
9974.0, -4.0645e-07
9976.0, -4.0654e-07
9978.0, -4.0662e-07
9980.0, -4.0671e-07
9982.0, -4.0679e-07
9984.0, -4.0687e-07
9986.0, -4.0695e-07
9988.0, -4.0704e-07
9990.0, -4.0711e-07
9992.0, -4.072e-07
9994.0, -4.0728e-07
9996.0, -4.0735e-07
9998.0, -4.0743e-07
10000.0, -4.0751e-07
10002.0, -4.0758e-07
10004.0, -4.0766e-07
10006.0, -4.0773e-07
10008.0, -4.0781e-07
10010.0, -4.0788e-07
10012.0, -4.0796e-07
10014.0, -4.0804e-07
10016.0, -4.0812e-07
10018.0, -4.082e-07
10020.0, -4.0828e-07
10022.0, -4.0836e-07
10024.0, -4.0844e-07
10026.0, -4.0852e-07
10028.0, -4.0861e-07
10030.0, -4.0869e-07
10032.0, -4.0877e-07
10034.0, -4.0886e-07
10036.0, -4.0894e-07
10038.0, -4.0903e-07
10040.0, -4.0911e-07
10042.0, -4.0919e-07
10044.0, -4.0927e-07
10046.0, -4.0935e-07
10048.0, -4.0943e-07
10050.0, -4.0952e-07
10052.0, -4.096e-07
10054.0, -4.0968e-07
10056.0, -4.0976e-07
10058.0, -4.0984e-07
10060.0, -4.0992e-07
10062.0, -4.1e-07
10064.0, -4.1009e-07
10066.0, -4.1017e-07
10068.0, -4.1025e-07
10070.0, -4.1034e-07
10072.0, -4.1042e-07
10074.0, -4.1051e-07
10076.0, -4.1059e-07
10078.0, -4.1068e-07
10080.0, -4.1076e-07
10082.0, -4.1085e-07
10084.0, -4.1093e-07
10086.0, -4.1101e-07
10088.0, -4.1109e-07
10090.0, -4.1117e-07
10092.0, -4.1125e-07
10094.0, -4.1133e-07
10096.0, -4.1141e-07
10098.0, -4.1149e-07
10100.0, -4.1157e-07
10102.0, -4.1165e-07
10104.0, -4.1174e-07
10106.0, -4.1182e-07
10108.0, -4.119e-07
10110.0, -4.1198e-07
10112.0, -4.1206e-07
10114.0, -4.1214e-07
10116.0, -4.1222e-07
10118.0, -4.123e-07
10120.0, -4.1238e-07
10122.0, -4.1245e-07
10124.0, -4.1253e-07
10126.0, -4.1261e-07
10128.0, -4.1269e-07
10130.0, -4.1277e-07
10132.0, -4.1285e-07
10134.0, -4.1292e-07
10136.0, -4.1301e-07
10138.0, -4.131e-07
10140.0, -4.1318e-07
10142.0, -4.1326e-07
10144.0, -4.1334e-07
10146.0, -4.1342e-07
10148.0, -4.1351e-07
10150.0, -4.1359e-07
10152.0, -4.1366e-07
10154.0, -4.1375e-07
10156.0, -4.1383e-07
10158.0, -4.1391e-07
10160.0, -4.1399e-07
10162.0, -4.1407e-07
10164.0, -4.1415e-07
10166.0, -4.1423e-07
10168.0, -4.1431e-07
10170.0, -4.144e-07
10172.0, -4.1448e-07
10174.0, -4.1457e-07
10176.0, -4.1465e-07
10178.0, -4.1473e-07
10180.0, -4.1482e-07
10182.0, -4.149e-07
10184.0, -4.1497e-07
10186.0, -4.1505e-07
10188.0, -4.1514e-07
10190.0, -4.1522e-07
10192.0, -4.1529e-07
10194.0, -4.1538e-07
10196.0, -4.1546e-07
10198.0, -4.1553e-07
10200.0, -4.1561e-07
10202.0, -4.1568e-07
10204.0, -4.1575e-07
10206.0, -4.1583e-07
10208.0, -4.1591e-07
10210.0, -4.1598e-07
10212.0, -4.1606e-07
10214.0, -4.1613e-07
10216.0, -4.1621e-07
10218.0, -4.1629e-07
10220.0, -4.1637e-07
10222.0, -4.1644e-07
10224.0, -4.1652e-07
10226.0, -4.166e-07
10228.0, -4.1668e-07
10230.0, -4.1675e-07
10232.0, -4.1682e-07
10234.0, -4.169e-07
10236.0, -4.1697e-07
10238.0, -4.1704e-07
10240.0, -4.1711e-07
10242.0, -4.1718e-07
10244.0, -4.1725e-07
10246.0, -4.1732e-07
10248.0, -4.174e-07
10250.0, -4.1747e-07
10252.0, -4.1754e-07
10254.0, -4.1762e-07
10256.0, -4.177e-07
10258.0, -4.1778e-07
10260.0, -4.1786e-07
10262.0, -4.1795e-07
10264.0, -4.1803e-07
10266.0, -4.181e-07
10268.0, -4.1818e-07
10270.0, -4.1827e-07
10272.0, -4.1835e-07
10274.0, -4.1843e-07
10276.0, -4.1851e-07
10278.0, -4.1859e-07
10280.0, -4.1867e-07
10282.0, -4.1876e-07
10284.0, -4.1884e-07
10286.0, -4.1893e-07
10288.0, -4.1902e-07
10290.0, -4.1911e-07
10292.0, -4.1919e-07
10294.0, -4.1928e-07
10296.0, -4.1936e-07
10298.0, -4.1945e-07
10300.0, -4.1953e-07
10302.0, -4.1961e-07
10304.0, -4.1969e-07
10306.0, -4.1977e-07
10308.0, -4.1985e-07
10310.0, -4.1993e-07
10312.0, -4.2001e-07
10314.0, -4.2009e-07
10316.0, -4.2017e-07
10318.0, -4.2025e-07
10320.0, -4.2033e-07
10322.0, -4.2041e-07
10324.0, -4.205e-07
10326.0, -4.2058e-07
10328.0, -4.2066e-07
10330.0, -4.2074e-07
10332.0, -4.2083e-07
10334.0, -4.2091e-07
10336.0, -4.21e-07
10338.0, -4.2109e-07
10340.0, -4.2119e-07
10342.0, -4.2128e-07
10344.0, -4.2137e-07
10346.0, -4.2145e-07
10348.0, -4.2154e-07
10350.0, -4.2163e-07
10352.0, -4.2172e-07
10354.0, -4.2181e-07
10356.0, -4.219e-07
10358.0, -4.2199e-07
10360.0, -4.2207e-07
10362.0, -4.2216e-07
10364.0, -4.2225e-07
10366.0, -4.2234e-07
10368.0, -4.2242e-07
10370.0, -4.225e-07
10372.0, -4.2258e-07
10374.0, -4.2268e-07
10376.0, -4.2276e-07
10378.0, -4.2285e-07
10380.0, -4.2293e-07
10382.0, -4.2302e-07
10384.0, -4.231e-07
10386.0, -4.2319e-07
10388.0, -4.2327e-07
10390.0, -4.2334e-07
10392.0, -4.2342e-07
10394.0, -4.2351e-07
10396.0, -4.2359e-07
10398.0, -4.2368e-07
10400.0, -4.2375e-07
10402.0, -4.2383e-07
10404.0, -4.2391e-07
10406.0, -4.2399e-07
10408.0, -4.2407e-07
10410.0, -4.2416e-07
10412.0, -4.2424e-07
10414.0, -4.2433e-07
10416.0, -4.2442e-07
10418.0, -4.245e-07
10420.0, -4.2458e-07
10422.0, -4.2467e-07
10424.0, -4.2475e-07
10426.0, -4.2484e-07
10428.0, -4.2492e-07
10430.0, -4.25e-07
10432.0, -4.2509e-07
10434.0, -4.2517e-07
10436.0, -4.2525e-07
10438.0, -4.2532e-07
10440.0, -4.254e-07
10442.0, -4.2548e-07
10444.0, -4.2557e-07
10446.0, -4.2565e-07
10448.0, -4.2573e-07
10450.0, -4.2581e-07
10452.0, -4.2588e-07
10454.0, -4.2597e-07
10456.0, -4.2605e-07
10458.0, -4.2612e-07
10460.0, -4.262e-07
10462.0, -4.2629e-07
10464.0, -4.2637e-07
10466.0, -4.2645e-07
10468.0, -4.2653e-07
10470.0, -4.2661e-07
10472.0, -4.2669e-07
10474.0, -4.2677e-07
10476.0, -4.2686e-07
10478.0, -4.2694e-07
10480.0, -4.2702e-07
10482.0, -4.2711e-07
10484.0, -4.2719e-07
10486.0, -4.2726e-07
10488.0, -4.2734e-07
10490.0, -4.2742e-07
10492.0, -4.275e-07
10494.0, -4.2759e-07
10496.0, -4.2766e-07
10498.0, -4.2774e-07
10500.0, -4.2782e-07
10502.0, -4.279e-07
10504.0, -4.2798e-07
10506.0, -4.2806e-07
10508.0, -4.2814e-07
10510.0, -4.2821e-07
10513.0, -4.2829e-07
10515.0, -4.2836e-07
10517.0, -4.2844e-07
10519.0, -4.2852e-07
10521.0, -4.2859e-07
10523.0, -4.2867e-07
10525.0, -4.2875e-07
10527.0, -4.2882e-07
10529.0, -4.289e-07
10531.0, -4.2897e-07
10533.0, -4.2905e-07
10535.0, -4.2912e-07
10537.0, -4.292e-07
10539.0, -4.2927e-07
10541.0, -4.2935e-07
10543.0, -4.2943e-07
10545.0, -4.2951e-07
10547.0, -4.2959e-07
10549.0, -4.2967e-07
10551.0, -4.2975e-07
10553.0, -4.2983e-07
10555.0, -4.299e-07
10557.0, -4.2998e-07
10559.0, -4.3006e-07
10561.0, -4.3014e-07
10563.0, -4.3022e-07
10565.0, -4.3029e-07
10567.0, -4.3037e-07
10569.0, -4.3045e-07
10571.0, -4.3053e-07
10573.0, -4.306e-07
10575.0, -4.3068e-07
10577.0, -4.3076e-07
10579.0, -4.3084e-07
10581.0, -4.3092e-07
10583.0, -4.31e-07
10585.0, -4.3107e-07
10587.0, -4.3115e-07
10589.0, -4.3122e-07
10591.0, -4.3129e-07
10593.0, -4.3136e-07
10595.0, -4.3143e-07
10597.0, -4.315e-07
10599.0, -4.3158e-07
10601.0, -4.3166e-07
10603.0, -4.3173e-07
10605.0, -4.3181e-07
10607.0, -4.3189e-07
10609.0, -4.3197e-07
10611.0, -4.3204e-07
10613.0, -4.3212e-07
10615.0, -4.322e-07
10617.0, -4.3228e-07
10619.0, -4.3236e-07
10621.0, -4.3244e-07
10623.0, -4.3252e-07
10625.0, -4.326e-07
10627.0, -4.3269e-07
10629.0, -4.3278e-07
10631.0, -4.3286e-07
10633.0, -4.3294e-07
10635.0, -4.3302e-07
10637.0, -4.331e-07
10639.0, -4.3318e-07
10641.0, -4.3326e-07
10643.0, -4.3333e-07
10645.0, -4.3342e-07
10647.0, -4.335e-07
10649.0, -4.3357e-07
10651.0, -4.3365e-07
10653.0, -4.3373e-07
10655.0, -4.3381e-07
10657.0, -4.3388e-07
10659.0, -4.3396e-07
10661.0, -4.3404e-07
10663.0, -4.3411e-07
10665.0, -4.3419e-07
10667.0, -4.3427e-07
10669.0, -4.3435e-07
10671.0, -4.3443e-07
10673.0, -4.3452e-07
10675.0, -4.346e-07
10677.0, -4.3467e-07
10679.0, -4.3475e-07
10681.0, -4.3484e-07
10683.0, -4.3491e-07
10685.0, -4.3499e-07
10687.0, -4.3507e-07
10689.0, -4.3514e-07
10691.0, -4.3522e-07
10693.0, -4.353e-07
10695.0, -4.3537e-07
10697.0, -4.3545e-07
10699.0, -4.3553e-07
10701.0, -4.3561e-07
10703.0, -4.3569e-07
10705.0, -4.3576e-07
10707.0, -4.3584e-07
10709.0, -4.3592e-07
10711.0, -4.36e-07
10713.0, -4.3608e-07
10715.0, -4.3616e-07
10717.0, -4.3624e-07
10719.0, -4.3633e-07
10721.0, -4.3642e-07
10723.0, -4.3649e-07
10725.0, -4.3657e-07
10727.0, -4.3665e-07
10729.0, -4.3672e-07
10731.0, -4.3679e-07
10733.0, -4.3687e-07
10735.0, -4.3695e-07
10737.0, -4.3702e-07
10739.0, -4.371e-07
10741.0, -4.3718e-07
10743.0, -4.3727e-07
10745.0, -4.3735e-07
10747.0, -4.3742e-07
10749.0, -4.3751e-07
10751.0, -4.3758e-07
10753.0, -4.3766e-07
10755.0, -4.3774e-07
10757.0, -4.3782e-07
10759.0, -4.379e-07
10761.0, -4.3798e-07
10763.0, -4.3806e-07
10765.0, -4.3814e-07
10767.0, -4.3821e-07
10769.0, -4.3829e-07
10771.0, -4.3837e-07
10773.0, -4.3845e-07
10775.0, -4.3853e-07
10777.0, -4.3861e-07
10779.0, -4.3869e-07
10781.0, -4.3877e-07
10783.0, -4.3885e-07
10785.0, -4.3894e-07
10787.0, -4.3903e-07
10789.0, -4.391e-07
10791.0, -4.3918e-07
10793.0, -4.3926e-07
10795.0, -4.3934e-07
10797.0, -4.3942e-07
10799.0, -4.395e-07
10801.0, -4.3957e-07
10803.0, -4.3965e-07
10805.0, -4.3973e-07
10807.0, -4.3981e-07
10809.0, -4.3989e-07
10811.0, -4.3997e-07
10813.0, -4.4006e-07
10815.0, -4.4014e-07
10817.0, -4.4022e-07
10819.0, -4.403e-07
10821.0, -4.4038e-07
10823.0, -4.4046e-07
10825.0, -4.4054e-07
10827.0, -4.4063e-07
10829.0, -4.4071e-07
10831.0, -4.4079e-07
10833.0, -4.4087e-07
10835.0, -4.4095e-07
10837.0, -4.4103e-07
10839.0, -4.4111e-07
10841.0, -4.412e-07
10843.0, -4.4128e-07
10845.0, -4.4136e-07
10847.0, -4.4145e-07
10849.0, -4.4154e-07
10851.0, -4.4162e-07
10853.0, -4.4171e-07
10855.0, -4.4179e-07
10857.0, -4.4188e-07
10859.0, -4.4196e-07
10861.0, -4.4204e-07
10863.0, -4.4212e-07
10865.0, -4.422e-07
10867.0, -4.4228e-07
10869.0, -4.4236e-07
10871.0, -4.4244e-07
10873.0, -4.4253e-07
10875.0, -4.4261e-07
10877.0, -4.427e-07
10879.0, -4.4278e-07
10881.0, -4.4286e-07
10883.0, -4.4294e-07
10885.0, -4.4302e-07
10887.0, -4.4311e-07
10889.0, -4.4319e-07
10891.0, -4.4328e-07
10893.0, -4.4336e-07
10895.0, -4.4344e-07
10897.0, -4.4353e-07
10899.0, -4.4361e-07
10901.0, -4.437e-07
10903.0, -4.4378e-07
10905.0, -4.4386e-07
10907.0, -4.4395e-07
10909.0, -4.4404e-07
10911.0, -4.4412e-07
10913.0, -4.442e-07
10915.0, -4.4429e-07
10917.0, -4.4438e-07
10919.0, -4.4446e-07
10921.0, -4.4454e-07
10923.0, -4.4463e-07
10925.0, -4.4472e-07
10927.0, -4.448e-07
10929.0, -4.4488e-07
10931.0, -4.4497e-07
10933.0, -4.4505e-07
10935.0, -4.4514e-07
10937.0, -4.4522e-07
10939.0, -4.4531e-07
10941.0, -4.4539e-07
10943.0, -4.4547e-07
10945.0, -4.4555e-07
10947.0, -4.4563e-07
10949.0, -4.4572e-07
10951.0, -4.458e-07
10953.0, -4.4588e-07
10955.0, -4.4597e-07
10957.0, -4.4605e-07
10959.0, -4.4614e-07
10961.0, -4.4623e-07
10963.0, -4.4631e-07
10965.0, -4.464e-07
10967.0, -4.4648e-07
10969.0, -4.4656e-07
10971.0, -4.4664e-07
10973.0, -4.4672e-07
10975.0, -4.468e-07
10977.0, -4.4687e-07
10979.0, -4.4695e-07
10981.0, -4.4703e-07
10983.0, -4.4711e-07
10985.0, -4.4719e-07
10987.0, -4.4728e-07
10989.0, -4.4736e-07
10991.0, -4.4744e-07
10993.0, -4.4752e-07
10995.0, -4.476e-07
10997.0, -4.4768e-07
10999.0, -4.4776e-07
11001.0, -4.4784e-07
11003.0, -4.4791e-07
11005.0, -4.48e-07
11007.0, -4.4807e-07
11009.0, -4.4815e-07
